sysTime,Action,ChannelUsed,TransJob,CPU,JobFaultProb,RunningJob,ActionQos
140,7,-3.552713678800501e-15,0,0.04375,0.4,1,0.0
260,7,-3.552713678800501e-15,0,0.04375,1,1,7.9970349231868925
380,7,-3.552713678800501e-15,0,0.04375,1,1,7.9970349231868925
510,7,-3.552713678800501e-15,0,0.04375,1,1,7.9970349231868925
630,7,-3.552713678800501e-15,0,0.04375,0.4,1,7.9970349231868925
750,7,11.119621066822397,1,0.04375,0.16,1,7.9970349231868925
880,7,-3.552713678800501e-15,0,0.04375,0.16,1,7.9970349231868925
1000,7,11.119621066822397,1,0.04375,0.16,1,7.9970349231868925
1120,7,-3.552713678800501e-15,0,0.04375,0.16,1,7.9970349231868925
1240,7,-3.552713678800501e-15,0,0.04375,0.16,1,7.9970349231868925
1370,7,-3.552713678800501e-15,0,0.04375,0.16,1,7.9970349231868925
1490,7,-3.552713678800501e-15,0,0.04375,0.16,1,7.9970349231868925
1610,7,-3.552713678800501e-15,0,0.04375,0.4,1,7.9970349231868925
1740,7,-3.552713678800501e-15,0,0.04375,0.4,1,7.9970349231868925
1860,7,-3.552713678800501e-15,0,0.04375,0.4,1,7.9970349231868925
1980,7,-3.552713678800501e-15,0,0.04375,0.4,1,7.9970349231868925
2110,7,-3.552713678800501e-15,0,0.04375,0.4,1,7.9970349231868925
2230,7,-3.552713678800501e-15,0,0.04375,0.4,1,7.9970349231868925
2350,7,11.119621066822397,1,0.04375,0.4,1,7.9970349231868925
2470,7,-3.552713678800501e-15,0,0.04375,0.4,1,7.9970349231868925
2600,7,11.119621066822397,1,0.04375,0.4,1,7.9970349231868925
2720,7,-3.552713678800501e-15,0,0.04375,0.4,1,7.9970349231868925
2840,7,-3.552713678800501e-15,0,0.04375,0.4,1,7.9970349231868925
2970,7,-3.552713678800501e-15,0,0.04375,0.4,1,7.9970349231868925
3090,7,-3.552713678800501e-15,0,0.04375,0.4,1,7.9970349231868925
3210,7,-3.552713678800501e-15,0,0.04375,0.4,1,7.9970349231868925
3340,7,-3.552713678800501e-15,0,0.04375,0.64,1,7.9970349231868925
3460,7,-3.552713678800501e-15,0,0.04375,0.64,1,7.9970349231868925
3580,7,-3.552713678800501e-15,0,0.04375,0.64,1,7.9970349231868925
3700,7,11.119621066822397,1,0.04375,1,1,7.9970349231868925
3830,7,-3.552713678800501e-15,0,0.04375,1,1,7.9970349231868925
3950,7,11.119621066822397,1,0.04375,0.08,1,7.9970349231868925
4070,7,-3.552713678800501e-15,0,0.04375,0.08,1,7.9970349231868925
4200,7,11.119621066822397,1,0.04375,0.08,1,7.9970349231868925
4320,7,-3.552713678800501e-15,0,0.04375,0.08,1,7.9970349231868925
4440,7,-3.552713678800501e-15,0,0.04375,0.72,1,7.9970349231868925
4560,7,-3.552713678800501e-15,0,0.04375,0.96,1,7.9970349231868925
4690,7,-3.552713678800501e-15,0,0.04375,0.96,1,7.9970349231868925
4810,7,-3.552713678800501e-15,0,0.04375,1,1,7.9970349231868925
4930,7,-3.552713678800501e-15,0,0.04375,1,1,7.9970349231868925
5060,7,-3.552713678800501e-15,0,0.04375,1,1,7.9970349231868925
5180,7,-3.552713678800501e-15,0,0.04375,0.72,1,7.9970349231868925
5300,7,11.119621066822397,1,0.04375,0.96,1,7.9970349231868925
5430,7,-3.552713678800501e-15,0,0.04375,0.96,1,7.9970349231868925
5550,7,11.119621066822397,1,0.04375,0.96,1,7.9970349231868925
5670,7,-3.552713678800501e-15,0,0.04375,0.96,1,7.9970349231868925
5790,7,-3.552713678800501e-15,0,0.04375,0.96,1,7.9970349231868925
5920,7,-3.552713678800501e-15,0,0.04375,0.96,1,7.9970349231868925
6040,7,-3.552713678800501e-15,0,0.04375,0.96,1,7.9970349231868925
6160,7,-3.552713678800501e-15,0,0.04375,0.96,1,7.9970349231868925
6290,7,-3.552713678800501e-15,0,0.04375,0.96,1,7.9970349231868925
6410,7,-3.552713678800501e-15,0,0.04375,1,1,7.9970349231868925
6530,7,-3.552713678800501e-15,0,0.04375,1,1,7.9970349231868925
6660,7,-3.552713678800501e-15,0,0.04375,1,1,7.9970349231868925
6780,7,-3.552713678800501e-15,0,0.04375,1,1,7.9970349231868925
6900,7,11.119621066822397,1,0.04375,1,1,7.9970349231868925
7020,7,-3.552713678800501e-15,0,0.04375,1,1,7.9970349231868925
7150,7,11.119621066822397,1,0.04375,1,1,7.9970349231868925
7270,7,-3.552713678800501e-15,0,0.04375,1,1,7.9970349231868925
7390,7,-3.552713678800501e-15,0,0.04375,1,1,7.9970349231868925
7520,7,-3.552713678800501e-15,0,0.04375,1,1,7.9970349231868925
7640,7,-3.552713678800501e-15,0,0.04375,1,1,7.9970349231868925
7760,7,-3.552713678800501e-15,0,0.04375,1,1,7.9970349231868925
7890,7,-3.552713678800501e-15,0,0.04375,1,1,7.9970349231868925
8010,7,-3.552713678800501e-15,0,0.04375,1,1,7.9970349231868925
8130,7,-3.552713678800501e-15,0,0.04375,0.88,1,7.9970349231868925
8250,7,11.119621066822397,1,0.04375,0.24,1,7.9970349231868925
8380,7,-3.552713678800501e-15,0,0.04375,0.24,1,7.9970349231868925
8500,7,11.119621066822397,1,0.04375,0.24,1,7.9970349231868925
8620,7,-3.552713678800501e-15,0,0.04375,0.24,1,7.9970349231868925
8750,7,11.119621066822397,1,0.04375,0.24,1,7.9970349231868925
8870,7,-3.552713678800501e-15,0,0.04375,0.24,1,7.9970349231868925
8990,7,-3.552713678800501e-15,0,0.04375,0.24,1,7.9970349231868925
9110,7,-3.552713678800501e-15,0,0.04375,0.24,1,7.9970349231868925
9240,7,-3.552713678800501e-15,0,0.04375,0.24,1,7.9970349231868925
9360,7,-3.552713678800501e-15,0,0.04375,0.24,1,7.9970349231868925
9480,7,-3.552713678800501e-15,0,0.04375,0.88,1,7.9970349231868925
9610,7,-3.552713678800501e-15,0,0.04375,1,1,7.9970349231868925
9730,7,-3.552713678800501e-15,0,0.04375,1,1,7.9970349231868925
9850,7,11.119621066822397,1,0.04375,1,1,7.9970349231868925
9980,7,-3.552713678800501e-15,0,0.04375,0.24,1,7.9970349231868925
10100,7,11.119621066822397,1,0.04375,1,1,7.9970349231868925
10220,7,-3.552713678800501e-15,0,0.04375,1,1,7.9970349231868925
10340,7,-3.552713678800501e-15,0,0.04375,1,1,7.9970349231868925
10470,7,-3.552713678800501e-15,0,0.04375,1,1,7.9970349231868925
10590,7,-3.552713678800501e-15,0,0.04375,1,1,7.9970349231868925
10710,7,-3.552713678800501e-15,0,0.04375,1,1,7.9970349231868925
10840,7,-3.552713678800501e-15,0,0.04375,1,1,7.9970349231868925
10960,7,-3.552713678800501e-15,0,0.04375,1,1,7.9970349231868925
11080,7,-3.552713678800501e-15,0,0.04375,0.72,1,7.9970349231868925
11210,7,-3.552713678800501e-15,0,0.04375,0.8,1,7.9970349231868925
11330,7,-3.552713678800501e-15,0,0.04375,0.8,1,7.9970349231868925
11450,7,11.119621066822397,1,0.04375,0.8,1,7.9970349231868925
11570,7,-3.552713678800501e-15,0,0.04375,0.8,1,7.9970349231868925
11700,7,11.119621066822397,1,0.04375,1,1,7.9970349231868925
11820,7,-3.552713678800501e-15,0,0.04375,1,1,7.9970349231868925
11940,7,-3.552713678800501e-15,0,0.04375,1,1,7.9970349231868925
12070,7,-3.552713678800501e-15,0,0.04375,1,1,7.9970349231868925
12190,7,-3.552713678800501e-15,0,0.04375,1,1,7.9970349231868925
12310,7,-3.552713678800501e-15,0,0.04375,1,1,7.9970349231868925
12430,7,-3.552713678800501e-15,0,0.04375,0.72,1,7.9970349231868925
12560,7,-3.552713678800501e-15,0,0.04375,1,1,7.9970349231868925
12680,7,-3.552713678800501e-15,0,0.04375,1,1,7.9970349231868925
12800,7,11.119621066822397,1,0.04375,1,1,7.9970349231868925
12930,7,-3.552713678800501e-15,0,0.04375,1,1,7.9970349231868925
13050,7,11.119621066822397,1,0.04375,1,1,7.9970349231868925
13170,7,-3.552713678800501e-15,0,0.04375,1,1,7.9970349231868925
13300,7,11.119621066822397,1,0.04375,1,1,7.9970349231868925
13420,7,-3.552713678800501e-15,0,0.04375,1,1,7.9970349231868925
13540,7,-3.552713678800501e-15,0,0.04375,1,1,7.9970349231868925
13660,7,-3.552713678800501e-15,0,0.04375,1,1,7.9970349231868925
13790,7,-3.552713678800501e-15,0,0.04375,1,1,7.9970349231868925
13910,7,-3.552713678800501e-15,0,0.04375,0.8,1,7.9970349231868925
14030,7,-3.552713678800501e-15,0,0.04375,0.8,1,7.9970349231868925
14160,7,-3.552713678800501e-15,0,0.04375,0.8,1,7.9970349231868925
14280,7,-3.552713678800501e-15,0,0.04375,0.8,1,7.9970349231868925
14400,7,11.119621066822397,1,0.04375,1,1,7.9970349231868925
14530,7,-3.552713678800501e-15,0,0.04375,1,1,7.9970349231868925
14650,7,11.119621066822397,1,0.04375,1,1,7.9970349231868925
14770,7,-3.552713678800501e-15,0,0.04375,1,1,7.9970349231868925
14890,7,-3.552713678800501e-15,0,0.04375,1,1,7.9970349231868925
15020,7,-3.552713678800501e-15,0,0.04375,1,1,7.9970349231868925
15140,7,-3.552713678800501e-15,0,0.04375,1,1,7.9970349231868925
15260,7,-3.552713678800501e-15,0,0.04375,1,1,7.9970349231868925
15390,7,-3.552713678800501e-15,0,0.04375,1,1,7.9970349231868925
15510,7,-3.552713678800501e-15,0,0.04375,1,1,7.9970349231868925
15630,7,-3.552713678800501e-15,0,0.04375,1,1,7.9970349231868925
15760,7,-3.552713678800501e-15,0,0.04375,1,1,7.9970349231868925
15880,7,-3.552713678800501e-15,0,0.04375,1,1,7.9970349231868925
16000,7,11.119621066822397,1,0.04375,1,1,7.9970349231868925
16120,7,-3.552713678800501e-15,0,0.04375,1,1,7.9970349231868925
16250,7,11.119621066822397,1,0.04375,1,1,7.9970349231868925
16370,7,-3.552713678800501e-15,0,0.04375,1,1,7.9970349231868925
16490,7,-3.552713678800501e-15,0,0.04375,1,1,7.9970349231868925
16620,7,-3.552713678800501e-15,0,0.04375,1,1,7.9970349231868925
16740,7,-3.552713678800501e-15,0,0.04375,1,1,7.9970349231868925
16860,7,-3.552713678800501e-15,0,0.04375,1,1,7.9970349231868925
16980,7,-3.552713678800501e-15,0,0.04375,1,1,7.9970349231868925
17110,7,-3.552713678800501e-15,0,0.04375,1,1,7.9970349231868925
17230,7,-3.552713678800501e-15,0,0.04375,1,1,7.9970349231868925
17350,7,11.119621066822397,1,0.04375,1,1,7.9970349231868925
17480,7,-3.552713678800501e-15,0,0.04375,1,1,7.9970349231868925
17600,7,11.119621066822397,1,0.04375,1,1,7.9970349231868925
17720,7,-3.552713678800501e-15,0,0.04375,1,1,7.9970349231868925
17850,7,11.119621066822397,1,0.04375,1,1,7.9970349231868925
17970,7,-3.552713678800501e-15,0,0.04375,1,1,7.9970349231868925
18090,7,-3.552713678800501e-15,0,0.04375,1,1,7.9970349231868925
18210,7,-3.552713678800501e-15,0,0.04375,1,1,7.9970349231868925
18340,7,-3.552713678800501e-15,0,0.04375,1,1,7.9970349231868925
18460,7,-3.552713678800501e-15,0,0.04375,0.8,1,7.9970349231868925
18580,7,-3.552713678800501e-15,0,0.04375,0.8,1,7.9970349231868925
18710,7,-3.552713678800501e-15,0,0.04375,0.8,1,7.9970349231868925
18830,7,-3.552713678800501e-15,0,0.04375,0.32,1,7.9970349231868925
18950,7,11.119621066822397,1,0.04375,1,1,7.9970349231868925
19080,7,-3.552713678800501e-15,0,0.04375,1,1,7.9970349231868925
19200,7,11.119621066822397,1,0.04375,1,1,7.9970349231868925
19320,7,-3.552713678800501e-15,0,0.04375,1,1,7.9970349231868925
19440,7,-3.552713678800501e-15,0,0.04375,1,1,7.9970349231868925
19570,7,-3.552713678800501e-15,0,0.04375,1,1,7.9970349231868925
19690,7,-3.552713678800501e-15,0,0.04375,1,1,7.9970349231868925
19810,7,-3.552713678800501e-15,0,0.04375,1,1,7.9970349231868925
19940,7,-3.552713678800501e-15,0,0.04375,1,1,7.9970349231868925
20060,7,-3.552713678800501e-15,0,0.04375,1,1,7.9970349231868925
20180,7,-3.552713678800501e-15,0,0.04375,1,1,7.9970349231868925
20300,7,11.119621066822397,1,0.04375,1,1,7.9970349231868925
20430,7,-3.552713678800501e-15,0,0.04375,1,1,7.9970349231868925
20550,7,11.119621066822397,1,0.04375,1,1,7.9970349231868925
20670,7,-3.552713678800501e-15,0,0.04375,1,1,7.9970349231868925
20800,7,11.119621066822397,1,0.04375,1,1,7.9970349231868925
20920,7,-3.552713678800501e-15,0,0.04375,1,1,7.9970349231868925
21040,7,-3.552713678800501e-15,0,0.04375,1,1,7.9970349231868925
21170,7,-3.552713678800501e-15,0,0.04375,1,1,7.9970349231868925
21290,7,-3.552713678800501e-15,0,0.04375,1,1,7.9970349231868925
21410,7,-3.552713678800501e-15,0,0.04375,1,1,7.9970349231868925
21530,7,-3.552713678800501e-15,0,0.04375,1,1,7.9970349231868925
21660,7,-3.552713678800501e-15,0,0.04375,1,1,7.9970349231868925
21780,7,-3.552713678800501e-15,0,0.04375,1,1,7.9970349231868925
21900,7,11.119621066822397,1,0.04375,1,1,7.9970349231868925
22030,7,-3.552713678800501e-15,0,0.04375,0.72,1,7.9970349231868925
22150,7,11.119621066822397,1,0.04375,1,1,7.9970349231868925
22270,7,-3.552713678800501e-15,0,0.04375,1,1,7.9970349231868925
22400,7,11.119621066822397,1,0.04375,1,1,7.9970349231868925
22520,7,-3.552713678800501e-15,0,0.04375,1,1,7.9970349231868925
22640,7,-3.552713678800501e-15,0,0.04375,1,1,7.9970349231868925
22760,7,-3.552713678800501e-15,0,0.04375,1,1,7.9970349231868925
22890,7,-3.552713678800501e-15,0,0.04375,1,1,7.9970349231868925
23010,7,-3.552713678800501e-15,0,0.04375,1,1,7.9970349231868925
23130,7,-3.552713678800501e-15,0,0.04375,1,1,7.9970349231868925
23260,7,-3.552713678800501e-15,0,0.04375,1,1,7.9970349231868925
23380,7,-3.552713678800501e-15,0,0.04375,1,1,7.9970349231868925
23500,7,11.119621066822397,1,0.04375,1,1,7.9970349231868925
23630,7,-3.552713678800501e-15,0,0.04375,1,1,7.9970349231868925
23750,7,11.119621066822397,1,0.04375,0.56,1,7.9970349231868925
23870,7,-3.552713678800501e-15,0,0.04375,0.56,1,7.9970349231868925
23990,7,-3.552713678800501e-15,0,0.04375,0.56,1,7.9970349231868925
24120,7,-3.552713678800501e-15,0,0.04375,0.56,1,7.9970349231868925
24240,7,-3.552713678800501e-15,0,0.04375,0.56,1,7.9970349231868925
24360,7,-3.552713678800501e-15,0,0.04375,1,1,7.9970349231868925
24490,7,-3.552713678800501e-15,0,0.04375,1,1,7.9970349231868925
24610,7,-3.552713678800501e-15,0,0.04375,1,1,7.9970349231868925
24730,7,-3.552713678800501e-15,0,0.04375,1,1,7.9970349231868925
24850,7,11.119621066822397,1,0.04375,1,1,7.9970349231868925
24980,7,-3.552713678800501e-15,0,0.04375,1,1,7.9970349231868925
25100,7,11.119621066822397,1,0.04375,1,1,7.9970349231868925
25220,7,-3.552713678800501e-15,0,0.04375,1,1,7.9970349231868925
25350,7,11.119621066822397,1,0.04375,1,1,7.9970349231868925
25470,7,-3.552713678800501e-15,0,0.04375,1,1,7.9970349231868925
25590,7,-3.552713678800501e-15,0,0.04375,1,1,7.9970349231868925
25720,7,-3.552713678800501e-15,0,0.04375,1,1,7.9970349231868925
25840,7,-3.552713678800501e-15,0,0.04375,1,1,7.9970349231868925
25960,7,-3.552713678800501e-15,0,0.04375,1,1,7.9970349231868925
26080,7,-3.552713678800501e-15,0,0.04375,1,1,7.9970349231868925
26210,7,-3.552713678800501e-15,0,0.04375,1,1,7.9970349231868925
26330,7,-3.552713678800501e-15,0,0.04375,0.88,1,7.9970349231868925
26450,7,11.119621066822397,1,0.04375,1,1,7.9970349231868925
26580,7,-3.552713678800501e-15,0,0.04375,1,1,7.9970349231868925
26700,7,11.119621066822397,1,0.04375,1,1,7.9970349231868925
26820,7,-3.552713678800501e-15,0,0.04375,1,1,7.9970349231868925
26950,7,11.119621066822397,1,0.04375,1,1,7.9970349231868925
27070,7,-3.552713678800501e-15,0,0.04375,1,1,7.9970349231868925
27190,7,-3.552713678800501e-15,0,0.04375,1,1,7.9970349231868925
27310,7,-3.552713678800501e-15,0,0.04375,1,1,7.9970349231868925
27440,7,-3.552713678800501e-15,0,0.04375,0.24,1,7.9970349231868925
27560,7,-3.552713678800501e-15,0,0.04375,0.64,1,7.9970349231868925
27680,7,-3.552713678800501e-15,0,0.04375,0.64,1,7.9970349231868925
27810,7,-3.552713678800501e-15,0,0.04375,0.64,1,7.9970349231868925
27930,7,-3.552713678800501e-15,0,0.04375,0.64,1,7.9970349231868925
28050,7,11.119621066822397,1,0.04375,0.64,1,7.9970349231868925
28170,7,-3.552713678800501e-15,0,0.04375,0.64,1,7.9970349231868925
28300,7,11.119621066822397,1,0.04375,1,1,7.9970349231868925
28420,7,-3.552713678800501e-15,0,0.04375,1,1,7.9970349231868925
28540,7,-3.552713678800501e-15,0,0.04375,1,1,7.9970349231868925
28670,7,-3.552713678800501e-15,0,0.04375,1,1,7.9970349231868925
28790,7,-3.552713678800501e-15,0,0.04375,1,1,7.9970349231868925
28910,7,-3.552713678800501e-15,0,0.04375,1,1,7.9970349231868925
29040,7,-3.552713678800501e-15,0,0.04375,1,1,7.9970349231868925
29160,7,-3.552713678800501e-15,0,0.04375,1,1,7.9970349231868925
29280,7,-3.552713678800501e-15,0,0.04375,0.48,1,7.9970349231868925
29400,7,11.119621066822397,1,0.04375,1,1,7.9970349231868925
29530,7,-3.552713678800501e-15,0,0.04375,1,1,7.9970349231868925
29650,7,11.119621066822397,1,0.04375,1,1,7.9970349231868925
29770,7,-3.552713678800501e-15,0,0.04375,1,1,7.9970349231868925
29900,7,11.119621066822397,1,0.04375,1,1,7.9970349231868925
30020,7,-3.552713678800501e-15,0,0.04375,1,1,7.9970349231868925
30140,7,-3.552713678800501e-15,0,0.04375,1,1,7.9970349231868925
30270,7,-3.552713678800501e-15,0,0.04375,1,1,7.9970349231868925
30390,7,-3.552713678800501e-15,0,0.04375,1,1,7.9970349231868925
30510,7,-3.552713678800501e-15,0,0.04375,1,1,7.9970349231868925
30630,7,-3.552713678800501e-15,0,0.04375,1,1,7.9970349231868925
30760,7,-3.552713678800501e-15,0,0.04375,0.32,1,7.9970349231868925
30880,7,-3.552713678800501e-15,0,0.04375,0.32,1,7.9970349231868925
31000,7,11.119621066822397,1,0.04375,0.32,1,7.9970349231868925
31130,7,-3.552713678800501e-15,0,0.04375,0.32,1,7.9970349231868925
31250,7,11.119621066822397,1,0.04375,0.32,1,7.9970349231868925
31370,7,-3.552713678800501e-15,0,0.04375,0.32,1,7.9970349231868925
31500,7,11.119621066822397,1,0.04375,1,1,7.9970349231868925
31620,7,-3.552713678800501e-15,0,0.04375,1,1,7.9970349231868925
31740,7,-3.552713678800501e-15,0,0.04375,1,1,7.9970349231868925
31860,7,-3.552713678800501e-15,0,0.04375,1,1,7.9970349231868925
31990,7,-3.552713678800501e-15,0,0.04375,1,1,7.9970349231868925
32110,7,-3.552713678800501e-15,0,0.04375,0.8,1,7.9970349231868925
32230,7,-3.552713678800501e-15,0,0.04375,0.8,1,7.9970349231868925
32360,7,-3.552713678800501e-15,0,0.04375,0.8,1,7.9970349231868925
32480,7,-3.552713678800501e-15,0,0.04375,0.8,1,7.9970349231868925
32600,7,11.119621066822397,1,0.04375,0.8,1,7.9970349231868925
32720,7,-3.552713678800501e-15,0,0.04375,0.8,1,7.9970349231868925
32850,7,11.119621066822397,1,0.04375,0.8,1,7.9970349231868925
32970,7,-3.552713678800501e-15,0,0.04375,0.8,1,7.9970349231868925
33090,7,-3.552713678800501e-15,0,0.04375,1,1,7.9970349231868925
33220,7,-3.552713678800501e-15,0,0.04375,1,1,7.9970349231868925
33340,7,-3.552713678800501e-15,0,0.04375,1,1,7.9970349231868925
33460,7,-3.552713678800501e-15,0,0.04375,1,1,7.9970349231868925
33590,7,-3.552713678800501e-15,0,0.04375,1,1,7.9970349231868925
33710,7,-3.552713678800501e-15,0,0.04375,1,1,7.9970349231868925
33830,7,-3.552713678800501e-15,0,0.04375,1,1,7.9970349231868925
33950,7,11.119621066822397,1,0.04375,1,1,7.9970349231868925
34080,7,-3.552713678800501e-15,0,0.04375,1,1,7.9970349231868925
34200,7,11.119621066822397,1,0.04375,1,1,7.9970349231868925
34320,7,-3.552713678800501e-15,0,0.04375,1,1,7.9970349231868925
34450,7,11.119621066822397,1,0.04375,1,1,7.9970349231868925
34570,7,-3.552713678800501e-15,0,0.04375,0.24,1,7.9970349231868925
34690,7,-3.552713678800501e-15,0,0.04375,0.24,1,7.9970349231868925
34820,7,-3.552713678800501e-15,0,0.04375,0.24,1,7.9970349231868925
34940,7,-3.552713678800501e-15,0,0.04375,0.24,1,7.9970349231868925
35060,7,-3.552713678800501e-15,0,0.04375,0.24,1,7.9970349231868925
35180,7,-3.552713678800501e-15,0,0.04375,0.24,1,7.9970349231868925
35310,7,-3.552713678800501e-15,0,0.04375,1,1,7.9970349231868925
35430,7,-3.552713678800501e-15,0,0.04375,1,1,7.9970349231868925
35550,7,11.119621066822397,1,0.04375,1,1,7.9970349231868925
35680,7,-3.552713678800501e-15,0,0.04375,1,1,7.9970349231868925
35800,7,11.119621066822397,1,0.04375,1,1,7.9970349231868925
35920,7,-3.552713678800501e-15,0,0.04375,1,1,7.9970349231868925
36050,7,11.119621066822397,1,0.04375,1,1,7.9970349231868925
36170,7,-3.552713678800501e-15,0,0.04375,0.24,1,7.9970349231868925
36290,7,-3.552713678800501e-15,0,0.04375,0.96,1,7.9970349231868925
36410,7,-3.552713678800501e-15,0,0.04375,0.88,1,7.9970349231868925
36540,7,-3.552713678800501e-15,0,0.04375,0.88,1,7.9970349231868925
36660,7,-3.552713678800501e-15,0,0.04375,0.88,1,7.9970349231868925
36780,7,-3.552713678800501e-15,0,0.04375,0.88,1,7.9970349231868925
36910,7,-3.552713678800501e-15,0,0.04375,0.88,1,7.9970349231868925
37030,7,-3.552713678800501e-15,0,0.04375,0.88,1,7.9970349231868925
37150,7,11.119621066822397,1,0.04375,1,1,7.9970349231868925
37270,7,-3.552713678800501e-15,0,0.04375,1,1,7.9970349231868925
37400,7,11.119621066822397,1,0.04375,1,1,7.9970349231868925
37520,7,-3.552713678800501e-15,0,0.04375,1,1,7.9970349231868925
37640,7,-3.552713678800501e-15,0,0.04375,1,1,7.9970349231868925
37770,7,-3.552713678800501e-15,0,0.04375,1,1,7.9970349231868925
37890,7,-3.552713678800501e-15,0,0.04375,1,1,7.9970349231868925
38010,7,-3.552713678800501e-15,0,0.04375,1,1,7.9970349231868925
38140,7,-3.552713678800501e-15,0,0.04375,1,1,7.9970349231868925
38260,7,-3.552713678800501e-15,0,0.04375,1,1,7.9970349231868925
38380,7,-3.552713678800501e-15,0,0.04375,1,1,7.9970349231868925
38500,7,11.119621066822397,1,0.04375,1,1,7.9970349231868925
38630,7,-3.552713678800501e-15,0,0.04375,1,1,7.9970349231868925
38750,7,11.119621066822397,1,0.04375,1,1,7.9970349231868925
38870,7,-3.552713678800501e-15,0,0.04375,0.4,1,7.9970349231868925
39000,7,11.119621066822397,1,0.04375,0.4,1,7.9970349231868925
39120,7,-3.552713678800501e-15,0,0.04375,0.4,1,7.9970349231868925
39240,7,-3.552713678800501e-15,0,0.04375,0.4,1,7.9970349231868925
39370,7,-3.552713678800501e-15,0,0.04375,0.4,1,7.9970349231868925
39490,7,-3.552713678800501e-15,0,0.04375,1,1,7.9970349231868925
39610,7,-3.552713678800501e-15,0,0.04375,1,1,7.9970349231868925
39730,7,-3.552713678800501e-15,0,0.04375,1,1,7.9970349231868925
39860,7,-3.552713678800501e-15,0,0.04375,1,1,7.9970349231868925
39980,7,-3.552713678800501e-15,0,0.04375,1,1,7.9970349231868925
40100,7,11.119621066822397,1,0.04375,1,1,7.9970349231868925
40230,7,-3.552713678800501e-15,0,0.04375,1,1,7.9970349231868925
40350,7,11.119621066822397,1,0.04375,1,1,7.9970349231868925
40470,7,-3.552713678800501e-15,0,0.04375,1,1,7.9970349231868925
40590,7,-3.552713678800501e-15,0,0.04375,1,1,7.9970349231868925
40720,7,-3.552713678800501e-15,0,0.04375,1,1,7.9970349231868925
40840,7,-3.552713678800501e-15,0,0.04375,0.32,1,7.9970349231868925
40960,7,-3.552713678800501e-15,0,0.04375,0.96,1,7.9970349231868925
41090,7,-3.552713678800501e-15,0,0.04375,0.96,1,7.9970349231868925
41210,7,-3.552713678800501e-15,0,0.04375,0.96,1,7.9970349231868925
41330,7,-3.552713678800501e-15,0,0.04375,0.48,1,7.9970349231868925
41460,7,11.119621066822397,3,0.04375,1,1,7.9970349231868925
41580,7,15.370442318471955,5,0.04375,1,1,7.9970349231868925
41700,7,26.993485173195687,8,0.04375,1,1,7.9970349231868925
41820,7,29.3648283844433,10,0.04375,1,1,7.9970349231868925
41950,7,34.30873942015045,13,0.04375,1,1,7.996865440967668
42070,7,34.52328077223112,15,0.04375,1,1,7.9966474981220435
42190,7,34.06187305798224,17,0.04375,1,1,7.996771897002899
42320,7,37.3894383778747,20,0.04375,1,1,7.996527207945216
42440,7,38.39611760447123,22,0.04375,1,1,7.996626054862278
42560,7,40.97534577390045,25,0.04375,1,1,7.996339668035467
42690,7,40.97450689008388,27,0.04375,1,1,7.9959714059590326
42810,7,42.266607147214295,30,0.04375,1,1,7.996191690498834
42930,7,41.834204483866486,32,0.04375,1,1,7.995781126018089
43050,7,44.050373950657345,35,0.04375,1,1,7.996159228547564
43180,7,42.960513453612066,37,0.04375,1,1,7.995739384423679
43300,7,44.60881340884121,40,0.04375,1,1,7.995199531487809
43420,7,43.19557344244387,42,0.04375,1,1,7.995713216095336
43550,7,44.65729060100466,45,0.04375,1,1,7.995165883705747
43670,7,44.62612830270758,47,0.04375,1,1,7.995768624029681
43790,7,43.946068609369576,49,0.04375,1,1,7.995237128457193
43920,7,44.97265386424476,52,0.04375,1,1,7.99455373129056
44040,7,44.379481280292694,54,0.04375,1,1,7.9952782420005555
44160,7,45.796809295171094,57,0.04375,1,1,7.994606594170008
44280,7,44.8774294961046,59,0.04375,1,1,7.995074493077022
44410,7,46.03070399783227,62,0.04375,1,1,7.994344619860176
44530,7,46.03920186452888,64,0.04375,1,1,7.995074885430832
44650,7,46.5768228211187,67,0.04375,1,1,7.994345124333375
44780,7,46.36928039859754,69,0.04375,1,1,7.9934068504978715
44900,7,46.57299228442818,72,0.04375,1,1,7.994345429299763
45020,7,46.20793112942519,74,0.04375,1,1,7.993407242591284
45140,7,46.36966945870638,76,0.04375,1,1,7.994648814608765
45270,7,46.477012144703906,79,0.04375,1,1,7.993797307456242
45390,7,46.45759849434613,81,0.04375,1,1,7.992702539505383
45510,7,47.01121555960507,84,0.04375,1,1,7.99400003974903
45640,7,46.869609369856505,86,0.04375,1,1,7.992963182845355
45760,7,47.72801943716606,89,0.04375,1,1,7.993756177423971
45880,7,47.06066499771415,91,0.04375,1,1,7.992649661025278
46010,7,47.67129476344632,94,0.04375,1,1,7.991227135894895
46130,7,47.05003738011265,96,0.04375,1,1,7.993419942639307
46250,7,47.680611679892664,99,0.04375,1,1,7.992217389434481
46370,7,47.66520760309229,101,0.04375,1,1,7.993355376758116
46500,7,47.725466652930606,104,0.04375,1,1,7.99213438316183
46620,7,47.44793293276042,106,0.04375,1,1,7.990564738836279
46740,7,46.92884065817668,108,0.04375,1,1,7.9932746681257285
46870,7,47.36776669106188,111,0.04375,1,1,7.9920306242132355
46990,7,47.484421870537965,113,0.04375,1,1,7.993316633688127
47110,7,47.88785305103349,116,0.04375,1,1,7.992084575029537
47240,7,47.79351531235439,118,0.04375,1,1,7.990500711063895
47360,7,47.91558293058374,121,0.04375,1,1,7.9921166959800924
47480,7,47.692677372010884,123,0.04375,1,1,7.990542002144601
47600,7,48.282048485941246,126,0.04375,1,1,7.9927353749659265
47730,7,47.8431564854324,128,0.04375,1,1,7.9913373247584145
47850,7,48.30980347666707,131,0.04375,1,1,7.989540156940177
47970,7,47.72802210688925,133,0.04375,1,1,7.99173712057165
48100,7,48.17590066487592,136,0.04375,1,1,7.990054068759789
48220,7,47.694920931428875,138,0.04375,1,1,7.992358372699694
48340,7,47.67142190670047,140,0.04375,1,1,7.990852677590033
48460,7,48.0192387596641,143,0.04375,1,1,7.99214870122384
48590,7,47.91641930342573,145,0.04375,1,1,7.990583144579981
48710,7,48.13756164891513,148,0.04375,1,1,7.991846540281769
48830,7,47.99109144838431,150,0.04375,1,1,7.99019472332449
48960,7,48.37045695316668,153,0.04375,1,1,7.991826086833306
49080,7,48.03564448414963,155,0.04375,1,1,-7.99016843116892
49200,7,47.84462728297817,156,0.04375,1,1,7.990152442563502
49330,7,47.71659367566692,158,0.04375,1,1,7.990901319619307
49450,7,48.27056748055764,161,0.04375,1,1,7.989473550145632
49570,7,48.14689990588801,163,0.04375,1,1,7.990908831582665
49690,7,48.02469990550044,165,0.04375,1,1,7.989820158567085
49820,7,48.34434168268607,99,0.04375,1,1,-7.989472677174323
49940,7,47.65791531976373,99,0.04375,1,1,7.989924659648852
50060,7,48.36612715946885,102,0.04375,1,1,7.988570746793928
50190,7,48.250751653682485,104,0.04375,1,1,-7.9880377036302175
50310,7,48.179440114174376,105,0.04375,1,1,7.988017153328833
50430,7,48.27128061670633,107,0.04375,1,1,7.988979717106707
50560,7,48.59451207461375,110,0.04375,1,1,7.9865099025826485
50680,7,48.557492368872055,112,0.04375,1,1,-7.987144588345701
50800,7,48.368357377326625,113,0.04375,1,1,7.988989372816288
50920,7,48.38558116992525,115,0.04375,1,1,-7.986522312111468
51050,7,48.36499697480428,116,0.04375,1,1,7.987590070974077
51170,7,48.227871122910166,118,0.04375,1,1,-7.987143466362799
51290,7,47.61862662746065,118,0.04375,1,1,7.984150106781563
51420,7,48.0924780109248,121,0.04375,1,1,7.989224464617232
51540,7,48.23397013775253,123,0.04375,1,1,7.986824455002195
51660,7,48.652752452718666,126,0.04375,1,1,7.989270468648265
51790,7,48.66849250285441,128,0.04375,1,1,-7.98688358054611
51910,7,48.42325860492582,129,0.04375,1,1,7.98772438440812
52030,7,48.505235114646275,131,0.04375,1,1,-7.984896620541745
52150,7,48.3323882382308,132,0.04375,1,1,7.988171835368949
52280,7,48.48636802340303,134,0.04375,1,1,7.985471642408502
52400,7,48.43106095649693,136,0.04375,1,1,-7.987497485651932
52520,7,48.27167005517746,137,0.04375,1,1,7.98460503864203
52650,7,48.66945505482245,140,0.04375,1,1,7.987557989265949
52770,7,48.67756827322552,142,0.04375,1,1,-7.984682789856162
52890,7,48.27485588670338,142,0.04375,1,1,7.987743938644093
53010,7,48.678690494004634,145,0.04375,1,1,7.984921749421252
53140,7,48.69089016422572,147,0.04375,1,1,-7.981295356212469
53260,7,48.46621188587078,148,0.04375,1,1,7.9875942207568285
53380,7,48.55674451708285,150,0.04375,1,1,-7.984729349920265
53510,7,48.56581428536172,151,0.04375,1,1,7.987704285586644
53630,7,48.6135457032744,153,0.04375,1,1,-7.984870791859516
53750,7,48.60791185785722,154,0.04375,1,1,7.981229884635756
53880,7,48.50773437659032,156,0.04375,1,1,-7.984954822981443
54000,7,48.44625871861953,157,0.04375,1,1,7.981337850094895
54120,7,48.49293337471096,159,0.04375,1,1,-7.987508840612407
54240,7,48.05159412615342,159,0.04375,1,1,7.98461963050446
54370,7,48.4008594657848,162,0.04375,1,1,-7.9860321762452555
54490,7,47.86975149706404,162,0.04375,1,1,7.982722120183088
54610,7,48.677212915483054,165,0.04375,1,1,7.98798968877477
54740,7,48.61475690338245,167,0.04375,1,1,-7.985237562526863
54860,7,48.56885538488923,168,0.04375,1,1,7.981701126275594
54980,7,48.575179198904806,170,0.04375,1,1,-7.986384824886821
55110,7,48.55376664551526,171,0.04375,1,1,7.983175254670723
55230,7,48.52143601010774,173,0.04375,1,1,-7.985864230049042
55350,7,48.48499534729225,174,0.04375,1,1,7.982506322393333
55470,7,48.59321129151498,176,0.04375,1,1,-7.98673194973417
55600,7,48.44251187956123,177,0.04375,1,1,7.983621302537915
55720,7,48.59466957560371,179,0.04375,1,1,-7.984219133848279
55840,7,48.081538509560836,179,0.04375,1,1,7.9865872006148715
55970,7,48.60661509882108,182,0.04375,1,1,-7.983435301727241
56090,7,48.12694944717258,182,0.04375,1,1,7.984804189674361
56210,7,48.74340710717931,185,0.04375,1,1,7.984236060046143
56330,7,48.517593178376096,186,0.04375,1,1,-7.983911058827822
56460,7,48.6979619420721,188,0.04375,1,1,7.984016529919744
56580,7,48.80702616207504,190,0.04375,1,1,-7.984605023364602
56700,7,48.67370788445635,191,0.04375,1,1,7.985014109324075
56830,7,48.680168122498614,193,0.04375,1,1,-7.981414023182272
56950,7,48.660553623277345,194,0.04375,1,1,7.984791728552207
57070,7,48.62358301795601,196,0.04375,1,1,-7.9849210567691555
57200,7,48.587146695108814,197,0.04375,1,1,7.981294466273766
57320,7,48.68231242543453,199,0.04375,1,1,-7.986010282157326
57440,7,48.149663071374114,199,0.04375,1,1,7.982693987837394
57560,7,48.807894947938415,202,0.04375,1,1,7.983429614898448
57690,7,48.62624403991649,203,0.04375,1,1,-7.985273361492692
57810,7,48.80692808787782,205,0.04375,1,1,7.981747122882234
57930,7,48.455830917065036,206,0.04375,1,1,-7.98290284088204
58060,7,48.69354450939199,208,0.04375,1,1,7.98351080500114
58180,7,48.70220866392346,210,0.04375,1,1,-7.986950168774953
58300,7,48.606214936006204,211,0.04375,1,1,7.983901714918453
58430,7,48.74509962553414,213,0.04375,1,1,-7.984670095581024
58550,7,48.682583348065336,214,0.04375,1,1,7.984324813101644
58670,7,48.810490241028184,144,0.04375,1,1,-7.98166725678059
58790,7,48.41714601779017,144,0.04375,1,1,7.98265277797659
58920,7,48.67762798052323,146,0.04375,1,1,-7.980888441980198
59040,7,48.590137201668846,147,0.04375,1,1,7.980907189597167
59160,7,48.78702661305917,149,0.04375,1,1,-7.97962458346404
59290,7,48.657768095794964,150,0.04375,1,1,-7.98039263880709
59410,7,48.6591780163981,151,0.04375,1,1,7.979385628240911
59530,7,48.892148133523015,153,0.04375,1,1,-7.9811443128069035
59660,7,48.848484861924774,154,0.04375,1,1,7.980414384978861
59780,7,48.72868620432844,155,0.04375,1,1,-7.975505101586607
59900,7,48.71912425752001,156,0.04375,1,1,-7.979996839671128
60020,7,48.61107901704059,157,0.04375,1,1,-7.980132342590795
60150,7,48.67466909849359,158,0.04375,1,1,7.975142846051655
60270,7,48.79998084561338,160,0.04375,1,1,-7.980888422351776
60390,7,48.45743981736082,160,0.04375,1,1,7.976789096741543
60520,7,48.706932652420335,162,0.04375,1,1,-7.981128302551441
60640,7,48.67242205689496,163,0.04375,1,1,7.9784332939241285
60760,7,48.849840080737216,165,0.04375,1,1,-7.979378322422576
60880,7,48.743228906248966,166,0.04375,1,1,-7.977216970317627
61010,7,48.80359277456162,167,0.04375,1,1,7.97870159341118
61130,7,48.69692737933506,168,0.04375,1,1,-7.979482626906354
61250,7,48.90500581627085,170,0.04375,1,1,7.974308378341684
61380,7,48.763911538602926,171,0.04375,1,1,-7.979984835227242
61500,7,48.73973050539553,172,0.04375,1,1,-7.980972027251055
61620,7,48.699540818365044,173,0.04375,1,1,-7.9805284121511715
61750,7,48.723124971616784,174,0.04375,1,1,7.975651560277729
61870,7,48.48623041791023,175,0.04375,1,1,-7.977114379700463
61990,7,48.41785515294896,176,0.04375,1,1,7.978380354855339
62110,7,48.57603826282957,178,0.04375,1,1,-7.984994218389782
62240,7,48.372044268243805,179,0.04375,1,1,7.981388466604784
62360,7,48.610739513108165,181,0.04375,1,1,-7.983548148871818
62480,7,48.517737018018686,182,0.04375,1,1,7.984989625534593
62610,7,48.63707201711219,184,0.04375,1,1,-7.981382565546791
62730,7,48.47257304178958,185,0.04375,1,1,7.981264990312087
62850,7,48.54680593389442,187,0.04375,1,1,-7.983528938259947
62980,7,48.45816478127718,188,0.04375,1,1,7.983557864063494
63100,7,48.643474596435226,190,0.04375,1,1,-7.985202324046095
63220,7,48.49421431150045,191,0.04375,1,1,7.981655849927931
63340,7,48.61256143974016,193,0.04375,1,1,-7.982121724520401
63470,7,48.48246046008984,194,0.04375,1,1,7.983038927015129
63590,7,48.67221304173627,196,0.04375,1,1,-7.983832510967947
63710,7,48.6219625127069,197,0.04375,1,1,7.982631142091321
63840,7,48.73342648546233,199,0.04375,1,1,-7.981591746275533
63960,7,48.6467103728142,200,0.04375,1,1,7.982823370116242
64080,7,48.77240036033694,202,0.04375,1,1,-7.982446470213723
64210,7,48.723777879111964,203,0.04375,1,1,7.983740112715997
64330,7,48.57431519535583,204,0.04375,1,1,-7.981557739516684
64450,7,48.79155255882723,206,0.04375,1,1,7.981725064903652
64570,7,48.63365081522798,207,0.04375,1,1,-7.982445564868299
64700,7,48.84989060808669,209,0.04375,1,1,7.982858918750217
64820,7,48.701596255075586,210,0.04375,1,1,-7.982209971987404
64940,7,48.57885049793628,211,0.04375,1,1,7.981836919664348
65070,7,48.87504037762837,161,0.04375,1,1,-7.9813501169305985
65190,7,48.76186193479175,162,0.04375,1,1,-7.981643470364534
65310,7,48.81749971056734,163,0.04375,1,1,7.972892754756456
65430,7,48.76564205112311,164,0.04375,1,1,-7.97953060257736
65560,7,48.6556998147078,165,0.04375,1,1,-7.974369994966262
65680,7,48.65570757430418,166,0.04375,1,1,7.976748689273086
65800,7,48.87457206867679,168,0.04375,1,1,-7.980521373440583
65930,7,48.76199375775135,169,0.04375,1,1,-7.975642519588036
66050,7,48.81790212523159,170,0.04375,1,1,7.976597664181403
66170,7,48.71717945219231,171,0.04375,1,1,-7.979505922688116
66300,7,48.71972135404102,172,0.04375,1,1,-7.974338297801754
66420,7,48.684210880524176,173,0.04375,1,1,-7.979543083705189
66540,7,48.354335411312455,173,0.04375,1,1,7.974386024895872
66660,7,48.61215849976396,175,0.04375,1,1,-7.977099727273303
66790,7,48.61539726624751,176,0.04375,1,1,7.977698166177703
66910,7,48.777460353518244,178,0.04375,1,1,-7.980882015439823
67030,7,48.74972626149964,179,0.04375,1,1,-7.976105742726475
67160,7,48.755105418243176,180,0.04375,1,1,7.980559158760141
67280,7,48.759288291293764,181,0.04375,1,1,-7.9756910520174085
67400,7,48.66434895482443,182,0.04375,1,1,-7.978876416286784
67530,7,48.673000798600356,183,0.04375,1,1,7.97352982166608
67650,7,48.86097840653868,185,0.04375,1,1,-7.97989592676554
67770,7,48.7653680238491,186,0.04375,1,1,-7.974839198947352
67890,7,48.381000542551725,186,0.04375,1,1,7.9780965137988105
68020,7,48.72214679000453,188,0.04375,1,1,-7.978783386236625
68140,7,48.625801530700436,189,0.04375,1,1,-7.980517527204986
68260,7,48.7013163532007,190,0.04375,1,1,7.975637579392163
68390,7,48.83106137713433,192,0.04375,1,1,-7.980345358345448
68510,7,48.85903603393433,193,0.04375,1,1,7.9754164430323256
68630,7,48.734888940082406,194,0.04375,1,1,-7.980485997708676
68750,7,48.72239083158382,195,0.04375,1,1,-7.97559708221338
68880,7,48.66541857555128,196,0.04375,1,1,-7.980224825167198
69000,7,48.71419985135071,197,0.04375,1,1,7.975261629963741
69120,7,48.602020841473546,198,0.04375,1,1,-7.978352560996698
69250,7,48.913939568733525,200,0.04375,1,1,7.977017384528057
69370,7,48.80993089206398,201,0.04375,1,1,-7.98110781469309
69490,7,48.805898497644336,202,0.04375,1,1,-7.976395774478658
69620,7,48.734511937814666,203,0.04375,1,1,-7.978599502180796
69740,7,48.36611947446789,203,0.04375,1,1,7.9731741919313155
69860,7,48.63372425421895,205,0.04375,1,1,-7.978115329834183
69980,7,48.643395802898155,206,0.04375,1,1,7.979777220551014
70110,7,48.861421612846996,208,0.04375,1,1,-7.98024422212963
70230,7,48.7930014797259,209,0.04375,1,1,-7.975286543373189
70350,7,48.799432939700786,210,0.04375,1,1,7.976973702148705
70480,7,48.72005640091038,211,0.04375,1,1,-7.97718863606486
70600,7,48.73536345620815,212,0.04375,1,1,-7.978114166826983
70720,7,48.68484175799898,213,0.04375,1,1,-7.978645169264121
70850,7,48.725444858985156,214,0.04375,1,1,7.973232839859214
70970,7,48.64951610288208,215,0.04375,1,1,-7.977811526648982
71090,7,48.670396750669454,216,0.04375,1,1,7.9773323179177735
71210,7,48.86634804546238,218,0.04375,1,1,-7.979330604794115
71340,7,48.74608636688128,219,0.04375,1,1,-7.974113133079411
71460,7,48.79978056437273,220,0.04375,1,1,7.977686140587809
71580,7,48.68738643298414,221,0.04375,1,1,-7.979967815932254
71710,7,48.97693625587938,223,0.04375,1,1,7.974931531213734
71830,7,48.82138197921065,224,0.04375,1,1,-7.980290062059421
71950,7,48.785614971715084,225,0.04375,1,1,-7.975345420200239
72080,7,48.74147713112214,226,0.04375,1,1,-7.980459962651536
72200,7,48.77253936473822,227,0.04375,1,1,7.9755636422819505
72320,7,48.70458039242539,228,0.04375,1,1,-7.976707008980829
72440,7,48.68715898131227,229,0.04375,1,1,7.977083825385013
72570,7,48.86494633247662,231,0.04375,1,1,-7.978343202269658
72690,7,48.77396216463717,232,0.04375,1,1,-7.976113207304323
72810,7,48.75607788756899,233,0.04375,1,1,7.978358792592164
72940,7,48.74217093818186,234,0.04375,1,1,-7.978481830778581
73060,7,48.62328605822962,235,0.04375,1,1,-7.98002739634619
73180,7,48.619489570023426,236,0.04375,1,1,7.97500805485073
73300,7,48.788466369057716,238,0.04375,1,1,-7.981127885882085
73430,7,48.7649187876408,239,0.04375,1,1,-7.97642155549069
73550,7,48.85058876151717,171,0.04375,1,1,7.980173513724318
73670,7,48.87322415913941,172,0.04375,1,1,-7.975195725842932
73800,7,48.86205208560826,173,0.04375,1,1,-7.970603520620766
73920,7,48.8850265751605,174,0.04375,1,1,-7.969439410601356
74040,7,48.65652719441395,174,0.04375,1,1,7.972528242029505
74170,7,48.92239337093909,176,0.04375,1,1,-7.9690868214887045
74290,7,48.914025399769784,177,0.04375,1,1,-7.968888049533336
74410,7,48.96833712649817,178,0.04375,1,1,7.972857061160787
74530,7,48.93575961326058,179,0.04375,1,1,-7.971142476347846
74660,7,48.943683705393305,180,0.04375,1,1,-7.970344283260638
74780,7,48.93110683479749,181,0.04375,1,1,-7.972552405621237
74900,7,48.97433861246603,182,0.04375,1,1,7.968920036911216
75030,7,48.94044206841263,183,0.04375,1,1,-7.971086383797025
75150,7,48.91809497007808,184,0.04375,1,1,-7.971362382164595
75270,7,48.9335357578139,185,0.04375,1,1,-7.972550912084032
75400,7,48.99235643722121,186,0.04375,1,1,7.972162264912557
75520,7,48.98481286605751,187,0.04375,1,1,-7.968464227192356
75640,7,48.96625237186579,188,0.04375,1,1,-7.968995631580737
75760,7,48.98999447639664,189,0.04375,1,1,7.969275819734735
75890,7,48.94928189898862,190,0.04375,1,1,-7.970743926852549
76010,7,48.95702302564433,191,0.04375,1,1,-7.972845042456232
76130,7,48.94794032913731,192,0.04375,1,1,-7.972865063931486
76260,7,49.004751067368574,193,0.04375,1,1,-7.968562476983111
76380,7,48.65273633764289,193,0.04375,1,1,-7.970377387274126
76500,7,48.739503570686594,194,0.04375,1,1,7.968803432725678
76620,7,48.725742908368545,195,0.04375,1,1,-7.9789486594936605
76750,7,48.695585226908555,196,0.04375,1,1,-7.973622601891125
76870,7,48.71592109818495,197,0.04375,1,1,7.9752795505807805
76990,7,48.61802119679338,198,0.04375,1,1,-7.9766627499831655
77120,7,48.86616532850798,200,0.04375,1,1,-7.973270109723925
77240,7,48.53683695415976,200,0.04375,1,1,7.980477537882433
77360,7,48.83253345881985,202,0.04375,1,1,-7.975586216241946
77490,7,48.807312111940945,203,0.04375,1,1,-7.9776651411857875
77610,7,48.77781331100702,204,0.04375,1,1,7.974384622259704
77730,7,48.75487481983932,205,0.04375,1,1,-7.974557634252868
77850,7,48.68872752944792,206,0.04375,1,1,-7.980277515067593
77980,7,48.7135834368051,207,0.04375,1,1,7.975329304818951
78100,7,48.93456955621234,209,0.04375,1,1,-7.978461909488255
78220,7,48.87626993909185,210,0.04375,1,1,-7.972997489745032
78350,7,48.8601070884961,211,0.04375,1,1,7.974774526296905
78470,7,48.8238171578628,212,0.04375,1,1,-7.975366941552534
78590,7,48.77222768343674,213,0.04375,1,1,-7.978412380571714
78720,7,48.77037823585096,214,0.04375,1,1,-7.974949499444017
78840,7,48.490103851409415,214,0.04375,1,1,7.976637432495827
78960,7,48.72182497760958,216,0.04375,1,1,-7.973724237459997
79080,7,48.72211408642457,217,0.04375,1,1,-7.974181531007795
79210,7,48.74452395118007,218,0.04375,1,1,7.979620583255454
79330,7,48.67187528616638,219,0.04375,1,1,-7.974485560478517
79450,7,48.98415948504354,221,0.04375,1,1,7.978098284887203
79580,7,48.89339641823659,222,0.04375,1,1,-7.978940306951487
79700,7,48.77745165123073,223,0.04375,1,1,-7.973611874896222
79820,7,48.767808189667086,224,0.04375,1,1,-7.976869788360883
79950,7,48.801587892048374,225,0.04375,1,1,7.9794649751027915
80070,7,48.738461608874445,226,0.04375,1,1,-7.974285707642566
80190,7,48.71591333206412,227,0.04375,1,1,-7.976352674907337
80310,7,48.737340372473206,228,0.04375,1,1,7.977684210284381
80440,7,48.69496695732969,229,0.04375,1,1,-7.975942746694248
80560,7,48.94424526045848,231,0.04375,1,1,7.978272482082374
80680,7,48.87735614421938,232,0.04375,1,1,-7.9772862883833975
80810,7,48.79214830432573,233,0.04375,1,1,-7.97845291948101
80930,7,48.75220954667032,234,0.04375,1,1,-7.975840676605399
81050,7,48.76727445514317,235,0.04375,1,1,7.9779949919067406
81170,7,48.64731048244208,236,0.04375,1,1,-7.976324811996461
81300,7,48.9437548529521,238,0.04375,1,1,7.978146682502946
81420,7,48.791620758760814,239,0.04375,1,1,-7.980939728376821
81540,7,48.75939378715335,240,0.04375,1,1,-7.976179872660242
81670,7,48.67030117195341,241,0.04375,1,1,-7.980635202845718
81790,7,48.38647904432599,241,0.04375,1,1,7.975788725380218
81910,7,48.707285065782564,243,0.04375,1,1,-7.979611391735646
82040,7,48.649164302055034,244,0.04375,1,1,7.974473755435653
82160,7,48.91443583542642,246,0.04375,1,1,-7.976894810975003
82280,7,48.85199137490949,247,0.04375,1,1,-7.9786033734538995
82400,7,48.851524180289104,248,0.04375,1,1,7.973179163604351
82530,7,48.81818134597492,249,0.04375,1,1,-7.975996896507483
82650,7,48.764955979179106,250,0.04375,1,1,-7.977640802633757
82770,7,48.795807150765725,176,0.04375,1,1,-7.974868184333222
82900,7,48.88330372727573,177,0.04375,1,1,7.976828818717814
83020,7,48.875560275502146,178,0.04375,1,1,-7.970687095127862
83140,7,48.896432331592486,179,0.04375,1,1,-7.969304804017859
83270,7,48.91227401062629,180,0.04375,1,1,-7.97197428133512
83390,7,48.65648716125731,180,0.04375,1,1,7.968974940268975
83510,7,48.92154142740059,182,0.04375,1,1,-7.969023263915384
83630,7,48.917864032803166,183,0.04375,1,1,-7.971944151445273
83760,7,48.95919583181278,184,0.04375,1,1,7.972933883101738
83880,7,48.92651868803397,185,0.04375,1,1,-7.970654585740641
84000,7,48.89861701479411,186,0.04375,1,1,-7.971998769156418
84130,7,48.8831546528483,187,0.04375,1,1,-7.972754222134079
84250,7,48.92746174633955,188,0.04375,1,1,7.972985944469013
84370,7,48.927676546252236,189,0.04375,1,1,-7.9723978679653404
84490,7,48.932123323530604,190,0.04375,1,1,-7.972592668855816
84620,7,48.91383539082996,191,0.04375,1,1,-7.970067057720504
84740,7,48.668070276981624,191,0.04375,1,1,7.969564821728853
84860,7,48.85642733653086,193,0.04375,1,1,-7.971943026727811
84990,7,48.83623737708731,194,0.04375,1,1,-7.970900340212153
85110,7,48.86257411303576,195,0.04375,1,1,7.9781869471966065
85230,7,48.81656856259376,196,0.04375,1,1,-7.9736908263775454
85360,7,48.741679840003805,197,0.04375,1,1,-7.975643088644238
85480,7,48.73623113943472,198,0.04375,1,1,-7.975642962092999
85600,7,48.79588000767242,199,0.04375,1,1,7.9781803452270825
85720,7,48.69768383575991,200,0.04375,1,1,-7.974592508448152
85850,7,48.99122342680526,202,0.04375,1,1,7.974546905937716
85970,7,48.906922259836826,203,0.04375,1,1,-7.979659982299737
86090,7,48.84208931063241,204,0.04375,1,1,-7.974536162361986
86220,7,48.827716320371344,205,0.04375,1,1,-7.976330980482564
86340,7,48.47168182695585,205,0.04375,1,1,7.9762812979098365
86460,7,48.79901130993996,207,0.04375,1,1,-7.973460128757746
86590,7,48.79017721164044,208,0.04375,1,1,-7.979159064589784
86710,7,48.82825310998581,209,0.04375,1,1,7.973892822859928
86830,7,48.79372617253872,210,0.04375,1,1,-7.973813042951023
86950,7,48.701939120338295,211,0.04375,1,1,-7.975501119742078
87080,7,48.71063791799124,212,0.04375,1,1,7.975357260094282
87200,7,48.93617198780109,214,0.04375,1,1,-7.979364729334586
87320,7,48.80134134076427,215,0.04375,1,1,-7.974156959774649
87450,7,48.84332734266536,216,0.04375,1,1,7.974503224204281
87570,7,48.77425179106692,217,0.04375,1,1,-7.979922302939527
87690,7,48.76549779132577,218,0.04375,1,1,-7.9748730756505175
87820,7,48.75591113017231,219,0.04375,1,1,-7.97748100164503
87940,7,48.38817782064832,219,0.04375,1,1,7.974270996734455
88060,7,48.73942155824044,221,0.04375,1,1,-7.974498819895678
88180,7,48.70886468014528,222,0.04375,1,1,-7.9797452957121155
88310,7,48.75447178117373,223,0.04375,1,1,7.974645734527259
88430,7,48.66810517135382,224,0.04375,1,1,-7.97648500777044
88550,7,48.97492265060338,226,0.04375,1,1,7.9764652278788635
88680,7,48.89904271307533,227,0.04375,1,1,-7.979530687504391
88800,7,48.842188777713844,228,0.04375,1,1,-7.974370104040837
88920,7,48.756320205862025,229,0.04375,1,1,-7.975995736976396
89040,7,48.4893231903453,229,0.04375,1,1,7.97584193857352
89170,7,48.8018839398738,231,0.04375,1,1,-7.978478799760353
89290,7,48.78709028844292,232,0.04375,1,1,-7.973019180832531
89410,7,48.77338081212148,233,0.04375,1,1,7.974540881620916
89540,7,48.76272021943443,234,0.04375,1,1,-7.974262258494466
89660,7,48.73754448184909,235,0.04375,1,1,-7.979587881660663
89780,7,48.72261133532481,236,0.04375,1,1,-7.974443560525088
89910,7,48.73977318702544,237,0.04375,1,1,7.975743477690619
90030,7,48.753118372971755,238,0.04375,1,1,-7.975400755638874
90150,7,48.738500087678766,239,0.04375,1,1,-7.978473266899424
90270,7,48.7264562792729,240,0.04375,1,1,-7.973012075333072
90400,7,48.799674251335354,241,0.04375,1,1,7.975113874777356
90520,7,48.71556914123459,242,0.04375,1,1,-7.975165783863106
90640,7,48.728238887183636,243,0.04375,1,1,-7.973298337525163
90770,7,48.72297741724917,244,0.04375,1,1,-7.978897365681016
90890,7,48.431011524273394,244,0.04375,1,1,7.973556726423394
91010,7,48.695517802756534,246,0.04375,1,1,-7.9748159051698275
91140,7,48.70898590665432,247,0.04375,1,1,7.975117764332846
91260,7,48.93962627904567,249,0.04375,1,1,-7.979144659699342
91380,7,48.869274611372276,250,0.04375,1,1,-7.9738743226867514
91500,7,48.88200213317114,251,0.04375,1,1,7.97413617472706
91630,7,48.8612004881084,252,0.04375,1,1,-7.976159308604789
91750,7,48.86427837464978,180,0.04375,1,1,-7.9762181896301625
91870,7,48.8538751542776,181,0.04375,1,1,-7.973241252177789
92000,7,48.927991159829006,182,0.04375,1,1,7.971370704011294
92120,7,48.916111158802074,183,0.04375,1,1,-7.97264437708414
92240,7,48.89427021402922,184,0.04375,1,1,-7.96937766418395
92370,7,48.900731204637204,185,0.04375,1,1,-7.971381594072168
92490,7,48.67124788192201,185,0.04375,1,1,7.972635898774057
92610,7,48.94322897435756,187,0.04375,1,1,-7.9701972907810275
92730,7,48.953660241866146,188,0.04375,1,1,-7.969010833404337
92860,7,48.98904677489326,189,0.04375,1,1,7.971693811326531
92980,7,48.97234350145558,190,0.04375,1,1,-7.968389175621618
93100,7,48.936224167997416,191,0.04375,1,1,-7.971737817959448
93230,7,48.907240726605295,192,0.04375,1,1,-7.970433464782385
93350,7,48.96783301013966,193,0.04375,1,1,7.9728027766307115
93470,7,48.94416792183795,194,0.04375,1,1,-7.972886348870107
93590,7,48.94904332300099,195,0.04375,1,1,-7.96963314703637
93720,7,48.93065251999609,196,0.04375,1,1,-7.971683749019212
93840,7,48.70313089675957,196,0.04375,1,1,7.969066679588535
93960,7,48.9537018446594,198,0.04375,1,1,-7.971571374010918
94090,7,48.95935573377622,199,0.04375,1,1,-7.968764989210463
94210,7,48.99449772432558,200,0.04375,1,1,7.972562342414273
94330,7,48.97937657482748,201,0.04375,1,1,-7.968703335491824
94460,7,48.87762882150611,202,0.04375,1,1,-7.971603446927243
94580,7,48.82845749529565,203,0.04375,1,1,-7.970116257747417
94700,7,48.85956566517443,204,0.04375,1,1,7.977628693002039
94820,7,48.81985487501064,205,0.04375,1,1,-7.975629586700952
94950,7,48.79412848397116,206,0.04375,1,1,-7.975352486282146
95070,7,48.773447936695234,207,0.04375,1,1,-7.975222512417083
95190,7,48.488811024667164,207,0.04375,1,1,7.974823026354593
95320,7,48.725727448332876,209,0.04375,1,1,-7.974876204521415
95440,7,48.728791153539746,210,0.04375,1,1,-7.974539842848468
95560,7,48.79113594992572,211,0.04375,1,1,7.979387138098663
95690,7,48.769886193273486,212,0.04375,1,1,-7.974185739768298
95810,7,48.75788476510909,213,0.04375,1,1,-7.974438153493722
95930,7,48.7267801674946,214,0.04375,1,1,-7.974972767523004
96050,7,48.75690392355556,215,0.04375,1,1,7.974615017091088
96180,7,48.6838189361494,216,0.04375,1,1,-7.976240876602286
96300,7,48.99278245611101,218,0.04375,1,1,7.9774245297831685
96420,7,48.93987360082612,219,0.04375,1,1,-7.978816731663628
96550,7,48.88402061790318,220,0.04375,1,1,-7.973453170491522
96670,7,48.84611668051303,221,0.04375,1,1,-7.973897205518087
96790,7,48.520112212952036,221,0.04375,1,1,7.975090913894264
96910,7,48.832103745208705,223,0.04375,1,1,-7.974656715151909
97040,7,48.75604556072987,224,0.04375,1,1,-7.977462119449346
97160,7,48.811651639944444,225,0.04375,1,1,7.973562818645298
97280,7,48.71687056166648,226,0.04375,1,1,-7.9780483077743884
97410,7,48.72302046591857,227,0.04375,1,1,-7.974509029507807
97530,7,48.711646165553795,228,0.04375,1,1,-7.979314365472949
97650,7,48.772251062521555,229,0.04375,1,1,7.97409227669603
97780,7,48.773407634036964,230,0.04375,1,1,-7.975376080455834
97900,7,48.70345177436807,231,0.04375,1,1,-7.975006518884641
98020,7,48.711237696234534,232,0.04375,1,1,7.973460300265581
98140,7,48.85960430726189,234,0.04375,1,1,-7.9784444495238445
98270,7,48.83241373476211,235,0.04375,1,1,-7.974205044746865
98390,7,48.542184276478594,235,0.04375,1,1,7.979418316620554
98510,7,48.81655608402908,237,0.04375,1,1,-7.974225783002155
98640,7,48.81112797880141,238,0.04375,1,1,-7.974983470030199
98760,7,48.80137528749092,239,0.04375,1,1,7.975859410834297
98880,7,48.79379152081551,240,0.04375,1,1,-7.9731671418555825
99010,7,48.761215248011766,241,0.04375,1,1,-7.978977174962724
99130,7,48.73463002164572,242,0.04375,1,1,-7.973659223758807
99250,7,48.80706882032126,243,0.04375,1,1,7.975779063217661
99370,7,48.79646625425775,244,0.04375,1,1,-7.975869490154057
99500,7,48.70528820592405,245,0.04375,1,1,-7.973177787973943
99620,7,48.71418961172693,246,0.04375,1,1,7.973811023894686
99740,7,48.712654093036136,247,0.04375,1,1,-7.979302862253531
99870,7,48.92116036330539,249,0.04375,1,1,-7.974077502967872
99990,7,48.59270122093073,249,0.04375,1,1,7.974768314019936
100110,7,48.87437922617538,251,0.04375,1,1,-7.975749161420737
100240,7,48.869088407135315,183,0.04375,1,1,-7.977612444927959
100360,7,48.925736684967134,184,0.04375,1,1,7.973704083567449
100480,7,48.91157371271387,185,0.04375,1,1,-7.971927476037261
100600,7,48.92129930067652,186,0.04375,1,1,-7.971412888016147
100730,7,48.92154261361133,187,0.04375,1,1,-7.971669421657783
100850,7,48.98297374242204,188,0.04375,1,1,7.969360490509079
100970,7,48.97247367791653,189,0.04375,1,1,-7.970220858545621
101100,7,48.96607100621688,190,0.04375,1,1,-7.969004704070066
101220,7,48.96790965918929,191,0.04375,1,1,-7.969877840295113
101340,7,48.732272005237334,191,0.04375,1,1,7.969670399726869
101460,7,48.77359762432818,192,0.04375,1,1,-7.9688378249791025
101590,7,48.822247926416146,193,0.04375,1,1,-7.96975563452265
101710,7,48.85840113696741,194,0.04375,1,1,-7.970329373604913
101830,7,48.887666498354825,195,0.04375,1,1,-7.968324917174624
101960,7,48.95333612113389,196,0.04375,1,1,7.968541865205105
102080,7,48.9541560607552,197,0.04375,1,1,-7.968393192796345
102200,7,48.9477526597957,198,0.04375,1,1,-7.969521968177988
102330,7,48.92873380824507,199,0.04375,1,1,-7.9693141027222865
102450,7,48.965080594020414,200,0.04375,1,1,7.9701453884974365
102570,7,48.972773623153934,201,0.04375,1,1,-7.971665300062331
102690,7,48.964277328201895,202,0.04375,1,1,-7.972323680187541
102820,7,48.941110656362525,203,0.04375,1,1,-7.968111391353981
102940,7,48.67953650616525,203,0.04375,1,1,7.969908728581978
103060,7,48.94043822701528,205,0.04375,1,1,-7.971713570503846
103190,7,48.95016150345206,206,0.04375,1,1,-7.972510610111867
103310,7,48.99226820919439,207,0.04375,1,1,7.972466335901012
103430,7,48.94986235176309,208,0.04375,1,1,-7.968560504929024
103560,7,48.94861315322699,209,0.04375,1,1,-7.970936615559823
103680,7,48.93276613445659,210,0.04375,1,1,-7.972975067065949
103800,7,48.98745012560396,211,0.04375,1,1,7.969655581333801
103920,7,48.979028079716876,212,0.04375,1,1,-7.971316720045772
104050,7,48.96466325410957,213,0.04375,1,1,-7.969668523143845
104170,7,48.93950198153487,214,0.04375,1,1,-7.969514022094985
104290,7,48.67667446948565,214,0.04375,1,1,7.970421075255803
104420,7,48.88044972974024,216,0.04375,1,1,-7.971906610950536
104540,7,48.83064215184659,217,0.04375,1,1,-7.972630012603943
104660,7,48.85923151600598,218,0.04375,1,1,7.977044309241388
104780,7,48.80618845609082,219,0.04375,1,1,-7.975630240380638
104910,7,48.77547201980815,220,0.04375,1,1,-7.975547586445635
105030,7,48.72249885315862,221,0.04375,1,1,-7.9761991353570245
105150,7,48.788999047311805,222,0.04375,1,1,7.975439471397344
105280,7,48.71394334512301,223,0.04375,1,1,-7.977418492003735
105400,7,49.01412223602225,225,0.04375,1,1,-7.9741453160532
105520,7,48.724496990911305,225,0.04375,1,1,-7.978535166162992
105650,7,48.783814928824206,226,0.04375,1,1,7.973091568758866
105770,7,48.71439889252044,227,0.04375,1,1,-7.974936364146935
105890,7,48.7332160529055,228,0.04375,1,1,-7.9748485664097055
106010,7,48.75435157414628,229,0.04375,1,1,7.978283741408191
106140,7,48.763108186421924,230,0.04375,1,1,-7.973027793503785
106260,7,48.7495046497047,231,0.04375,1,1,-7.978008973511716
106380,7,48.74086098312951,232,0.04375,1,1,-7.973135244324104
106510,7,48.76364872493222,233,0.04375,1,1,7.974862189857123
106630,7,48.76600676648351,234,0.04375,1,1,-7.974709041207002
106750,7,48.76589357426578,235,0.04375,1,1,-7.977753931077914
106880,7,48.68189245324187,236,0.04375,1,1,-7.973523199687508
107000,7,48.758280094215266,237,0.04375,1,1,7.973693615176014
107120,7,48.75408609873696,238,0.04375,1,1,-7.979283593253465
107240,7,48.67495219712487,239,0.04375,1,1,-7.97405275557799
107370,7,48.69263674996516,240,0.04375,1,1,7.974187260410062
107490,7,48.91326871126684,242,0.04375,1,1,-7.979168438386602
107610,7,48.92698008012082,243,0.04375,1,1,7.973904861619438
107740,7,48.82964850468906,244,0.04375,1,1,-7.97543889170278
107860,7,48.73911799813796,245,0.04375,1,1,-7.975209782902594
107980,7,48.74673778830155,246,0.04375,1,1,-7.9780584008521425
108110,7,48.81148602463308,247,0.04375,1,1,7.978884547067668
108230,7,48.795041985896,248,0.04375,1,1,-7.97354026380984
108350,7,48.70259607069446,249,0.04375,1,1,-7.9737471841581025
108470,7,48.71086397961362,250,0.04375,1,1,7.974222010553887
108600,7,48.9431965266127,252,0.04375,1,1,-7.979383244590551
108720,7,48.897673589919236,253,0.04375,1,1,-7.974180739259903
108840,7,48.554385590981774,253,0.04375,1,1,7.97393053478204
108970,7,48.85893185894124,255,0.04375,1,1,-7.974204332395113
109090,7,48.82704907702109,256,0.04375,1,1,-7.978474959337472
109210,7,48.8679736955695,257,0.04375,1,1,7.973014248822727
109330,7,48.77079662026253,258,0.04375,1,1,-7.974621304804896
109460,7,48.77283063250699,259,0.04375,1,1,-7.97439277376681
109580,7,48.75563684509841,260,0.04375,1,1,-7.978783978539131
109700,7,48.809113507261024,261,0.04375,1,1,7.973411106773315
109830,7,48.754215058916536,262,0.04375,1,1,-7.974973935154969
109950,7,48.78292340044003,184,0.04375,1,1,-7.974738284366873
110070,7,48.80352513939014,185,0.04375,1,1,-7.977068211073567
110200,7,48.87876767393043,186,0.04375,1,1,7.971177050464086
110320,7,48.89578215319739,187,0.04375,1,1,-7.971358603711057
110440,7,48.90151082055931,188,0.04375,1,1,-7.9708634344614335
110560,7,48.96581602738047,189,0.04375,1,1,7.9693613298173585
110690,7,48.95707659693112,190,0.04375,1,1,-7.970242434740027
110810,7,48.94407562890935,191,0.04375,1,1,-7.969255204554089
110930,7,48.94038082733686,192,0.04375,1,1,-7.970115898634715
111060,7,48.99059088208719,193,0.04375,1,1,7.970810523596788
111180,7,48.97758814017016,194,0.04375,1,1,-7.9700917915279215
111300,7,48.97462881158091,195,0.04375,1,1,-7.970086294755986
111430,7,48.94834169933898,196,0.04375,1,1,-7.969972005828268
111550,7,48.98552289020219,197,0.04375,1,1,7.969116388903606
111670,7,48.94794872819008,198,0.04375,1,1,-7.9717966864769885
111790,7,48.95757269319771,199,0.04375,1,1,-7.971657546712694
111920,7,48.94630842068084,200,0.04375,1,1,-7.972663973022479
112040,7,48.68879785878103,200,0.04375,1,1,7.96835770810225
112160,7,48.942852526974576,202,0.04375,1,1,-7.970607454979965
112290,7,48.917366485146694,203,0.04375,1,1,-7.972115521628313
112410,7,48.98474924764806,204,0.04375,1,1,7.97276868156164
112530,7,48.973946033208804,205,0.04375,1,1,-7.972415823038129
112650,7,48.94489742634705,206,0.04375,1,1,-7.968178572146191
112780,7,48.951574808670586,207,0.04375,1,1,-7.969867120924192
112900,7,48.99434364257713,208,0.04375,1,1,7.972088302268929
113020,7,48.96050555376206,209,0.04375,1,1,-7.968821481085864
113150,7,48.93043380847852,210,0.04375,1,1,-7.970800189242693
113270,7,48.901845291937036,211,0.04375,1,1,-7.972113336889765
113390,7,48.67858501905923,211,0.04375,1,1,7.972479297403747
113520,7,48.965156237890504,213,0.04375,1,1,-7.972968994347514
113640,7,48.9466633951979,214,0.04375,1,1,-7.968216117196533
113760,7,48.98398028168527,215,0.04375,1,1,7.9697770028938475
113880,7,48.9033454516918,216,0.04375,1,1,-7.9712077429440695
114010,7,48.85172871116439,217,0.04375,1,1,-7.971688770287044
114130,7,48.81796727134157,218,0.04375,1,1,-7.976188581247462
114250,7,48.85129627586826,219,0.04375,1,1,7.975386557852942
114380,7,48.81834541845004,220,0.04375,1,1,-7.974897471812162
114500,7,48.793567118007545,221,0.04375,1,1,-7.975363335282875
114620,7,48.73570933551259,222,0.04375,1,1,-7.974841328878014
114750,7,48.80834177399634,223,0.04375,1,1,7.974774601231716
114870,7,48.73728055696158,224,0.04375,1,1,-7.977471668913315
114990,7,48.73471123315968,225,0.04375,1,1,-7.973127098048164
115110,7,48.74725966254451,226,0.04375,1,1,7.978065016932656
115240,7,48.75701741633447,227,0.04375,1,1,-7.974438434022341
115360,7,48.75987933479758,228,0.04375,1,1,-7.978609914147064
115480,7,48.75943575761504,229,0.04375,1,1,-7.973187563476709
115610,7,48.75887269690813,230,0.04375,1,1,7.973608487739942
115730,7,48.75843485663518,231,0.04375,1,1,-7.973839872117214
115850,7,48.741840841408106,232,0.04375,1,1,-7.979132406219346
115980,7,48.73358601976897,233,0.04375,1,1,-7.973858585580881
116100,7,48.75930392892768,234,0.04375,1,1,7.975174726662354
116220,7,48.69536281498032,235,0.04375,1,1,-7.974813408314667
116340,7,48.700145974843345,236,0.04375,1,1,7.977652281453232
116470,7,48.93002208623126,238,0.04375,1,1,-7.978282386562574
116590,7,48.81684615231867,239,0.04375,1,1,-7.974598037763763
116710,7,48.86765102694647,240,0.04375,1,1,7.974487448900129
116840,7,48.84669201060236,241,0.04375,1,1,-7.97890175364636
116960,7,48.81483646763341,242,0.04375,1,1,-7.973562361777251
117080,7,48.79179688601454,243,0.04375,1,1,-7.973539738678425
117200,7,48.80838615062694,244,0.04375,1,1,7.9748357056686245
117330,7,48.73059052997028,245,0.04375,1,1,-7.9746984057055785
117450,7,48.74464595135521,246,0.04375,1,1,-7.977350612114699
117570,7,48.7483308373585,247,0.04375,1,1,-7.978447843948252
117700,7,48.761393719614006,248,0.04375,1,1,7.973133921476198
117820,7,48.769193585515836,249,0.04375,1,1,-7.973776109390184
117940,7,48.75498151341199,250,0.04375,1,1,-7.978356524892319
118070,7,48.74590970362533,251,0.04375,1,1,-7.973079653842221
118190,7,48.45961373027807,251,0.04375,1,1,7.974803469711614
118310,7,48.75559658844805,253,0.04375,1,1,-7.974645917018606
118430,7,48.779766594036616,185,0.04375,1,1,-7.97467325038316
118560,7,48.86575044442612,186,0.04375,1,1,7.976624653544811
118680,7,48.876950285636426,187,0.04375,1,1,-7.97161870286197
118800,7,48.880802106449075,188,0.04375,1,1,-7.970078239770474
118930,7,48.8999167742859,189,0.04375,1,1,-7.970379166523982
119050,7,48.96181527187514,190,0.04375,1,1,7.9709155936435705
119170,7,48.96787135176797,191,0.04375,1,1,-7.969048450296182
119300,7,48.96886592396557,192,0.04375,1,1,-7.969682387733127
119420,7,48.96160664481914,193,0.04375,1,1,-7.9684204980128905
119540,7,48.732060528720545,193,0.04375,1,1,7.968893517126665
119660,7,48.77923160545929,194,0.04375,1,1,-7.969865763948333
119790,7,48.81699644449469,195,0.04375,1,1,-7.969018633643436
119910,7,48.855814666305264,196,0.04375,1,1,-7.969657623088734
120030,7,48.877584032917234,197,0.04375,1,1,-7.969528325972102
120160,7,48.95331527459587,198,0.04375,1,1,7.9683484158148215
120280,7,48.95911111025755,199,0.04375,1,1,-7.96940365878637
120400,7,48.94099006676608,200,0.04375,1,1,-7.968262744227227
120530,7,48.92288189694024,201,0.04375,1,1,-7.96869622815677
120650,7,48.95833754481853,202,0.04375,1,1,7.9713103489210955
120770,7,48.9286593774175,203,0.04375,1,1,-7.971725833385253
120890,7,48.9429198641517,204,0.04375,1,1,-7.972594675239422
121020,7,48.94224239827469,205,0.04375,1,1,-7.972487793761245
121140,7,48.69405704132863,205,0.04375,1,1,7.968312568569519
121260,7,48.954407877471404,207,0.04375,1,1,-7.969770528134783
121390,7,48.92720836535805,208,0.04375,1,1,-7.971160115217681
121510,7,48.96028322093142,209,0.04375,1,1,7.97195776736767
121630,7,48.96863749110673,210,0.04375,1,1,-7.972332961013311
121750,7,48.944389337345456,211,0.04375,1,1,-7.972766941644054
121880,7,48.927043197228706,212,0.04375,1,1,-7.968164917333608
122000,7,48.96100293023388,213,0.04375,1,1,7.971724958552058
122120,7,48.925502952252046,214,0.04375,1,1,-7.971570379712185
122250,7,48.89916409888308,215,0.04375,1,1,-7.972664235424183
122370,7,48.92135574181087,216,0.04375,1,1,-7.972979426298827
122490,7,48.6779858893398,216,0.04375,1,1,7.972862151694235
122620,7,48.95028350992541,218,0.04375,1,1,-7.968132620711176
122740,7,48.87649781648568,219,0.04375,1,1,-7.970638176714906
122860,7,48.90017725546871,220,0.04375,1,1,7.971386075808236
122980,7,48.862836400314656,221,0.04375,1,1,-7.9762334532970165
123110,7,48.842990372845925,222,0.04375,1,1,-7.975032818089148
123230,7,48.80095917993329,223,0.04375,1,1,-7.974319070555532
123350,7,48.83745853860528,224,0.04375,1,1,7.973536018308217
123480,7,48.80233787542857,225,0.04375,1,1,-7.9756708611583775
123600,7,48.78048189950468,226,0.04375,1,1,-7.975422383680662
123720,7,48.76210857581324,227,0.04375,1,1,-7.975247340345913
123850,7,48.80855822699397,228,0.04375,1,1,7.974825017226143
123970,7,48.74727097024872,229,0.04375,1,1,-7.974933212306914
124090,7,48.75354266994447,230,0.04375,1,1,-7.975295608303456
124210,7,48.76142789955901,231,0.04375,1,1,7.977477558025115
124340,7,48.76755951386678,232,0.04375,1,1,-7.973499252398451
124460,7,48.75563568427707,233,0.04375,1,1,-7.978643392603127
124580,7,48.75041607935671,234,0.04375,1,1,-7.973230558179681
124710,7,48.75784373035964,235,0.04375,1,1,7.974650305127676
124830,7,48.76361952807119,236,0.04375,1,1,-7.9743210240339755
124950,7,48.75267323175134,237,0.04375,1,1,-7.978724123470976
125070,7,48.67381916235663,238,0.04375,1,1,-7.973334237209675
125200,7,48.75333672489827,239,0.04375,1,1,7.974642186624753
125320,7,48.755509823886506,240,0.04375,1,1,-7.979170215612024
125440,7,48.754174318659665,241,0.04375,1,1,-7.973907144109489
125570,7,48.677645364030525,242,0.04375,1,1,-7.973739716137194
125690,7,48.402690210345796,242,0.04375,1,1,7.9739988129825194
125810,7,48.759718281683824,244,0.04375,1,1,-7.979031742075519
125940,7,48.76109161995359,245,0.04375,1,1,-7.973729303458827
126060,7,48.760466357937,246,0.04375,1,1,7.973683772881534
126180,7,48.75998014945424,247,0.04375,1,1,-7.973685962433108
126300,7,48.75866935724375,248,0.04375,1,1,-7.9791119558791355
126430,7,48.7400512952975,249,0.04375,1,1,-7.973832321303877
126550,7,48.794166740027755,250,0.04375,1,1,7.973912183398578
126670,7,48.75545583872023,251,0.04375,1,1,-7.975324554040741
126800,7,48.75182242679373,252,0.04375,1,1,-7.975023716188521
126920,7,48.68949777695479,253,0.04375,1,1,-7.9762087285783245
127040,7,48.42152424658944,253,0.04375,1,1,7.974192887183168
127170,7,48.75700466699705,255,0.04375,1,1,-7.9782850757292865
127290,7,48.746743327807714,256,0.04375,1,1,-7.973108580701893
127410,7,48.77546218483556,257,0.04375,1,1,7.97485069525623
127530,7,48.72403546277884,258,0.04375,1,1,-7.9747050337530165
127660,7,48.734434789816135,259,0.04375,1,1,-7.977179907423298
127780,7,48.74297373424141,260,0.04375,1,1,-7.977322342637692
127900,7,48.75768271850989,261,0.04375,1,1,7.973590751122428
128030,7,48.75691153729655,262,0.04375,1,1,-7.973551030422052
128150,7,48.7944569706695,184,0.04375,1,1,-7.978323517402557
128270,7,48.82050284651178,185,0.04375,1,1,-7.9739097357269655
128400,7,48.89627001289055,186,0.04375,1,1,7.970135856746488
128520,7,48.91555226523996,187,0.04375,1,1,-7.970492374678335
128640,7,48.928211156031,188,0.04375,1,1,-7.970248560607018
128760,7,48.98776736222836,189,0.04375,1,1,7.96859427097375
128890,7,48.950957094119836,190,0.04375,1,1,-7.968889889912089
129010,7,48.9303733506996,191,0.04375,1,1,-7.969067214412992
129130,7,48.93548009681707,192,0.04375,1,1,-7.972543970890705
129260,7,48.991359246109525,193,0.04375,1,1,7.971752169894428
129380,7,48.981661471792975,194,0.04375,1,1,-7.969413485951491
129500,7,48.977974010237254,195,0.04375,1,1,-7.969391444248871
129620,7,48.97681748356191,196,0.04375,1,1,-7.969562670951033
129750,7,49.02525382291569,197,0.04375,1,1,-7.9690944490170486
129870,7,48.796900746463415,197,0.04375,1,1,-7.968881528802516
129990,7,48.5612622382138,197,0.04375,1,1,7.969116499306246
130120,7,48.90592142223337,199,0.04375,1,1,-7.968869702515601
130240,7,48.91569355194726,200,0.04375,1,1,-7.969755735219092
130360,7,48.97501452151385,201,0.04375,1,1,7.968327473256421
130490,7,48.97778010561823,202,0.04375,1,1,-7.969506487712478
130610,7,48.97805764559979,203,0.04375,1,1,-7.96953978226916
130730,7,48.975078834443956,204,0.04375,1,1,-7.968466385566134
130850,7,49.02505957942007,205,0.04375,1,1,-7.968706067776294
130980,7,48.77608008400913,205,0.04375,1,1,-7.9691059095865615
131100,7,48.85099290382626,206,0.04375,1,1,7.968931675771908
131220,7,48.84102873420773,207,0.04375,1,1,-7.971244256668309
131350,7,48.87268756179839,208,0.04375,1,1,-7.971733395853648
131470,7,48.88476180640857,209,0.04375,1,1,-7.972880358199614
131590,7,48.624484503551635,209,0.04375,1,1,7.96858258486467
131720,7,48.90394566586724,211,0.04375,1,1,-7.970104109488148
131840,7,48.924764353003276,212,0.04375,1,1,-7.972385858260061
131960,7,48.98113132607785,213,0.04375,1,1,7.972770395121423
132080,7,48.9577240686382,214,0.04375,1,1,-7.968173427015381
132210,7,48.93575342991451,215,0.04375,1,1,-7.969683242755207
132330,7,48.920679730675985,216,0.04375,1,1,-7.971351173563288
132450,7,48.95476757560495,217,0.04375,1,1,7.971740173941515
132580,7,48.91655073339746,218,0.04375,1,1,-7.971534077987401
132700,7,48.83683401876634,219,0.04375,1,1,-7.972819762698063
132820,7,48.799741151827696,220,0.04375,1,1,-7.973351978465845
132940,7,48.51105448774254,220,0.04375,1,1,7.977127367411439
133070,7,48.80953794875843,222,0.04375,1,1,-7.975406636896596
133190,7,48.782686267795974,223,0.04375,1,1,-7.974862800215587
133310,7,48.82762354314774,224,0.04375,1,1,7.97497620343985
133440,7,48.80073779137123,225,0.04375,1,1,-7.975089708494806
133560,7,48.773571940563805,226,0.04375,1,1,-7.9749934154208555
133680,7,48.755742978943076,227,0.04375,1,1,-7.974778092650244
133810,7,48.77699330801295,228,0.04375,1,1,7.975263410215263
133930,7,48.78067919774842,229,0.04375,1,1,-7.975010497455882
134050,7,48.71103777859299,230,0.04375,1,1,-7.977616406023342
134170,7,48.71687397361698,231,0.04375,1,1,7.973138463474589
134300,7,48.64395313172025,232,0.04375,1,1,-7.978335988809526
134420,7,48.90143437412689,234,0.04375,1,1,-7.9742268883109935
134540,7,48.62500446766648,234,0.04375,1,1,7.979274465177483
134670,7,48.892783137702885,236,0.04375,1,1,-7.974041032300956
134790,7,48.78406270872521,237,0.04375,1,1,-7.973856421760046
134910,7,48.83984479804281,238,0.04375,1,1,7.973801726715676
135040,7,48.82173984405231,239,0.04375,1,1,-7.979103135675002
135160,7,48.8039709113919,240,0.04375,1,1,-7.973820993568499
135280,7,48.71512497896974,241,0.04375,1,1,-7.973829364025142
135400,7,48.786312871621085,242,0.04375,1,1,7.974142319948946
135530,7,48.76608626830406,243,0.04375,1,1,-7.979096712002033
135650,7,48.75142164677769,244,0.04375,1,1,-7.973812743688246
135770,7,48.705249076352196,245,0.04375,1,1,-7.97497661873218
135900,7,48.728185980029714,246,0.04375,1,1,7.974893505391748
136020,7,48.72872073371322,247,0.04375,1,1,-7.977328114033697
136140,7,48.73226238142493,248,0.04375,1,1,-7.978335272108506
136270,7,48.65996155375621,249,0.04375,1,1,-7.974349855433031
136390,7,48.38450490397864,249,0.04375,1,1,7.9740899961751595
136510,7,48.74943083239148,251,0.04375,1,1,-7.97906551906876
136630,7,48.7506652617837,252,0.04375,1,1,-7.973772682866419
136760,7,48.76212263040122,253,0.04375,1,1,7.973621963358938
136880,7,48.760671288129515,254,0.04375,1,1,-7.973895177945254
137000,7,48.78693502931886,183,0.04375,1,1,-7.978434926307839
137130,7,48.81114180475372,184,0.04375,1,1,-7.973883482483263
137250,7,48.89668925292761,185,0.04375,1,1,7.971283706162763
137370,7,48.91011894057863,186,0.04375,1,1,-7.970879140847307
137490,7,48.91767065071706,187,0.04375,1,1,-7.96907423085349
137620,7,48.933887557535876,188,0.04375,1,1,-7.969312653507953
137740,7,48.706510908425216,188,0.04375,1,1,7.969660059250311
137860,7,48.98982658241309,190,0.04375,1,1,-7.968375982939944
137990,7,48.98886947388162,191,0.04375,1,1,-7.968746653031118
138110,7,49.031801771284925,192,0.04375,1,1,-7.968829706281447
138230,7,48.79997383845793,192,0.04375,1,1,-7.968521582436379
138360,7,48.89052689800126,193,0.04375,1,1,7.969557458914958
138480,7,48.902163721326595,194,0.04375,1,1,-7.969299226024304
138600,7,48.92053011649257,195,0.04375,1,1,-7.968667313855764
138720,7,48.932409411549,196,0.04375,1,1,-7.9696923041835275
138850,7,48.98737032499188,197,0.04375,1,1,7.968543681168394
138970,7,48.988921137974415,198,0.04375,1,1,-7.968848800612209
139090,7,48.98260172739774,199,0.04375,1,1,-7.969638352162402
139220,7,48.97099997759321,200,0.04375,1,1,-7.968267226847385
139340,7,48.74248235663904,200,0.04375,1,1,7.969219583455893
139460,7,48.79200334025893,201,0.04375,1,1,-7.970015540485394
139590,7,48.834697557103496,202,0.04375,1,1,-7.968890335271511
139710,7,48.84996432860064,203,0.04375,1,1,-7.969092370775013
139830,7,48.850356713911154,204,0.04375,1,1,-7.968565613087611
139950,7,48.907378701081626,205,0.04375,1,1,7.970695286064578
140080,7,48.88757837377766,206,0.04375,1,1,-7.971902044249954
140200,7,48.86995675449382,207,0.04375,1,1,-7.9719116976187765
140320,7,48.89648081014598,208,0.04375,1,1,-7.9726265525470135
140450,7,48.956859519702526,209,0.04375,1,1,7.972835778761028
140570,7,48.93702022699473,210,0.04375,1,1,-7.968415405496097
140690,7,48.91693191623623,211,0.04375,1,1,-7.970026128795076
140810,7,48.952842941306876,212,0.04375,1,1,7.97154148921262
140940,7,48.92071684584907,213,0.04375,1,1,-7.972014032433539
141060,7,48.8943560309342,214,0.04375,1,1,-7.972700343171833
141180,7,48.81585237830157,215,0.04375,1,1,-7.972834858356978
141310,7,48.84831341962867,216,0.04375,1,1,7.9729628370404235
141430,7,48.82245965773225,217,0.04375,1,1,-7.977362042242437
141550,7,48.81284606651761,218,0.04375,1,1,-7.975492030677853
141680,7,48.777512776858664,219,0.04375,1,1,-7.9743229467971615
141800,7,48.81772683484286,220,0.04375,1,1,7.973425169538366
141920,7,48.79022361001705,221,0.04375,1,1,-7.975671297263955
142040,7,48.7619141859037,222,0.04375,1,1,-7.975565729268409
142170,7,48.74010639692904,223,0.04375,1,1,-7.974999202680622
142290,7,48.44610047781837,223,0.04375,1,1,7.975524557872704
142410,7,48.74585349294622,225,0.04375,1,1,-7.975509289534411
142540,7,48.692284315990875,226,0.04375,1,1,-7.975273517209901
142660,7,48.77221419083416,227,0.04375,1,1,7.976729344927345
142780,7,48.70451722968892,228,0.04375,1,1,-7.977854010263535
142910,7,49.00001635652762,230,0.04375,1,1,-7.973400431514739
143030,7,48.645790065561876,230,0.04375,1,1,-7.97833249250002
143150,7,48.73276482429485,231,0.04375,1,1,7.974040820025871
143270,7,48.7405028995584,232,0.04375,1,1,-7.9790650080143095
143400,7,48.74386831619355,233,0.04375,1,1,-7.97377202652423
143520,7,48.667971134939144,234,0.04375,1,1,-7.973653696587928
143640,7,48.39172499445557,234,0.04375,1,1,7.973882738698491
143770,7,48.75255700197368,236,0.04375,1,1,-7.979118445281662
143890,7,48.75258285059536,237,0.04375,1,1,-7.9738406556092585
