sysTime,Action,ChannelUsed,TransJob,CPU,JobFaultProb,RunningJob,ActionQos
130,748,-1.7763568394002505e-15,0,0.05,0.0,1,0.0
250,487,27.500704749987,4,0.01875,0.1,1,7.688536649502835
370,877,-1.0658141036401503e-14,0,0.05,1,1,7.98889228343713
500,320,-1.0658141036401503e-14,0,0.01875,1,1,7.680094851076123
620,465,-1.0658141036401503e-14,0,0.01875,1,1,7.92407306765325
740,469,-1.0658141036401503e-14,0,0.01875,1,1,7.916891298550878
870,756,-8.881784197001252e-15,0,0.05,1,1,7.987865405492948
990,33,-7.105427357601002e-15,0,0.01875,1,1,7.688536649502835
1110,584,-7.105427357601002e-15,0,0.05,1,1,7.988549837581979
1230,250,-8.881784197001252e-15,0,0.01875,1,1,7.7139869457956305
1360,1015,11.54772174199358,2,0.01875,1,1,7.91450207167249
1480,569,-8.881784197001252e-15,0,0.05,1,1,7.986839459001496
1600,576,13.151720291689681,1,0.01875,1,1,7.696998697462788
1730,287,-1.0658141036401503e-14,0,0.01875,1,1,7.9882075595763355
1850,357,8.496250072115611,1,0.05,1,1,7.987865405492948
1970,68,-8.881784197001252e-15,0,0.01875,1,1,7.680094851076123
2100,592,11.119621066822393,1,0.01875,1,1,7.989234973283195
2220,148,-1.0658141036401503e-14,0,0.01875,1,1,7.9882075595763355
2340,760,-1.0658141036401503e-14,0,0.05,1,1,7.98889228343713
2460,985,6.875176187496742,1,0.01875,1,1,7.688536649502835
2590,563,-1.0658141036401503e-14,0,0.05,1,1,7.912114757302063
2710,73,-8.881784197001252e-15,0,0.05,1,1,7.696998697462788
2830,257,-8.881784197001252e-15,0,0.01875,1,1,7.705481739987774
2960,964,-1.0658141036401503e-14,0,0.01875,1,1,7.988549837581979
3080,303,-1.0658141036401503e-14,0,0.01875,1,1,7.9882075595763355
3200,430,15.200309344505,2,0.05,1,1,7.987865405492948
3330,25,-1.0658141036401503e-14,0,0.01875,1,1,7.705481739987774
3450,679,22.800464016757505,3,0.01875,1,1,7.987865405492948
3570,479,-8.881784197001252e-15,0,0.01875,1,1,7.98889228343713
3690,77,-8.881784197001252e-15,0,0.01875,1,1,7.909729230235288
3820,682,-1.0658141036401503e-14,0,0.01875,0.8,1,7.988549837581979
3940,659,-1.0658141036401503e-14,0,0.01875,0.8,1,7.916891298550878
4060,440,-8.881784197001252e-15,0,0.01875,0.8,1,7.916891298550878
4190,95,-8.881784197001252e-15,0,0.01875,0.8,1,7.916891298550878
4310,365,-8.881784197001252e-15,0,0.01875,0.8,1,7.987865405492948
4430,919,-8.881784197001252e-15,0,0.05,0.8,1,7.987865405492948
4550,670,22.800464016757502,3,0.01875,0.8,1,7.680094851076123
4680,688,-1.0658141036401503e-14,0,0.01875,0.8,1,7.921676374094864
4800,981,20.62552856249025,3,0.01875,1,1,7.919282629542583
4920,937,-8.881784197001252e-15,0,0.05,1,1,7.916891298550878
5050,901,25.488750216346855,3,0.01875,1,1,7.688536649502835
5170,78,-1.0658141036401503e-14,0,0.01875,1,1,7.9882075595763355
5290,582,-7.105427357601002e-15,0,0.01875,1,1,7.988549837581979
5420,1000,-7.105427357601002e-15,0,0.05,1,1,7.988549837581979
5540,957,-8.881784197001252e-15,0,0.01875,1,1,7.688536649502835
5660,294,-8.881784197001252e-15,0,0.01875,1,1,7.909729230235288
5780,464,-1.0658141036401503e-14,0,0.01875,1,1,7.988549837581979
5910,103,-1.0658141036401503e-14,0,0.01875,1,1,7.919282629542583
6030,451,-1.0658141036401503e-14,0,0.01875,1,1,7.9882075595763355
6150,366,7.600154672252494,1,0.01875,1,1,7.916891298550878
6280,854,-1.0658141036401503e-14,0,0.05,1,1,7.988549837581979
6400,796,16.99250014423123,2,0.05,1,1,7.688536649502835
6520,602,-1.0658141036401503e-14,0,0.05,1,1,7.680094851076123
6650,753,15.200309344505,2,0.01875,0.2,1,7.696998697462788
6770,982,-8.881784197001252e-15,0,0.05,0.2,1,7.987865405492948
6890,985,-1.0658141036401503e-14,0,0.05,0.2,1,7.680094851076123
7010,576,-1.0658141036401503e-14,0,0.05,0.2,1,7.680094851076123
7140,669,-8.881784197001252e-15,0,0.05,1,1,7.722516295909253
7260,1021,11.54772174199358,2,0.01875,1,1,7.688536649502835
7380,822,-8.881784197001252e-15,0,0.05,1,1,7.986839459001496
7510,265,-8.881784197001252e-15,0,0.01875,1,1,7.688536649502835
7630,109,-1.0658141036401503e-14,0,0.01875,1,1,7.9882075595763355
7750,807,15.200309344505,2,0.01875,1,1,7.9882075595763355
7880,767,-1.0658141036401503e-14,0,0.01875,1,1,7.916891298550878
8000,279,8.496250072115611,1,0.05,1,1,7.907345405021408
8120,963,-1.0658141036401503e-14,0,0.05,1,1,7.688536649502835
8240,263,-1.0658141036401503e-14,0,0.01875,1,1,7.688536649502835
8370,909,-8.881784197001252e-15,0,0.05,1,1,7.988549837581979
8490,828,-1.0658141036401503e-14,0,0.05,1,1,7.688536649502835
8610,496,-1.0658141036401503e-14,0,0.01875,1,1,7.688536649502835
8740,887,-1.0658141036401503e-14,0,0.05,1,1,7.916891298550878
8860,548,-1.0658141036401503e-14,0,0.01875,1,1,7.671672796002186
8980,16,-8.881784197001252e-15,0,0.05,1,1,7.98889228343713
9100,499,6.875176187496743,1,0.05,1,1,7.680094851076123
9230,408,-8.881784197001252e-15,0,0.01875,1,1,7.705481739987774
9350,766,18.829632312578816,3,0.01875,1,1,7.919282629542583
9470,217,-8.881784197001252e-15,0,0.01875,1,1,7.988549837581979
9600,911,20.625528562490246,3,0.01875,1,1,7.916891298550878
9720,472,-1.0658141036401503e-14,0,0.01875,1,1,7.916891298550878
9840,689,-1.0658141036401503e-14,0,0.01875,1,1,7.916891298550878
9970,428,-1.0658141036401503e-14,0,0.01875,0.2,1,7.916891298550878
10090,782,-1.0658141036401503e-14,0,0.01875,0.8,1,7.9882075595763355
10210,554,-8.881784197001252e-15,0,0.05,0.8,1,7.9882075595763355
10330,191,-1.0658141036401503e-14,0,0.01875,0.8,1,7.705481739987774
10460,378,-1.0658141036401503e-14,0,0.01875,0.8,1,7.987523348201806
10580,292,-1.0658141036401503e-14,0,0.01875,0.8,1,7.987523348201806
10700,838,16.992500144231233,2,0.05,1,1,7.98889228343713
10830,401,-1.0658141036401503e-14,0,0.01875,1,1,7.680094851076123
10950,397,16.992500144231233,2,0.01875,1,1,7.919282629542583
11070,543,-1.0658141036401503e-14,0,0.05,1,1,7.987865405492948
11200,903,22.800464016757505,3,0.01875,1,1,7.688536649502835
11320,962,-1.0658141036401503e-14,0,0.01875,1,1,7.987865405492948
11440,882,-1.0658141036401503e-14,0,0.05,1,1,7.916891298550878
11560,542,-1.0658141036401503e-14,0,0.01875,1,1,7.688536649502835
11690,524,-1.0658141036401503e-14,0,0.01875,1,1,7.9882075595763355
11810,319,-1.0658141036401503e-14,0,0.01875,1,1,7.98889228343713
11930,279,-1.0658141036401503e-14,0,0.01875,1,1,7.987523348201806
12060,968,-1.0658141036401503e-14,0,0.01875,1,1,7.9882075595763355
12180,627,-1.0658141036401503e-14,0,0.05,1,1,7.916891298550878
12300,837,16.992500144231233,2,0.01875,1,1,7.688536649502835
12420,653,-1.0658141036401503e-14,0,0.01875,1,1,7.916891298550878
12550,285,8.496250072115611,1,0.01875,1,1,7.9882075595763355
12670,461,-1.0658141036401503e-14,0,0.01875,1,1,7.921676374094864
12790,366,-1.0658141036401503e-14,0,0.01875,1,1,7.987865405492948
12920,224,-1.0658141036401503e-14,0,0.01875,1,1,7.987865405492948
13040,197,-1.0658141036401503e-14,0,0.01875,1,1,7.921676374094864
13160,734,6.875176187496744,1,0.01875,1,1,7.988549837581979
13290,58,-8.881784197001252e-15,0,0.05,1,1,7.987523348201806
13410,778,-8.881784197001252e-15,0,0.05,1,1,7.680094851076123
13530,509,-8.881784197001252e-15,0,0.01875,1,1,7.705481739987774
13650,47,8.496250072115611,1,0.01875,1,1,7.909729230235288
13780,406,-1.0658141036401503e-14,0,0.01875,0.5,1,7.9882075595763355
13900,188,16.992500144231233,2,0.05,1,1,7.9882075595763355
14020,752,-1.0658141036401503e-14,0,0.01875,1,1,7.705481739987774
14150,431,13.750352374993495,2,0.01875,1,1,7.916891298550878
14270,819,-1.0658141036401503e-14,0,0.05,1,1,7.98889228343713
14390,931,-1.0658141036401503e-14,0,0.05,1,1,7.688536649502835
14520,554,-1.0658141036401503e-14,0,0.05,1,1,7.688536649502835
14640,427,-1.0658141036401503e-14,0,0.01875,1,1,7.705481739987774
14760,724,-1.0658141036401503e-14,0,0.01875,1,1,7.91450207167249
14880,813,-1.0658141036401503e-14,0,0.05,1,1,7.9882075595763355
15010,284,-1.0658141036401503e-14,0,0.01875,1,1,7.688536649502835
15130,718,-8.881784197001252e-15,0,0.05,1,1,7.988549837581979
15250,974,20.62552856249025,3,0.01875,1,1,7.688536649502835
15380,49,-7.105427357601002e-15,0,0.01875,1,1,7.916891298550878
15500,215,15.200309344505001,2,0.05,1,1,7.988549837581979
15620,63,-7.105427357601002e-15,0,0.01875,1,1,7.671672796002186
15750,655,22.800464016757505,3,0.05,1,1,7.987865405492948
15870,513,-7.105427357601002e-15,0,0.05,1,1,7.680094851076123
15990,988,-7.105427357601002e-15,0,0.05,1,1,7.722516295909253
16110,495,6.276544104192935,1,0.01875,1,1,7.680094851076123
16240,532,-7.105427357601002e-15,0,0.01875,1,1,7.987181370037635
16360,804,-7.105427357601002e-15,0,0.01875,1,1,7.98889228343713
16480,59,-7.105427357601002e-15,0,0.01875,1,1,7.988549837581979
16610,931,7.600154672252497,1,0.01875,1,1,7.987865405492948
16730,221,-7.105427357601002e-15,0,0.01875,0.4,1,7.91450207167249
16850,545,11.119621066822395,1,0.01875,1,1,7.987865405492948
16970,142,-7.105427357601002e-15,0,0.01875,1,1,7.9264737262029765
17100,911,20.62552856249025,3,0.05,1,1,7.988549837581979
17220,127,-7.105427357601002e-15,0,0.01875,0.8,1,7.688536649502835
17340,770,-7.105427357601002e-15,0,0.05,1,1,7.987523348201806
17470,180,-7.105427357601002e-15,0,0.01875,1,1,7.7139869457956305
17590,70,-7.105427357601002e-15,0,0.01875,1,1,7.988549837581979
17710,228,-7.105427357601002e-15,0,0.01875,1,1,7.98889228343713
17840,183,-7.105427357601002e-15,0,0.01875,1,1,7.988549837581979
17960,69,-7.105427357601002e-15,0,0.01875,1,1,7.987865405492948
18080,142,-7.105427357601002e-15,0,0.01875,1,1,7.98889228343713
18200,671,20.62552856249025,3,0.05,1,1,7.988549837581979
18330,949,-7.105427357601002e-15,0,0.05,1,1,7.705481739987774
18450,181,16.992500144231233,2,0.01875,1,1,7.680094851076123
18570,56,-7.105427357601002e-15,0,0.05,0.8,1,7.916891298550878
18700,548,22.239242133644797,2,0.01875,0.8,1,7.680094851076123
18820,46,-7.105427357601002e-15,0,0.01875,0.8,1,7.912114757302063
18940,548,-7.105427357601002e-15,0,0.01875,1,1,7.988549837581979
19070,545,-7.105427357601002e-15,0,0.05,1,1,7.98889228343713
19190,493,-7.105427357601002e-15,0,0.01875,1,1,7.7139869457956305
19310,674,-7.105427357601002e-15,0,0.01875,1,1,7.987523348201806
19430,427,-7.105427357601002e-15,0,0.01875,1,1,7.919282629542583
19560,891,6.276544104192935,1,0.05,1,1,7.91450207167249
19680,168,-7.105427357601002e-15,0,0.01875,1,1,7.722516295909253
19800,984,15.200309344505001,2,0.05,1,1,7.921676374094864
19930,809,-7.105427357601002e-15,0,0.05,1,1,7.688536649502835
20050,532,22.239242133644797,2,0.01875,1,1,7.696998697462788
20170,220,-7.105427357601002e-15,0,0.01875,1,1,7.987865405492948
20290,766,-8.881784197001252e-15,0,0.01875,1,1,7.9882075595763355
20420,956,-1.0658141036401503e-14,0,0.05,1,1,7.909729230235288
20540,593,-1.0658141036401503e-14,0,0.05,1,1,7.680094851076123
20660,442,-1.0658141036401503e-14,0,0.01875,1,1,7.705481739987774
20790,991,-1.0658141036401503e-14,0,0.01875,1,1,7.91450207167249
20910,476,-1.0658141036401503e-14,2,0.01875,1,1,7.907345405021408
21030,391,22.65348198523377,7,0.01875,1,1,7.91450207167249
21160,261,36.41180579653386,12,0.01875,1,1,7.987865405492948
21280,72,36.26084771498973,15,0.01875,1,1,7.986839459001496
21400,327,42.10188635079764,20,0.01875,1,1,7.986669576902107
21520,582,45.14495178989462,16,0.01875,1,1,7.986429706330963
21650,384,41.15991759113807,20,0.05,1,1,7.9834985375079786
21770,1016,40.68190163000005,25,0.01875,1,1,7.663270121202435
21890,42,39.55827845310328,27,0.01875,1,1,7.907345405021408
22020,574,43.971318333665934,32,0.05,1,1,7.9061614347452105
22140,920,46.34324779976748,37,0.01875,1,1,7.653223467673707
22260,229,46.63408268782604,41,0.01875,1,1,7.980387945093982
22390,788,46.76488113250832,45,0.01875,1,1,7.9766711395736545
22510,719,47.270703140005104,51,0.01875,1,1,7.978070964625869
22630,60,46.94483708077689,54,0.01875,1,1,7.977388447957097
22750,175,49.13472822354906,50,0.01875,1,1,-7.975878599372349
22880,175,44.434818524354334,50,0.05,1,1,7.974926547235661
23000,649,47.33050199653839,55,0.01875,1,1,7.582086269253078
23120,973,46.83619715161172,60,0.01875,1,1,7.9742633106261005
23250,727,49.08881844362052,62,0.01875,1,1,-7.970862813183988
23370,727,45.49389858680675,62,0.01875,1,1,7.979221355143553
23490,922,44.49600391513232,66,0.01875,1,1,7.83701046210608
23620,342,46.839943010888675,70,0.01875,1,1,7.846629357662622
23740,595,46.352491958474154,71,0.01875,1,1,7.882725900581114
23860,550,48.606105954688346,71,0.01875,1,1,7.960940294138533
23980,477,46.88835600548005,76,0.05,1,1,7.967096676841879
24110,980,47.364354680178984,82,0.05,1,1,-7.421217081779017
24230,623,46.31486616892317,84,0.01875,1,1,7.453663580114568
24350,865,47.85387502938409,88,0.01875,1,1,7.85454942301503
24480,90,47.820844794738065,90,0.01875,1,1,7.840835974333335
24600,757,48.036862571405635,95,0.01875,1,1,-7.951597159331085
24720,905,48.70403483217635,90,0.01875,1,1,7.951714258406262
24840,177,47.42336255964038,94,0.05,1,1,7.968161615333149
24970,647,47.59973748752674,99,0.01875,1,1,-7.381156810917234
25090,799,46.48551704538998,101,0.01875,1,1,7.820512265886456
25210,71,47.93352946584004,105,0.05,1,1,7.822293274564489
25340,115,47.72849081608991,106,0.01875,1,1,7.434096950098536
25460,851,48.20420165256572,110,0.01875,1,1,7.943172415469599
25580,446,48.05233415523591,113,0.01875,1,1,7.94386259043259
25710,619,48.101631984767245,116,0.01875,1,1,7.955144362614845
25830,634,48.99643248042517,111,0.01875,1,1,7.964814999253625
25950,466,47.88117818240367,116,0.01875,1,1,7.960691031860392
26070,845,48.575184002272046,120,0.05,1,1,-7.797313535909881
26200,436,48.785536861843426,122,0.01875,1,1,7.383911456119014
26320,559,48.617131966017425,124,0.01875,1,1,-7.936807743222821
26440,820,49.08709967135546,121,0.01875,1,1,-7.932073213268755
26570,942,47.72513860851816,124,0.05,1,1,7.9454757493453405
26690,925,48.737620843961636,129,0.01875,1,1,-7.289433401676491
26810,378,48.378476883414706,129,0.01875,1,1,7.771757568602352
26940,643,48.63729024875254,131,0.01875,1,1,-7.926720389272922
27060,898,48.94284865070246,134,0.01875,1,1,-7.922992212086462
27180,898,48.46274113016351,134,0.01875,1,1,7.924247325817696
27300,514,48.71438823606518,137,0.01875,1,1,7.930760714950371
27430,557,48.65411153512486,140,0.01875,1,1,-7.940045055208706
27550,805,49.11151173379506,133,0.01875,1,1,-7.955612352865271
27670,805,47.6292130910873,133,0.05,1,1,7.951899985683553
27800,569,48.39127086721928,137,0.01875,1,1,7.206358660938098
27920,663,48.688031196315904,140,0.01875,1,1,-7.937582116595525
28040,710,49.356840098890764,139,0.01875,1,1,-7.938305991379853
28160,288,47.84431274026759,139,0.01875,1,1,7.935022051009491
28290,331,47.74032404532919,141,0.01875,1,1,7.701992759535115
28410,856,47.97187423779039,143,0.01875,1,1,7.726165474780518
28530,693,48.54488135078693,147,0.01875,1,1,-7.7355548592466254
28660,906,49.03940342791946,144,0.01875,1,1,-7.93908091641758
28780,906,47.96427044318215,144,0.05,1,1,7.950005845969556
28900,668,48.63962396798703,147,0.01875,1,1,-7.074400753752889
29030,422,48.62318443381539,149,0.01875,1,1,-7.897456084631092
29150,1009,49.001818417623674,147,0.01875,1,1,-7.923601005569304
29270,794,48.2215192621744,148,0.05,1,1,7.939902600807541
29390,286,47.872857672224484,150,0.01875,1,1,7.090964767490996
29520,744,48.70121072139382,154,0.05,1,1,-7.895680664680661
29640,744,48.34691399391836,154,0.01875,1,1,7.1569061413294754
29760,169,48.55147760273778,156,0.01875,1,1,7.917306479224627
29890,49,48.55147760273778,150,0.01875,1,1,7.922068316007309
30010,140,49.11935146589543,156,0.05,1,1,-7.925151919360318
30130,140,48.80192408898055,156,0.01875,1,1,-6.986314753650733
30260,176,48.73832253838709,157,0.01875,1,1,-7.908361839707752
30380,176,48.42421262468173,157,0.01875,1,1,7.914126265540338
30500,755,48.72073636191356,160,0.01875,1,1,-7.917042002008464
30620,479,48.68186974731609,162,0.01875,1,1,-7.913321111506169
30750,882,48.88222962328755,156,0.01875,1,1,7.917244348227457
30870,488,48.59315080457341,159,0.01875,1,1,-7.9231604482730225
30990,488,47.910189253698704,159,0.01875,1,1,7.6068642925350645
31120,71,48.53783864306047,163,0.05,1,1,-7.617215492879999
31240,71,47.84583260078216,163,0.01875,1,1,6.9543334617334756
31360,325,48.86080631662257,167,0.01875,1,1,-7.627775327615907
31490,875,48.680137877468745,168,0.01875,1,1,-7.694706177266573
31610,670,48.969400041495625,171,0.01875,1,1,-7.905935466843014
31730,670,48.969400041495625,163,0.01875,1,1,7.9186232608293965
31850,455,49.05463533645369,166,0.01875,1,1,-7.912950834844453
31980,455,48.48898045129622,166,0.01875,1,1,-7.862637375043307
32100,572,49.152687760589515,170,0.01875,1,1,-7.877062118917954
32220,572,48.52649138902867,170,0.01875,1,1,-7.642547977684724
32350,948,49.03356516403924,173,0.01875,1,1,-7.886086260234119
32470,948,49.03356516403924,167,0.01875,1,1,-7.670077806830439
32590,948,47.82858035231092,167,0.01875,1,1,7.910512452686568
32710,15,48.83777777649114,171,0.05,1,1,-7.613523710054449
32840,536,48.85794337943635,172,0.01875,1,1,-6.963883186350062
32960,798,48.94268873082522,174,0.01875,1,1,-7.874520762469206
33080,798,48.65002034433586,174,0.01875,1,1,7.8888922366213965
33210,144,48.70339720229642,175,0.01875,1,1,-7.898186208251809
33330,144,48.337092041577215,175,0.01875,1,1,7.907681575955561
33450,686,49.09539350296119,170,0.01875,1,1,-7.91015756826738
33580,686,48.08156553530637,170,0.05,1,1,7.924312784329797
33700,597,48.70234938437723,174,0.05,1,1,-6.701254132335158
33820,682,48.60574674626429,176,0.05,1,1,-6.7182827797406865
33940,682,48.37076289359527,176,0.05,1,1,6.731473564825788
34070,901,49.09819343715324,181,0.01875,1,1,-6.762498550103086
34190,901,49.09819343715324,175,0.01875,1,1,-7.8874667788027875
34310,135,48.80621697604709,177,0.01875,1,1,-7.920411465065496
34440,135,48.24056209088962,177,0.01875,1,1,7.506524084345354
34560,945,48.44655241507898,180,0.05,1,1,7.5323654652944985
34680,695,48.75493550205138,184,0.05,1,1,-6.806237453797344
34810,342,48.497847492158286,185,0.01875,1,1,6.761459722816854
34930,120,48.595216227806866,186,0.01875,1,1,7.586060473865112
35050,676,49.194477425790254,189,0.01875,1,1,-7.5842719617303755
35170,676,48.96080932214927,189,0.01875,1,1,-7.864639613341807
35300,176,49.00176766866944,190,0.01875,1,1,-7.876717531119275
35420,176,49.00176766866944,180,0.01875,1,1,-7.886890787279997
35540,176,48.1913222474174,180,0.05,1,1,7.8914631797258314
35670,421,48.69880304952323,184,0.01875,1,1,-6.598928869015421
35790,648,48.79879239785206,186,0.05,1,1,-7.482812804063389
35910,149,48.66440734100255,188,0.01875,1,1,-6.720673945760572
36040,149,48.45791145982111,188,0.05,1,1,7.591398678254892
36160,729,48.84559616086187,191,0.01875,1,1,-6.851103204901532
36280,193,48.8793905249896,192,0.01875,1,1,-7.873378824924394
36400,838,49.034051997122766,194,0.01875,1,1,-7.884656999419803
36530,838,49.034051997122766,185,0.01875,1,1,-7.8819423433144555
36650,267,48.692031507708144,185,0.01875,1,1,7.919735403849953
36770,400,48.787496822653274,186,0.01875,1,1,7.8373802499102165
36900,406,49.01431467820563,188,0.01875,1,1,-7.859645592319826
37020,406,48.77459273317396,188,0.01875,1,1,-7.866807991896277
37140,406,48.40854583475489,188,0.01875,1,1,7.860098748284772
37260,924,49.42848418625372,187,0.01875,1,1,-7.889489244940662
37390,924,48.55574771874393,187,0.05,1,1,-7.924266049676922
37510,616,48.56095881377616,189,0.05,1,1,-6.512740189536269
37630,616,48.12721390995824,189,0.05,1,1,6.61323335796504
37760,617,48.65587652446646,192,0.01875,1,1,6.64108860586928
37880,541,48.99069755327456,195,0.01875,1,1,-7.557224837449305
38000,556,49.196775138630365,197,0.01875,1,1,-7.885775753114611
38130,556,49.196775138630365,190,0.01875,1,1,-7.891244421992444
38250,40,48.28117672105803,190,0.05,1,1,7.908987286718504
38370,873,48.76252071739192,193,0.05,1,1,-6.566167147095725
38490,873,48.46775187648614,193,0.01875,1,1,6.656454952915009
38620,791,48.9335647858851,191,0.01875,1,1,7.9024679519146455
38740,912,48.839846141473636,193,0.05,1,1,-7.908269909550535
38860,201,48.79330070658486,194,0.01875,1,1,-6.571957119585609
38990,201,48.46323820296876,194,0.01875,1,1,7.887274328736335
39110,967,48.86482488477774,198,0.01875,1,1,-7.900770663138355
39230,783,49.209925143008995,195,0.01875,1,1,-7.917045992849228
39360,979,48.83105697567735,197,0.01875,1,1,-7.924899234079109
39480,979,48.47101617526629,197,0.01875,1,1,7.450135137268475
39600,278,48.71848922736731,200,0.01875,1,1,-7.476956514908926
39720,131,48.78287769401547,201,0.01875,1,1,-7.483880041125511
39850,887,49.08845056736382,198,0.01875,1,1,-7.51331484084236
39970,887,48.42018186103125,198,0.01875,1,1,7.880806978393375
40090,998,48.61301884422779,201,0.01875,1,1,-7.446505162814958
40220,738,48.88094604732415,203,0.05,1,1,-7.455187998245283
40340,569,48.87047816630092,204,0.01875,1,1,-6.6153356162369175
40460,618,48.83273251986244,205,0.01875,1,1,-7.871635852910623
40580,618,48.57996536606778,205,0.01875,1,1,7.869984747844298
40710,804,49.127090731537336,200,0.01875,1,1,-7.885104984468031
40830,804,48.54928651429295,200,0.01875,1,1,7.894670591271633
40950,999,48.70137394282622,203,0.01875,1,1,-7.323769424072844
41080,926,48.851084718158724,206,0.05,1,1,-7.426934292217317
41200,569,48.714805484307156,207,0.05,1,1,6.458099179451879
41320,791,48.88741132760633,209,0.05,1,1,-6.434871658211257
41450,598,49.03796603405897,211,0.01875,1,1,-6.47213539751447
41570,598,48.73899354481573,211,0.01875,1,1,-7.879555988261331
41690,574,48.85172262961375,213,0.01875,1,1,-7.884130126135318
41810,61,48.739504093716526,214,0.01875,1,1,-7.909422770602233
41940,61,48.739504093716526,204,0.01875,1,1,7.900962528408671
42060,1021,48.6474363698081,207,0.01875,1,1,-7.91162453992363
42180,413,48.74601686893873,209,0.05,1,1,-7.3107211435369885
42310,754,48.67619570000455,211,0.01875,1,1,-6.363758311539228
42430,754,48.515608607097754,211,0.05,1,1,7.419579305156157
42550,838,49.02356391427029,214,0.01875,1,1,-6.5983521380167405
42680,838,49.02356391427029,208,0.01875,1,1,-7.84035648257928
42800,492,48.91042345961111,210,0.01875,1,1,7.8924293796015625
42920,151,48.99411072389475,212,0.05,1,1,-7.3129254723430535
43040,916,49.12033210874512,215,0.01875,1,1,-6.265798648216736
43170,916,48.80795366156514,215,0.05,1,1,-7.375938499674165
43290,190,48.969953874224146,217,0.01875,1,1,-6.436500953346295
43410,5,48.992252928653684,218,0.01875,1,1,-7.4192249630644636
43540,5,48.721825077329036,218,0.01875,1,1,7.869845525818867
43660,13,49.174973096962425,212,0.01875,1,1,-7.893088848577475
43780,831,48.84136036800519,214,0.05,1,1,-7.900897655774252
43910,203,48.6923208612646,215,0.01875,1,1,-6.257214928519027
44030,203,48.524625292303796,215,0.01875,1,1,7.3867597555590905
44150,180,49.195188031665516,219,0.01875,1,1,-7.466473771024511
44270,180,49.002503454606035,219,0.01875,1,1,-7.846631290762815
44400,180,48.790935867996346,219,0.01875,1,1,-7.8514563530084915
44520,831,48.8630789098283,221,0.01875,1,1,-7.865073103320632
44640,831,48.588603914270536,221,0.01875,1,1,7.876160499485372
44770,452,49.2995396222039,215,0.01875,1,1,-7.8858857320782425
44890,452,48.70341216725848,215,0.01875,1,1,-7.902213052530178
45010,551,48.84645057404718,217,0.05,1,1,-7.335927963578023
45130,1020,48.89689336509214,220,0.01875,1,1,-6.25281269492504
45260,742,49.24003162206407,223,0.05,1,1,-7.395270475014466
45380,742,49.03714140600243,223,0.01875,1,1,-6.429088295053001
45500,742,48.825098797793444,223,0.01875,1,1,-7.839710377399982
45630,593,48.793923044856534,224,0.01875,1,1,-7.871317916902394
45750,315,48.54219888994806,224,0.01875,1,1,7.876414316841581
45870,323,48.9853794466591,217,0.01875,1,1,7.896427491573586
46000,300,48.844860990936695,219,0.05,1,1,-7.894275841630681
46120,502,48.79622719855192,221,0.01875,1,1,-6.204668373389605
46240,502,48.43018030013285,221,0.05,1,1,7.328236809602029
46360,769,49.01301648922382,224,0.01875,1,1,-6.376024035075307
46490,769,48.806981885064374,224,0.01875,1,1,-7.490900077602269
46610,492,49.16966677307677,220,0.01875,1,1,-7.85717206600324
46730,492,48.67743546906536,220,0.05,1,1,7.873119134851144
46860,943,48.8804037997411,223,0.01875,1,1,-5.942426959723787
46980,943,48.64209998826915,223,0.05,1,1,7.25479276534547
47100,923,48.69707317880821,225,0.01875,1,1,-6.111535248193655
47230,717,48.936108806789846,228,0.01875,1,1,-7.271712972243055
47350,923,48.9957799279962,230,0.01875,1,1,-7.428481177197042
47470,515,49.21911086136379,224,0.01875,1,1,-7.477950936677595
47590,515,48.65560206942509,224,0.05,1,1,7.886554427442586
47720,421,48.90520706106717,227,0.01875,1,1,-6.184535516937476
47840,673,49.13002564971044,229,0.05,1,1,-7.3029875157838795
47960,673,48.89643310267352,229,0.01875,1,1,-6.250141699516271
48090,938,48.95836158437311,231,0.01875,1,1,-7.867787957670144
48210,365,49.116693845799595,226,0.01875,1,1,-7.8868575166554304
48330,365,48.64795405041032,226,0.05,1,1,7.901919893947511
48450,959,48.770424214779425,229,0.01875,1,1,-5.9157359094389586
48580,536,48.68241788775603,230,0.05,1,1,-7.200826185187556
48700,450,48.901087313666004,232,0.05,1,1,6.309342601615258
48820,656,49.03477592335299,234,0.01875,1,1,-6.360714882564408
48950,656,49.03477592335299,228,0.01875,1,1,-7.394869345181139
49070,656,48.53355889312579,228,0.01875,1,1,7.477926569272024
49190,566,48.734321935618446,230,0.05,1,1,-7.185750775500006
49320,913,48.91993082475168,232,0.05,1,1,-6.100719868712199
49440,896,49.081600810255196,234,0.01875,1,1,-6.122542262119751
49560,896,48.83433977168893,234,0.05,1,1,-7.287274715366621
49680,734,48.949140039933646,237,0.01875,1,1,-6.20977370875137
49810,846,48.9385454657328,239,0.05,1,1,-7.2938671720392705
49930,846,48.77885124944962,239,0.01875,1,1,6.375217297967752
50050,364,48.94835792512389,241,0.01875,1,1,-7.445257559702299
50180,616,48.93740404459135,242,0.01875,1,1,-7.839529579594376
50300,326,49.14210792524232,232,0.01875,1,1,-7.875445498465786
50420,326,48.71341305514462,232,0.01875,1,1,7.877211099972083
50550,333,48.718616303388096,233,0.01875,1,1,7.115961119293633
50670,541,48.88632888435423,235,0.01875,1,1,-7.275321598122069
50790,323,48.70713852043745,235,0.01875,1,1,7.316583011568754
50910,652,49.40313174960169,239,0.01875,1,1,-7.3394221375379
51040,652,49.18590118860942,239,0.01875,1,1,-7.855742428014055
51160,652,48.934563001832224,239,0.01875,1,1,-7.8506246427108985
51280,652,48.66362543115737,239,0.01875,1,1,7.879115133295605
51410,957,49.166894266421124,233,0.01875,1,1,-7.894128941660016
51530,957,48.632182869673386,233,0.01875,1,1,7.901065462624169
51650,678,49.08041073351074,236,0.05,1,1,-7.229926382610311
51780,678,48.81396773071425,236,0.01875,1,1,-6.182094918271241
51900,365,48.763679210090814,237,0.01875,1,1,7.298118962927426
52020,178,49.00185032502468,233,0.01875,1,1,-7.336679123652615
52140,178,48.564192544641344,233,0.01875,1,1,7.901380125251071
52270,713,48.96291150924236,236,0.01875,1,1,-7.178994143189209
52390,207,49.00814946139544,238,0.05,1,1,-7.2529244884284525
52510,207,48.638572504417155,238,0.01875,1,1,-6.133060940012514
52640,990,48.95592254559442,241,0.05,1,1,-7.3440874542927155
52760,995,49.05399457193048,243,0.01875,1,1,-6.386163947126242
52880,995,48.86231768988829,243,0.01875,1,1,-7.866768264014225
53000,433,48.89367326620899,244,0.01875,1,1,7.862693343766078
53130,397,49.064064554008766,246,0.01875,1,1,-7.864420996029265
53250,397,48.82610409866472,246,0.01875,1,1,-7.866622404501327
53370,244,48.98909848006476,248,0.01875,1,1,-7.8728699295061
53500,749,49.40610604353055,239,0.01875,1,1,-7.888746633672107
53620,749,48.97578868075264,239,0.01875,1,1,-7.887887478223594
53740,148,49.2272053336165,241,0.05,1,1,-7.1276395759419975
53870,148,48.929834609155364,241,0.01875,1,1,-5.815748175841963
53990,977,49.07306216545604,243,0.05,1,1,-7.1710783887771345
54110,977,48.894496506561154,243,0.01875,1,1,-6.121511348888259
54230,15,48.883204793659864,244,0.01875,1,1,-7.857876031464407
54360,527,49.04322904826088,246,0.01875,1,1,-7.855276897388644
54480,527,48.77647743349679,246,0.01875,1,1,-7.882578685464604
54600,160,49.0983059648012,238,0.01875,1,1,-7.880266269035965
54730,160,48.533700849896185,238,0.01875,1,1,7.899668611855176
54850,680,48.80926919105888,240,0.05,1,1,-7.261948737916629
54970,421,48.928448908694314,242,0.01875,1,1,-6.252879078779373
55100,359,48.961765563693945,243,0.01875,1,1,7.380947113148018
55220,21,49.01771356816705,244,0.01875,1,1,-7.37390166018517
55340,21,48.83256727296996,244,0.01875,1,1,-7.832812054304026
55460,568,48.837144752312476,245,0.01875,1,1,-7.8525163600966374
55590,568,48.837144752312476,237,0.01875,1,1,7.860025627639241
55710,432,48.842788629300195,239,0.05,1,1,-7.880665215778067
55830,740,49.188174256108034,242,0.05,1,1,-5.648965096327584
55960,740,48.89340541520225,242,0.05,1,1,-5.79515892807377
56080,85,48.85381826144659,243,0.05,1,1,-5.8532359160728005
56200,532,49.21336760181704,245,0.01875,1,1,-6.110071537196415
56320,532,48.92399126136491,245,0.01875,1,1,-7.30676827184941
56450,775,49.17005713316547,247,0.01875,1,1,-7.345266497644552
56570,775,48.97223921343748,247,0.01875,1,1,-7.380936483355744
56690,775,48.74589096696754,247,0.01875,1,1,7.857214774478062
56820,669,49.31777632458248,240,0.01875,1,1,-7.8682934906083855
56940,669,48.854620714898864,240,0.05,1,1,-7.883565787051657
57060,61,48.80160021144269,241,0.01875,1,1,-5.869214252172571
57190,61,48.51071793141012,241,0.01875,1,1,7.208973743063048
57310,636,49.107655026634056,245,0.01875,1,1,-7.294793641866462
57430,636,48.89464742487025,245,0.01875,1,1,-7.383615543032944
57550,983,49.31091507617936,242,0.01875,1,1,-7.84931322454062
57680,983,48.87366633310643,242,0.05,1,1,-7.876926503941899
57800,763,48.91672370552656,244,0.05,1,1,-5.614314434346229
57920,450,48.850138401901376,245,0.05,1,1,-5.754977112416818
58050,289,48.60318212593965,245,0.05,1,1,5.824412644446803
58170,462,49.03844815259762,249,0.01875,1,1,-6.019023333701132
58290,462,48.76802030127297,249,0.01875,1,1,-7.293137659496318
58420,59,48.47594925311967,249,0.01875,1,1,7.315739250833445
58540,858,49.06302612699983,244,0.01875,1,1,-7.344867808783591
58660,832,48.88313635887853,245,0.05,1,1,-7.385712200152834
58780,832,48.69381936697439,245,0.05,1,1,5.6442430126191665
58910,198,48.94802678699317,247,0.01875,1,1,-5.716654681155937
59030,198,48.67798342160341,247,0.05,1,1,7.11729949185868
59150,601,48.93732329682137,249,0.05,1,1,-5.87955039392459
59280,822,49.0927079683459,251,0.01875,1,1,-5.99287443048521
59400,822,48.9113655243397,251,0.01875,1,1,-7.831778061073631
59520,611,48.898302831832744,252,0.01875,1,1,-7.846614413122679
59650,845,49.05979436370348,254,0.01875,1,1,-7.857322013806252
59770,845,48.772271768810946,254,0.01875,1,1,-7.868434535265097
59890,845,48.772271768810946,243,0.01875,1,1,7.893301190355087
60010,707,49.04035255875023,246,0.01875,1,1,-7.906204309880066
60140,707,48.73301298903395,246,0.01875,1,1,-6.971372512826532
60260,640,49.10945628498483,248,0.05,1,1,-7.158975317819932
60380,640,48.96430929007042,248,0.01875,1,1,-6.163919528837255
60510,429,49.08213109608124,250,0.01875,1,1,-7.382189829416359
60630,429,48.819818501588855,250,0.01875,1,1,-7.8246539597000755
60750,391,49.22090318722826,245,0.01875,1,1,-7.867812745207348
60870,391,48.825989432575035,245,0.05,1,1,-7.89813917447123
61000,682,49.018481046119554,247,0.05,1,1,-5.544360330383368
61120,682,48.76001163170239,247,0.05,1,1,-5.511751128431086
61240,841,48.7502133742425,248,0.05,1,1,5.598875286368101
61370,312,48.70006817753037,249,0.01875,1,1,5.932132188752938
61490,642,49.098588802291346,252,0.01875,1,1,-7.222824638449467
61610,642,48.867182070150555,252,0.05,1,1,-7.227196389703318
61740,786,48.80041558484642,253,0.01875,1,1,-6.085849039851341
61860,132,49.28667345565404,255,0.01875,1,1,-7.253586122882307
61980,132,49.127837771486824,255,0.01875,1,1,-7.37299857057351
62100,132,48.96181507930577,255,0.01875,1,1,-7.8242702514573645
62230,416,49.19269953761395,244,0.01875,1,1,-7.838725883460948
62350,833,48.979338166403785,245,0.05,1,1,7.845202069688241
62470,493,48.98940268447053,247,0.05,1,1,-5.58085850055385
62600,47,48.95642455411849,248,0.05,1,1,-5.900652244394177
62720,430,49.05593881965813,250,0.01875,1,1,-5.9958195259332925
62840,430,48.82351249181456,250,0.01875,1,1,-7.872363502286697
62970,576,48.91135919618149,251,0.01875,1,1,-7.879373059653144
63090,576,48.91135919618149,244,0.01875,1,1,7.886341275574557
63210,1021,49.012617337028686,247,0.01875,1,1,-7.881297960614722
63330,1021,48.840373700895434,247,0.01875,1,1,-7.078840569953415
63460,641,49.16248431410624,249,0.01875,1,1,-7.838250638983544
63580,641,48.847397304277834,249,0.01875,1,1,-7.850379062131342
63700,938,49.197795654803585,246,0.01875,1,1,-7.8657066247058545
63830,938,48.786394440093524,246,0.01875,1,1,-7.9135599987468845
63950,286,48.787049056780155,247,0.05,1,1,7.086701715893564
64070,395,48.85413153237939,249,0.05,1,1,-5.761348142949849
64200,536,48.9875557321915,250,0.05,1,1,5.871464436444778
64320,981,49.24491730657586,253,0.01875,1,1,-6.098041111539237
64440,981,49.01714047132824,253,0.01875,1,1,-7.836136806581409
64560,981,49.01714047132824,246,0.01875,1,1,-7.840075308746387
64690,981,48.65264925621138,246,0.05,1,1,7.884231274263575
64810,773,48.979085657257706,248,0.05,1,1,-5.376698269750669
64930,773,48.776195441196066,248,0.01875,1,1,5.419310078837269
65060,470,48.946068502533336,250,0.01875,1,1,-7.130172258090857
65180,470,48.65598944722704,250,0.01875,1,1,7.166827297191475
65300,440,48.96669981491037,252,0.05,1,1,7.164353866564399
65420,302,48.974527071930815,253,0.01875,1,1,-6.08904554927868
65550,906,49.135041477658135,255,0.01875,1,1,-7.8395665839319335
65670,906,48.935567214930614,255,0.01875,1,1,-7.846682631541789
65790,718,49.20798863655613,258,0.01875,1,1,-7.861978232245679
65920,718,48.977093166351146,258,0.01875,1,1,-7.869297762771398
66040,376,48.977093166351146,246,0.01875,1,1,7.876906529621299
66160,34,48.57374057275592,246,0.05,1,1,7.885655811696068
66290,641,48.97199030930068,248,0.05,1,1,-5.425060955997043
66410,445,49.00606170289584,250,0.05,1,1,-5.6833644920563255
66530,445,48.80002709873639,250,0.05,1,1,-5.802308582505931
66650,419,48.78043456521336,251,0.01875,1,1,-5.877177956550665
66780,689,49.00513245469548,253,0.01875,1,1,-7.177459105057877
66900,689,48.802797520268754,253,0.01875,1,1,-7.231545712447974
67020,650,49.26406785031007,247,0.01875,1,1,-7.863169297811606
67150,650,48.8517566024948,247,0.01875,1,1,-7.870994102999755
67270,359,48.79061037604839,248,0.05,1,1,-6.988151983169466
67390,359,48.61970918163466,248,0.01875,1,1,5.89477719422224
67520,696,49.05753341651427,251,0.01875,1,1,-7.26493877996305
67640,696,48.84435341647527,251,0.01875,1,1,-7.8492932230821015
67760,1004,49.107439547421684,254,0.01875,1,1,-7.860688565195766
67880,1004,49.107439547421684,247,0.01875,1,1,-7.8770175260895945
68010,677,49.26927675848834,250,0.05,1,1,-7.877254591257024
68130,677,49.068653632942635,250,0.05,1,1,-5.460445728883658
68250,677,48.84815035021132,250,0.05,1,1,-5.551377759514738
68380,349,48.84209909061606,251,0.05,1,1,-5.5534581557839
68500,678,49.18695346073193,254,0.01875,1,1,-5.700036826155513
68620,678,49.02931280196051,254,0.05,1,1,-7.0842475608995255
68740,678,48.83267365812528,254,0.01875,1,1,-5.858433403088714
68870,873,48.81948242061182,255,0.01875,1,1,-7.837592893368385
68990,527,48.96905205351618,257,0.01875,1,1,-7.8675686310850645
69110,698,48.96693463372151,259,0.01875,1,1,-7.863735326997715
69240,698,48.96693463372151,248,0.01875,1,1,7.894239769526134
69360,445,48.8798492261054,250,0.05,1,1,-7.913668301106869
69480,305,48.66261866511313,250,0.01875,1,1,5.71025899976015
69610,506,48.76895685577095,252,0.01875,1,1,-7.1912301540358445
69730,540,49.005305205367826,254,0.05,1,1,-7.2130438621880275
69850,540,48.73855359060373,254,0.01875,1,1,-6.010556119526811
69970,654,49.18697886273912,257,0.01875,1,1,-7.270833333148495
70100,654,49.18697886273912,250,0.01875,1,1,-7.337321386849589
70220,654,48.86967192145395,250,0.05,1,1,-7.866312338350528
70340,717,49.154161830957065,253,0.01875,1,1,-5.150281040967637
70470,717,49.0151593098018,253,0.05,1,1,-6.984503580668573
70590,717,48.82309193008161,253,0.01875,1,1,-5.769552018478631
70710,897,49.07120475426684,255,0.01875,1,1,-7.817455796979646
70840,897,48.835833721917616,255,0.01875,1,1,-7.864674497061756
70960,861,49.15598765285197,250,0.01875,1,1,-7.872724934557448
71080,861,48.727763572025346,250,0.05,1,1,7.887635062867865
71200,721,49.08902289049555,253,0.05,1,1,-5.551610083128265
71330,721,48.82593018162922,253,0.05,1,1,-5.749315636445738
71450,447,48.92015187866576,255,0.05,1,1,-5.782053432153043
71570,312,48.92015187866576,250,0.01875,1,1,5.956887572093598
71700,973,49.102380274769544,253,0.05,1,1,-7.869936695600113
71820,973,49.102380274769544,251,0.01875,1,1,-5.3764085700969
71940,973,48.70752460162663,251,0.05,1,1,7.837511927353477
72070,1014,49.015070968198344,254,0.05,1,1,-5.488956289327656
72190,1014,48.77938819330329,254,0.01875,1,1,-5.565612876430762
72310,963,48.94486787845976,256,0.05,1,1,-7.075991154614981
72430,963,48.69263266887989,256,0.01875,1,1,5.7995293859893025
72560,791,48.96385938704446,259,0.05,1,1,-7.175986564512533
72680,27,48.74434078754925,259,0.05,1,1,5.897660493837556
72800,544,48.85303208407044,260,0.01875,1,1,-5.892593721245222
72930,237,48.9395029850151,262,0.01875,1,1,-7.219909738968404
73050,600,49.01952559198517,263,0.01875,1,1,-7.226015019421415
73170,600,48.85799544577003,263,0.01875,1,1,-7.327738336674799
73290,600,48.60969174895442,263,0.01875,1,1,7.833965913106019
73420,573,49.03235405895663,252,0.01875,1,1,-7.841220114315435
73540,517,48.999991894507865,254,0.01875,1,1,-7.892958296743009
73660,578,49.08363023467463,255,0.01875,1,1,-7.309189447412972
73790,578,48.82406974562173,255,0.01875,1,1,-7.433469710971814
73910,2,48.82406974562173,251,0.01875,1,1,7.817153846284308
74030,267,48.65741928541192,252,0.01875,1,1,7.8971649916800635
74160,726,49.025258697711934,255,0.01875,1,1,-6.9834832328584895
74280,726,48.86783050595034,255,0.01875,1,1,-7.122287725007354
74400,304,48.6961047556514,255,0.01875,1,1,7.286928133516357
74520,142,49.33468057617411,253,0.01875,1,1,-7.8373896894782344
74650,142,48.9204556617221,253,0.05,1,1,-7.849962144048524
74770,438,49.06653447606901,255,0.05,1,1,-5.524432506191411
74890,438,48.88796881717413,255,0.01875,1,1,-5.677254661557487
75020,781,49.06901077672745,257,0.01875,1,1,-7.088319060219059
75140,781,48.871192856999464,257,0.01875,1,1,-7.073306139567796
75260,289,48.63099365790513,257,0.01875,1,1,7.1456615199961355
75390,959,49.105260786951206,253,0.01875,1,1,-7.149035212363927
75510,196,49.225708049767974,255,0.05,1,1,-7.2765272480490255
75630,196,49.04056175457088,255,0.05,1,1,-5.31733428939512
75750,196,48.758086440512265,255,0.01875,1,1,-5.388121368920193
75880,280,48.59945974449498,255,0.01875,1,1,7.100776083777354
76000,426,48.84897136748592,257,0.01875,1,1,-7.368320395043932
76120,707,49.24014845156612,253,0.01875,1,1,-7.838528952288302
76250,707,48.8840062548623,253,0.01875,1,1,-7.860632693526214
76370,477,48.98000592868944,255,0.01875,1,1,-7.057419606561152
76490,477,48.70655759259757,255,0.01875,1,1,7.084494459843704
76610,140,49.04369005534665,257,0.05,1,1,-7.193364436146668
76740,140,48.724377358776515,257,0.01875,1,1,-6.00998715481724
76860,607,48.89959903962168,259,0.05,1,1,-7.271373294363508
76980,607,48.89959903962168,252,0.01875,1,1,6.212055647078439
77110,644,49.35505479749762,255,0.05,1,1,-7.853009755812286
77230,644,49.130793277937215,255,0.05,1,1,-5.421258191775127
77350,644,48.932744370583535,255,0.05,1,1,-5.676996442808873
77480,157,49.08038085240382,257,0.01875,1,1,-5.725594328526827
77600,157,48.84795452456025,257,0.01875,1,1,-7.149863288730299
77720,303,48.68980782498788,258,0.01875,1,1,-7.2064398289168885
77840,303,48.54946322631133,258,0.01875,1,1,7.256327766064678
77970,648,49.04815733178167,260,0.01875,1,1,-7.449689371116731
78090,648,48.88636025568679,260,0.01875,1,1,-7.81908066266603
78210,257,48.685760804306575,260,0.01875,1,1,7.826140425353062
78340,530,48.968159922258295,262,0.01875,1,1,-7.841462770175282
78460,913,49.318830775655286,252,0.01875,1,1,-7.8699706696139025
78580,913,49.00768028469264,252,0.05,1,1,-7.888403185053857
78710,913,48.83675454799965,252,0.01875,1,1,-5.141703058957351
78830,392,48.86911258700492,253,0.01875,1,1,-6.955426469355307
78950,757,49.200217540251515,256,0.05,1,1,-7.039061285567409
79070,757,49.003182962739146,256,0.05,1,1,-5.73945250035135
79200,757,48.7956792595406,256,0.01875,1,1,-5.766452449957934
79320,772,49.15680632216489,258,0.01875,1,1,-7.146213962908988
79440,772,48.96005000846777,258,0.01875,1,1,-7.182326487905508
79570,833,48.94603997270662,259,0.01875,1,1,-7.852195735044096
79690,833,48.94603997270662,249,0.01875,1,1,7.8676410645836405
79810,100,48.83582982070728,250,0.05,1,1,-7.877632113813982
79940,100,48.61550713135859,250,0.05,1,1,5.482662908130356
80060,165,49.1613962077902,254,0.05,1,1,-5.511056944887126
80180,165,48.980053763784,254,0.05,1,1,-5.698792615507926
80300,700,49.34358692186569,257,0.01875,1,1,-5.707494287835478
80430,700,49.09919706871454,257,0.01875,1,1,-7.085114477574482
80550,700,48.87272045857478,257,0.05,1,1,-7.107072632917374
80670,540,48.991963158987836,259,0.01875,1,1,-5.852397504429854
80800,957,49.17487746759953,262,0.05,1,1,-7.240011588664079
80920,957,49.035662813175435,262,0.01875,1,1,-6.195400013704777
81040,957,48.85182478686135,262,0.01875,1,1,-7.424067211800817
81160,796,49.066947426407104,264,0.01875,1,1,-7.817714668050745
81290,796,49.066947426407104,251,0.01875,1,1,-7.859108180641958
81410,189,49.03573055229562,253,0.05,1,1,-7.852623117722504
81530,189,48.84405367025343,253,0.05,1,1,-5.370249369759104
81660,527,49.01357110038469,255,0.05,1,1,-5.467608950809788
81780,527,48.828711647608515,255,0.05,1,1,-5.480499059151175
81900,922,49.01135933003643,257,0.01875,1,1,-5.7193249547986404
82030,922,48.78358249478881,257,0.05,1,1,-7.09961516483246
82150,682,49.103666514360896,259,0.01875,1,1,-5.880318958741695
82270,682,48.944761036916674,259,0.01875,1,1,-7.243643678318822
82390,682,48.772185778051295,259,0.01875,1,1,7.820283988181946
82520,215,48.87380286009316,261,0.01875,1,1,-7.838791537032275
82640,215,48.87380286009316,250,0.01875,1,1,7.850644740162789
82760,253,48.86941518306845,252,0.05,1,1,-7.901297665869638
82890,253,48.678805868019225,252,0.05,1,1,5.3064480562994545
83010,978,48.91278143731853,254,0.05,1,1,-5.458211758992016
83130,978,48.672582238224194,254,0.01875,1,1,5.4714706483386895
83260,871,48.75515616363043,256,0.05,1,1,-7.023655849292869
83380,871,48.52131900325171,256,0.05,1,1,5.82731129919973
83500,552,48.93406735316253,258,0.01875,1,1,-6.053799248342658
83620,778,49.13941403099388,251,0.01875,1,1,-7.260085359753599
83750,47,48.991255141788834,252,0.05,1,1,7.850032850416032
83870,569,48.968992525479514,253,0.05,1,1,-5.307180125496052
83990,569,48.71736325562345,253,0.01875,1,1,5.396963062557024
84120,806,48.820006181271154,255,0.01875,1,1,-7.133876367765443
84240,806,48.65992921580398,255,0.05,1,1,7.304144745326014
84360,748,49.22180375199606,259,0.01875,1,1,-6.264616404650686
84480,748,49.22180375199606,252,0.01875,1,1,-7.8398851561059475
84610,748,48.88354387681801,252,0.05,1,1,-7.8760337482729925
84730,748,48.71752118463696,252,0.05,1,1,5.175144655819299
84850,197,49.00074117627563,254,0.01875,1,1,-5.364453905580272
84980,197,48.80126691354811,254,0.05,1,1,-7.015616509243091
85100,746,49.01253217944131,256,0.01875,1,1,-5.631779206393202
85220,746,48.7861566980034,256,0.01875,1,1,-7.154934851931422
85350,868,49.08433414281876,258,0.01875,1,1,-7.221500940481529
85470,868,48.8627697415422,258,0.01875,1,1,-7.2397274974826615
85590,868,48.8627697415422,249,0.01875,1,1,7.8511536280464265
85710,720,49.03554992422877,251,0.01875,1,1,-7.881275677110314
85840,720,48.8031235963852,251,0.01875,1,1,-6.978950542228703
85960,105,48.613403222887726,251,0.05,1,1,7.0239930269625095
86080,103,48.821638164602746,253,0.01875,1,1,-5.778999708191895
86210,53,48.73145448474845,254,0.01875,1,1,-7.118863046172849
86330,53,48.55711181344493,254,0.01875,1,1,7.164918788570078
86450,246,49.096977880720424,258,0.01875,1,1,-7.42657590705321
86580,246,48.88847217109735,258,0.01875,1,1,-7.852043943530073
86700,713,48.97857311811478,260,0.01875,1,1,-7.872003840841069
86820,738,49.3257050468699,252,0.01875,1,1,-7.874497105382107
86940,738,48.95270867378434,252,0.05,1,1,-7.906242039147338
87070,93,48.91559930698652,253,0.05,1,1,-5.330328993962322
87190,93,48.69786018049159,253,0.05,1,1,5.532945699226615
87310,927,49.18077394808561,257,0.05,1,1,-5.661940090835531
87440,927,48.95613027909481,257,0.01875,1,1,-5.680827762990582
87560,965,49.18699290582341,260,0.01875,1,1,-7.112123607223551
87680,965,48.87753621313697,260,0.01875,1,1,-7.234826300055828
87810,588,49.052118360049164,262,0.05,1,1,-7.288783788731192
87930,588,48.90473634012104,262,0.01875,1,1,-6.172646467825117
88050,124,48.928603442276184,263,0.01875,1,1,-7.3183198675454175
88170,51,48.757204797237584,263,0.01875,1,1,7.8271264491255
88300,845,48.89743254212541,265,0.01875,1,1,-7.841868720968255
88420,428,48.98631631329951,267,0.01875,1,1,-7.849697536442037
88540,231,49.29448242560602,255,0.01875,1,1,-7.888588939318653
88670,231,48.889155435588805,255,0.01875,1,1,-7.905705056721927
88790,968,49.05711361593855,257,0.01875,1,1,-7.144782102049834
88910,968,48.82622915763037,257,0.01875,1,1,-7.186204600738799
89030,4,49.01513706840318,258,0.01875,1,1,-7.1890431444661305
89160,4,48.74730526286671,258,0.01875,1,1,-7.252173184904535
89280,819,48.937718738053306,253,0.01875,1,1,7.862629999959568
89400,385,48.89624281482966,254,0.05,1,1,-7.900033203040335
89530,1015,49.09190320366879,257,0.01875,1,1,-5.291243526899471
89650,1015,48.93577269958628,257,0.05,1,1,-6.8982614188421305
89770,922,49.09902199428148,259,0.01875,1,1,-5.437932930579383
89900,922,48.896428324799466,259,0.01875,1,1,-6.964382283474602
90020,510,49.00573669803959,261,0.05,1,1,-6.986563866892205
90140,510,48.81510824550128,261,0.01875,1,1,-5.568907805662105
90260,853,48.916405651969605,263,0.01875,1,1,-7.024044555250999
90390,721,49.00758780498847,265,0.01875,1,1,-7.122361137707899
90510,721,49.00758780498847,255,0.01875,1,1,-7.320579415529148
90630,675,49.09657228084223,257,0.05,1,1,-7.903038803507627
90760,675,48.9256710864285,257,0.01875,1,1,-5.117775729142285
90880,585,48.907735095028045,258,0.01875,1,1,-6.907425504001675
91000,327,48.88112175722807,259,0.05,1,1,7.0389469031283705
91130,547,48.93257406458559,260,0.05,1,1,-5.729874777641753
91250,585,48.87271181196702,261,0.01875,1,1,5.916752696748963
91370,721,49.255820705921835,256,0.01875,1,1,-7.843518864808914
91490,721,48.76572365920751,256,0.01875,1,1,-7.916774877352972
91620,501,48.787969064009054,258,0.05,1,1,-7.158692575649357
91740,501,48.629880020993696,258,0.05,1,1,6.086661530513912
91860,502,48.831270062997376,260,0.01875,1,1,-6.203730477611936
91990,502,48.831270062997376,255,0.01875,1,1,7.838019970695845
92110,634,48.927568708552286,257,0.05,1,1,-7.852869769390776
92230,961,49.09836089824858,259,0.05,1,1,-5.0981770913288775
92360,961,48.87198541681067,259,0.05,1,1,-5.258729863013881
92480,810,48.86828768714827,260,0.05,1,1,-5.4971961621970715
92600,386,48.97895013923063,261,0.01875,1,1,5.739694624030558
92720,192,49.072406906628565,262,0.01875,1,1,-7.140171909947388
92850,192,48.88521561250986,262,0.01875,1,1,-7.857329971411803
92970,716,49.23633997334552,265,0.01875,1,1,-7.8526462500664485
93090,716,48.93831838688594,265,0.01875,1,1,-7.861434446923091
93220,591,49.26107616578008,257,0.01875,1,1,-7.879081722725727
93340,591,48.94076705710245,257,0.01875,1,1,-7.909164800306487
93460,317,48.88814343971553,258,0.01875,1,1,-6.972569107289092
93580,317,48.68864969235255,258,0.05,1,1,6.998859698705256
93710,979,48.85168661041368,260,0.01875,1,1,-5.6516059155132785
93830,979,48.60653495694865,260,0.01875,1,1,7.155003727668305
93950,532,49.20845742543611,264,0.05,1,1,-7.148229580760439
94080,532,49.05500435299679,264,0.01875,1,1,-5.856888366979286
94200,532,48.86463170495194,264,0.01875,1,1,-7.251496695868564
94320,894,48.95631224273808,266,0.01875,1,1,-7.833486175720009
94450,365,48.94950869778829,267,0.01875,1,1,7.863566903963361
94570,302,49.128013433831754,257,0.01875,1,1,-7.8655109375752
94690,10,48.62657853311259,257,0.05,1,1,7.86661150089776
94810,191,48.76973319639271,259,0.05,1,1,-5.847379246094946
94940,341,48.79536988657185,260,0.01875,1,1,5.928993397287883
95060,405,49.00833925234589,262,0.01875,1,1,-7.261957451543964
95180,405,48.82170769243386,262,0.01875,1,1,-7.858809763879267
95310,290,48.57464446108877,262,0.01875,1,1,7.867435521971801
95430,488,48.61882095552107,264,0.01875,1,1,7.861051859497402
95550,59,48.853517806646245,257,0.01875,1,1,7.892471572106757
95680,661,49.18883171595065,260,0.05,1,1,-7.926340554498612
95800,661,48.999111342453176,260,0.05,1,1,-5.241864749259657
95920,443,48.8771765706943,261,0.05,1,1,-5.259438727206631
96040,987,48.94754728700803,263,0.05,1,1,-5.463898351151023
96170,396,49.18689819602504,265,0.01875,1,1,-5.938035098560495
96290,396,48.98039761260271,265,0.01875,1,1,-7.195343610538131
96410,779,48.935701499113634,266,0.01875,1,1,-7.845310760780623
96540,779,48.70000578937783,266,0.01875,1,1,7.873381466309697
96660,599,49.09521207232829,259,0.01875,1,1,-7.879480694735962
96780,599,48.7536657582938,259,0.05,1,1,7.8877757601908645
96900,924,49.125366595076066,262,0.05,1,1,-5.0865212365166474
97030,924,48.9158042470063,262,0.05,1,1,-5.464334592575346
97150,802,48.95735730097532,263,0.05,1,1,5.521550363145275
97270,998,49.21839406919555,266,0.01875,1,1,-5.621857938358539
97400,998,49.03982206691007,266,0.01875,1,1,-7.181439765209704
97520,998,48.85729744717764,266,0.01875,1,1,-7.847780060384677
97640,780,49.07056388426007,268,0.01875,1,1,-7.855281640578647
97770,780,49.07056388426007,259,0.01875,1,1,-7.858174121405186
97890,489,48.899470489548904,260,0.01875,1,1,-7.883873035538214
98010,143,49.06814717731463,262,0.05,1,1,-6.890460198108104
98130,143,48.84991537892424,262,0.05,1,1,-5.471633120892362
98260,910,49.17045924232757,265,0.05,1,1,-5.590070769177521
98380,910,48.84017766745085,265,0.01875,1,1,-5.684277579771784
98500,711,49.36906741463322,262,0.05,1,1,-7.170292207489297
98630,711,48.99060611094055,262,0.05,1,1,-6.253688784142511
98750,202,49.04631687955772,263,0.05,1,1,-5.259547068346816
98870,202,48.86194458399122,263,0.01875,1,1,-5.6302981341678064
99000,939,49.019514674351015,265,0.01875,1,1,-7.043348128433383
99120,939,48.79278912749055,265,0.01875,1,1,-7.097636123205026
99240,939,48.47020074215237,265,0.01875,1,1,7.204214762857668
99360,785,48.88997757972464,267,0.01875,1,1,-7.240709917768519
99490,837,49.050981578749486,269,0.01875,1,1,-7.434581134450684
99610,837,49.050981578749486,260,0.01875,1,1,-7.869495058339826
99730,304,48.745552194947145,260,0.05,1,1,7.878607846772947
99860,703,49.04706681902275,263,0.05,1,1,-5.007558855526249
99980,703,48.90806429786749,263,0.05,1,1,-5.18149376978331
100100,790,49.1523653692188,265,0.01875,1,1,-5.291001165309753
100230,790,48.998434403116995,265,0.05,1,1,-6.860766572839114
100350,922,49.17344632526146,267,0.01875,1,1,-5.483783802107293
100470,922,48.97875562163552,267,0.01875,1,1,-6.952206482087302
100590,922,48.82036092005765,267,0.01875,1,1,7.1043007580209645
100720,734,49.21615527862308,271,0.01875,1,1,-7.13765044024961
100840,734,49.02724656328452,271,0.01875,1,1,-7.838309745119477
100960,734,48.839892786414936,271,0.01875,1,1,-7.860695174046193
101090,734,48.839892786414936,259,0.01875,1,1,7.862594409482579
101210,976,49.14838287886073,262,0.05,1,1,-7.8615450853490625
101330,976,48.9886489141531,262,0.05,1,1,-5.003371405061017
101450,132,49.325313568725505,264,0.05,1,1,-5.135999413676439
101580,132,49.16788537696391,264,0.05,1,1,-5.175574707238918
101700,132,48.992686201701034,264,0.01875,1,1,-5.511237890040746
101820,803,48.98907277214382,265,0.01875,1,1,-6.971425624148756
101950,790,49.102001228426225,267,0.01875,1,1,-7.058543682303893
102070,790,48.9052449147291,267,0.05,1,1,-7.0566756503834975
102190,391,48.9896456447749,269,0.01875,1,1,-5.767524193633564
102320,683,49.11883863959698,271,0.01875,1,1,-7.145206912944957
102440,683,48.88979260478428,271,0.01875,1,1,-7.377836487073952
102560,834,49.103668594967836,260,0.01875,1,1,-7.854823230556775
102680,834,48.77090871380138,260,0.05,1,1,7.884815641150418
102810,533,49.17335594289598,263,0.05,1,1,-5.021491480361755
102930,533,48.99910245411477,263,0.05,1,1,-5.43579016428021
103050,847,48.98853255049346,265,0.01875,1,1,-5.544505306555987
103180,26,48.835884773798874,265,0.01875,1,1,7.054305519891777
103300,993,48.93519938000786,267,0.01875,1,1,-7.3745125777337766
103420,870,49.25890535628989,262,0.01875,1,1,-7.832671112261377
103550,870,48.91529244542588,262,0.05,1,1,-7.895350451931395
103670,711,49.22609113044723,265,0.01875,1,1,-5.422715656041309
103790,711,48.98893672797677,265,0.01875,1,1,-6.977840644264589
103910,86,49.02504166408917,266,0.05,1,1,-7.095454911966977
104040,86,48.87095860793592,266,0.01875,1,1,-5.808668710416244
104160,857,48.86246918007583,267,0.01875,1,1,-7.8385711451919065
104280,721,49.249059032508406,262,0.01875,1,1,-7.834117977953487
104410,721,48.94763469883249,262,0.05,1,1,-7.856419914607851
104530,831,49.0704537291666,264,0.01875,1,1,-5.2069348404331635
104650,831,48.82536364333827,264,0.01875,1,1,-6.85911308878206
104770,1020,48.99607701949463,267,0.05,1,1,-6.87651193125562
104900,1004,49.27062443289241,270,0.05,1,1,-5.856526203378196
105020,1004,48.94803604755423,270,0.01875,1,1,-6.000970428331449
105140,1004,48.75963972248068,270,0.05,1,1,7.26988084900214
105270,1018,48.98757806469425,273,0.01875,1,1,-6.22472630498464
105390,23,48.780226328498884,274,0.01875,1,1,-7.8622505141220635
105510,986,49.11567268451648,266,0.01875,1,1,-7.8827745077428295
105640,986,48.74664095015649,266,0.01875,1,1,7.93025733181104
105760,747,48.86406899665162,268,0.05,1,1,-6.994406385527485
105880,747,48.60537202397265,268,0.05,1,1,5.604457157813179
106000,510,48.998366753539905,271,0.01875,1,1,-5.745500812461161
106130,282,48.76366990241473,271,0.01875,1,1,7.3200956929168335
106250,790,49.18383668964543,267,0.01875,1,1,-7.8629422218954605
106370,790,48.789158965044344,267,0.05,1,1,-7.887341682560028
106500,31,48.82183575304095,268,0.05,1,1,5.261529666622597
106620,959,49.102882369065064,271,0.01875,1,1,-5.742010834472131
106740,959,48.93316502292492,271,0.01875,1,1,-7.185610691798888
106870,44,48.97881468300114,272,0.01875,1,1,-7.801589115295524
106990,982,49.21176429166942,275,0.01875,1,1,-7.8483216640796405
107110,982,49.00271120329202,275,0.01875,1,1,-7.864375102391629
107230,982,48.79801442953029,275,0.01875,1,1,-7.862185746494648
107360,938,49.05543002938554,278,0.01875,1,1,-7.874797998853501
107480,938,49.05543002938554,268,0.01875,1,1,-7.87235944075688
107600,798,49.12052280322555,270,0.01875,1,1,-7.881986323335543
107730,798,48.90617152028948,270,0.01875,1,1,-6.908611849449767
107850,163,48.95213008938902,271,0.05,1,1,7.046682886762054
107970,837,49.02242489896781,273,0.01875,1,1,-5.656792520601678
108100,837,48.73014806202229,273,0.05,1,1,-7.170872866404636
108220,206,49.15059801267427,276,0.05,1,1,-6.069501221274331
108340,206,48.9892191232272,276,0.01875,1,1,-6.098964939590593
108460,268,49.035504393809816,277,0.01875,1,1,-7.816879242357406
108590,268,48.84665410251899,277,0.01875,1,1,-7.841082262883703
108710,564,49.088277088223506,279,0.01875,1,1,-7.855231326223445
108830,564,48.86814106587007,279,0.01875,1,1,-7.862555290397202
108960,200,49.11985791484252,268,0.01875,1,1,-7.871236218294252
109080,200,48.82195738164541,268,0.05,1,1,7.880572857679697
109200,326,48.889996016233574,269,0.01875,1,1,-5.151797814436937
109320,997,49.14728494228641,272,0.01875,1,1,-6.8696758545819
109450,997,48.97547157773961,272,0.05,1,1,-6.979320629797886
109570,657,49.195674449590044,274,0.01875,1,1,-5.553271224415505
109690,657,49.01013767907659,274,0.01875,1,1,-7.043178699741193
109820,657,48.77618410600472,274,0.01875,1,1,-7.055584169166048
109940,657,48.64872529755399,274,0.05,1,1,7.102351267133266
110060,403,48.88782965980427,276,0.01875,1,1,-5.788680968807729
110190,268,48.93756477322375,277,0.01875,1,1,-7.802100187701642
110310,5,49.217021791835734,267,0.01875,1,1,-7.8407419625408155
110430,5,48.91192731657196,267,0.05,1,1,-7.868162052350385
110550,51,48.717236612946024,267,0.05,1,1,4.988011231533833
110680,578,48.80575715489758,268,0.05,1,1,-5.194860508435954
110800,169,48.879114883828116,269,0.05,1,1,-5.505608315853445
110920,388,49.204453619222775,271,0.01875,1,1,-5.522501887758941
111050,388,49.02468600435821,271,0.01875,1,1,-6.967525423397312
111170,388,48.83523934415238,271,0.01875,1,1,-7.0495994402368956
111290,216,49.05962475148238,264,0.01875,1,1,-7.078457415608655
111420,52,48.99330621908097,265,0.05,1,1,-7.862953486424316
111540,52,48.81896354777746,265,0.01875,1,1,5.332734296767816
111660,462,48.955611712259376,267,0.01875,1,1,-6.862184685652552
111780,462,48.771958641136784,267,0.05,1,1,7.054706943026381
111910,520,48.89742887354011,268,0.01875,1,1,-5.712975367734315
112030,520,48.70184033150001,268,0.01875,1,1,7.0946971694229495
112150,620,48.87518809304796,270,0.01875,1,1,-7.148061388216317
112280,117,48.835602270712954,271,0.05,1,1,-7.140952580882219
112400,436,49.04015262723106,273,0.01875,1,1,-5.981580113081749
112520,436,48.89762884366363,273,0.01875,1,1,-7.251725664431994
112640,436,48.71062136501292,273,0.01875,1,1,7.3813110682761165
112770,916,49.149730138706765,276,0.01875,1,1,-7.821655219672397
112890,916,48.88371000675166,276,0.01875,1,1,-7.861309054522162
113010,615,49.22306907106266,264,0.01875,1,1,-7.879597825161201
113140,615,48.90981306112619,264,0.05,1,1,-7.899420056135418
113260,467,48.92287850013537,265,0.05,1,1,-4.930087613711318
113380,467,48.711547345134264,265,0.01875,1,1,5.323672782242891
113510,154,48.85235667044408,267,0.05,1,1,-6.944953307131675
113630,941,49.07870844456514,270,0.05,1,1,-5.634894863844432
113750,941,48.90389202443804,270,0.01875,1,1,-5.813800772383892
113870,650,49.137591075842586,272,0.01875,1,1,-7.293393867755016
114000,650,49.137591075842586,264,0.01875,1,1,-7.8524142704378095
114120,831,49.06440482489733,266,0.01875,1,1,-7.86240123854963
114240,831,48.84848848008304,266,0.05,1,1,-6.876286328107541
114370,73,48.59880775554756,266,0.01875,1,1,5.412504863032102
114490,797,49.014196736940804,269,0.01875,1,1,-7.209040443767469
114610,797,49.014196736940804,264,0.01875,1,1,-7.299601068675408
114740,438,48.92670921985293,266,0.01875,1,1,-7.853558702531976
114860,141,49.19687054671746,268,0.01875,1,1,-6.99670379578919
114980,141,49.01084428727383,268,0.01875,1,1,-7.352526669286845
115100,141,49.01084428727383,264,0.01875,1,1,-7.822630915061173
115230,902,49.13609112059074,267,0.05,1,1,-7.860635577996033
115350,902,48.96430930993921,267,0.01875,1,1,-5.353913918927741
115470,365,48.925193679741916,268,0.01875,1,1,-7.38561522649397
115600,995,49.2207729925103,266,0.01875,1,1,-7.850007393984831
115720,995,48.940627450014695,266,0.05,1,1,-7.867509639248274
115840,995,48.77883037391982,266,0.05,1,1,4.9268871130461385
115970,116,48.8667006717888,267,0.05,1,1,-4.960695985230119
116090,908,49.24035191991432,270,0.01875,1,1,-5.197702115751538
116210,908,49.058998505546406,270,0.05,1,1,-6.914079490876839
116330,908,48.83172182206975,270,0.01875,1,1,-5.580391734162713
116460,780,49.09465660924259,272,0.05,1,1,-7.085160489127515
116580,780,48.90128957989388,272,0.01875,1,1,-5.745646740938403
116700,189,49.034478750104235,274,0.01875,1,1,-7.1089603340492875
116830,189,48.77876448289766,274,0.01875,1,1,-7.132731865851296
116950,638,48.898952658958656,276,0.05,1,1,-7.159683066263618
117070,249,48.90884332132994,277,0.01875,1,1,-5.917055602707181
117190,249,48.71406695848633,277,0.01875,1,1,7.208254998429071
117320,530,48.91086191130746,279,0.01875,1,1,-7.837431573869579
117440,528,49.197342701337654,265,0.01875,1,1,-7.866405551155052
117560,528,48.85791319570983,265,0.01875,1,1,-7.890096864798478
117690,57,48.67449679751157,265,0.01875,1,1,7.006055608978799
117810,625,48.8476534613421,267,0.01875,1,1,-7.059150951864728
117930,146,48.835355354838754,268,0.01875,1,1,-7.093725552549944
118060,672,49.191518651965616,270,0.01875,1,1,-7.219329276056574
118180,672,49.00298005279632,270,0.01875,1,1,-7.34108052530037
118300,672,48.80794195015875,270,0.01875,1,1,-7.841513498216375
118420,685,49.141448089969224,273,0.01875,1,1,-7.862346187099245
118550,685,48.904192076251086,273,0.01875,1,1,-7.866570296411729
118670,774,49.0469390634001,275,0.01875,1,1,-7.875360164833341
118790,774,49.0469390634001,264,0.01875,1,1,-7.888446607178684
118920,988,49.164610395732865,267,0.05,1,1,-7.903780556505265
119040,988,48.979073625219414,267,0.05,1,1,-5.2999773447949865
119160,14,49.04803087069775,268,0.05,1,1,-5.32640453231617
119290,14,48.81731138345159,268,0.01875,1,1,-5.427580409403156
119410,691,48.99022448013476,270,0.05,1,1,-6.974973416377394
119530,691,48.850323644366476,270,0.01875,1,1,5.7680673912533305
119650,204,49.12840372286709,272,0.01875,1,1,-7.106736194751839
119780,204,48.90361371624101,272,0.01875,1,1,-7.818546770145518
119900,811,48.88185443435763,273,0.01875,1,1,7.844208488122076
120020,244,49.01451795317192,275,0.01875,1,1,-7.88283038952221
120150,244,49.01451795317192,264,0.01875,1,1,-7.881578944760194
120270,244,48.709129810521674,264,0.05,1,1,7.892579899827283
120390,781,48.952243506099464,266,0.05,1,1,-5.023843301275745
120520,989,49.12965604164401,269,0.05,1,1,-5.16658144186187
120640,989,48.95894367524832,269,0.05,1,1,-5.512982387026432
120760,525,49.133108316864366,271,0.01875,1,1,-5.676792130466166
120880,525,48.883831961838915,271,0.01875,1,1,-7.849139143158965
121010,578,49.13205927446391,265,0.01875,1,1,-7.8838443671508625
121130,637,49.05620827955259,267,0.05,1,1,-7.893336594297967
121250,637,48.877636277267115,267,0.05,1,1,-5.313634143208734
121380,527,49.02337588193968,269,0.01875,1,1,-5.457397861500043
121500,527,48.7736951574042,269,0.05,1,1,-7.073333487929607
121620,75,48.63606821793232,269,0.05,1,1,5.7996100869985225
121740,791,48.858636569221225,271,0.01875,1,1,-5.883159129886747
121870,917,49.13101358860596,274,0.01875,1,1,-7.815758202626792
121990,917,48.88394539665737,274,0.01875,1,1,-7.864679659921508
122110,607,49.19086827797126,267,0.01875,1,1,-7.8928768624611365
122240,607,48.87408403545772,267,0.05,1,1,-7.8924735281247225
122360,742,49.2161135191279,270,0.05,1,1,-5.142414845480654
122480,742,49.06266044668858,270,0.05,1,1,-5.179279831481183
122610,742,48.862319199513664,270,0.01875,1,1,-5.295904384872788
122730,742,48.69617043868063,270,0.05,1,1,6.949520631923042
122850,478,49.01564596644608,273,0.01875,1,1,-5.551230392747827
122970,478,48.79972962163179,273,0.01875,1,1,-7.016234649572495
123100,253,48.94093606665893,275,0.05,1,1,-7.030302650999997
123220,368,48.67195087202645,275,0.01875,1,1,5.667964319616217
123340,698,48.9282328854449,277,0.05,1,1,-7.1155847398345005
123470,213,49.11441364634617,279,0.01875,1,1,-5.987488266510828
123590,213,48.93143321949974,279,0.01875,1,1,-7.8272039180347335
123710,723,49.03569434833484,281,0.01875,1,1,-7.854897199360795
123840,723,48.81659668192498,281,0.01875,1,1,-7.858499773158575
123960,636,49.17635861220606,268,0.01875,1,1,-7.880797099128125
124080,308,49.15906441069895,268,0.05,1,1,-7.880056272893851
124200,308,48.81450307844351,268,0.05,1,1,-5.6823201128212935
124330,11,48.62714930157392,268,0.05,1,1,4.9328346107743135
124450,794,48.925102212697084,270,0.01875,1,1,-5.590134978168498
124570,364,48.975649876224864,271,0.01875,1,1,-7.1096037402365075
124700,983,49.27654510981715,274,0.01875,1,1,-7.1151317107801955
124820,983,49.08541144490599,274,0.01875,1,1,-7.808595057133221
124940,983,49.08541144490599,267,0.01875,1,1,-7.8138789469936
125060,92,48.94342136923323,268,0.05,1,1,-7.86406665814168
125190,92,48.74831769448461,268,0.05,1,1,5.202462541789511
125310,964,49.29423685786072,272,0.05,1,1,-5.44207928451094
125430,964,49.09341126275819,272,0.05,1,1,-5.509006081596406
125560,964,48.8777510649589,272,0.05,1,1,-5.519802580699257
125680,964,48.65842759710721,272,0.05,1,1,5.555055569610655
125800,518,49.19479392964838,275,0.05,1,1,-5.666143971940935
125930,518,48.999903625112744,275,0.01875,1,1,-5.69188127999449
126050,260,49.126912251955254,276,0.01875,1,1,-7.051198572763667
126170,260,48.98649567246622,276,0.01875,1,1,-7.138386913552694
126290,344,48.83386621332187,276,0.01875,1,1,7.813772256839285
126420,782,49.05065558987909,278,0.01875,1,1,-7.819166951768003
126540,782,49.05065558987909,265,0.01875,1,1,-7.832652474471569
126660,465,48.87600297239162,266,0.05,1,1,-7.855987672942576
126790,465,48.66523597290961,266,0.05,1,1,5.334674810815162
126910,876,48.8547753714757,268,0.05,1,1,-5.469459503369218
127030,876,48.67064560032375,268,0.05,1,1,5.630754000263256
127160,1011,48.98201928285494,271,0.01875,1,1,-5.67023954473413
127280,361,48.7653608316814,271,0.01875,1,1,7.096647394077289
127400,684,49.17172162448567,274,0.01875,1,1,-7.125897579925407
127520,684,49.00204209233017,274,0.01875,1,1,-7.211306501647169
127650,684,48.79527790633389,274,0.01875,1,1,-7.230189535125064
127770,315,48.79527790633389,264,0.01875,1,1,7.848290411510092
127890,452,48.968248658588394,266,0.05,1,1,-7.873529350214604
128020,871,49.09359284716616,268,0.05,1,1,-5.33403431952891
128140,871,48.9051965220926,268,0.01875,1,1,-5.408733001449151
128260,460,49.011245355262425,270,0.01875,1,1,-6.976605549031831
128390,460,48.83445137044851,270,0.01875,1,1,-7.11370840130168
128510,298,48.59919905265141,270,0.01875,1,1,7.3357968357623315
128630,395,48.93193701682081,273,0.01875,1,1,-7.85393905624022
128750,77,49.137694093462756,266,0.01875,1,1,-7.887583522806305
128880,77,48.74356758104889,266,0.01875,1,1,7.882959971380007
129000,738,48.96517828787662,268,0.01875,1,1,-7.1177371127394125
129120,631,48.99837642904992,270,0.01875,1,1,-7.172971709835796
129250,753,49.14507118973165,272,0.01875,1,1,-7.175296354077322
129370,753,48.97056421464257,272,0.01875,1,1,-7.303578987120129
129490,727,49.19698405359468,275,0.01875,1,1,-7.837749703293681
129610,727,49.19698405359468,268,0.01875,1,1,-7.852172602704365
129740,727,48.8563703908469,268,0.05,1,1,-7.868546898990345
129860,400,48.9190985950966,269,0.05,1,1,-5.1576577960153545
129980,846,49.044949474680415,271,0.01875,1,1,-5.400715296966755
130110,846,48.81738864108604,271,0.01875,1,1,-7.126094907027436
130230,1017,48.921721245198896,273,0.01875,1,1,-7.166345697260264
130350,356,48.95901209887939,274,0.01875,1,1,7.243042915945628
130480,460,49.08574555158439,276,0.01875,1,1,-7.865003092071397
130600,460,48.86426606044484,276,0.01875,1,1,-7.8759106325652795
130720,414,49.209536204730675,269,0.01875,1,1,-7.883891991971944
130840,414,48.89821700130488,269,0.01875,1,1,-7.88123414787753
130970,858,48.850145039124854,270,0.01875,1,1,-6.944961432364377
131090,1004,49.14223947714385,273,0.05,1,1,-6.978078417134288
131210,1004,48.95338918585303,273,0.01875,1,1,-5.665334140871938
131340,903,49.211302311194224,276,0.01875,1,1,-7.088833056051519
131460,903,49.211302311194224,270,0.01875,1,1,-7.1154830339943596
131580,903,48.86834288711152,270,0.05,1,1,-7.880182811058188
131710,841,48.89887388185973,271,0.01875,1,1,-5.45666250585697
131830,362,48.69190970456898,271,0.01875,1,1,6.953058194617852
131950,917,49.118693672661735,274,0.05,1,1,-6.994245972114915
132070,917,48.938378384489646,274,0.01875,1,1,-5.602416858067947
132200,800,48.999767976073095,275,0.01875,1,1,7.033394615306704
132320,742,49.20709534923803,278,0.05,1,1,-7.080784285703868
132440,742,49.049667160496554,278,0.05,1,1,-5.728350673578045
132570,742,48.88265977784011,278,0.01875,1,1,-5.878036508908813
132690,742,48.71473559090997,278,0.01875,1,1,7.837389686585963
132810,683,48.92426741192104,280,0.01875,1,1,-7.8460467429727405
132930,884,49.061295887281844,282,0.01875,1,1,-7.846824438587341
133060,884,48.86074151045763,282,0.01875,1,1,-7.857216067900887
133180,933,49.38025395438955,271,0.01875,1,1,-7.863321338889218
133300,933,49.025196478217964,271,0.05,1,1,-7.869943856241628
133430,933,48.83574981801213,271,0.05,1,1,-5.243159026283959
133550,816,48.74988219261336,272,0.01875,1,1,-5.45694066417966
133670,727,49.05824715334567,275,0.05,1,1,-7.117802752592116
133800,727,49.05824715334567,270,0.01875,1,1,-6.175502917823462
133920,91,48.698075917649454,270,0.05,1,1,7.873840984709746
134040,141,49.00928097510186,272,0.05,1,1,-5.296025636620271
134160,141,48.786253580534314,272,0.05,1,1,-5.455663568029748
134290,141,48.66025021538978,272,0.05,1,1,5.4698066947907185
134410,812,49.05928350640341,275,0.01875,1,1,-5.71727168237803
134530,812,49.05928350640341,269,0.01875,1,1,-7.799969180966521
134660,106,48.67283875489037,269,0.05,1,1,7.8637939552673535
134780,737,49.070040814268474,272,0.05,1,1,-5.507251828932162
134900,737,48.86118747568844,272,0.01875,1,1,-5.479467229195637
135030,901,49.191690644280335,275,0.01875,1,1,-7.108231246546786
135150,901,48.939973795307885,275,0.01875,1,1,-7.186743423298604
135270,592,49.02104140946604,276,0.01875,1,1,-7.300432002434465
135390,592,48.847550637242605,276,0.01875,1,1,-7.304347444739205
135520,999,49.08089674330332,279,0.01875,1,1,-7.8347062197093695
135640,999,48.827892172504065,279,0.01875,1,1,-7.851373019227302
135760,427,48.7429964323896,280,0.01875,1,1,-7.870005390874825
135890,427,48.7429964323896,269,0.01875,1,1,7.8947599985508985
136010,509,48.87895682644519,272,0.05,1,1,-7.898400175259882
136130,419,48.84931406697495,273,0.05,1,1,-5.317042539800318
136260,889,48.82157675084744,274,0.05,1,1,-5.415107748569537
136380,889,48.642295591796696,274,0.01875,1,1,5.6975049869073775
136500,651,49.094256990077795,277,0.01875,1,1,-7.10405464827964
136620,651,48.914376024937255,277,0.01875,1,1,-7.855809823154949
136750,455,49.24441242999255,272,0.01875,1,1,-7.857883718014364
136870,455,48.872627338235816,272,0.05,1,1,-7.856253364971264
136990,174,49.08094852046133,274,0.05,1,1,-5.378704682340996
137120,174,48.831672165435876,274,0.01875,1,1,-5.4805074629548045
137240,977,48.86383392629138,276,0.01875,1,1,-7.0568332484213565
137360,394,48.929249287459534,277,0.05,1,1,-7.298649963501124
137480,394,48.75810657788994,277,0.01875,1,1,6.226369482950994
137610,188,49.01512265449815,279,0.01875,1,1,-7.833494601417341
137730,188,48.80767585922271,279,0.01875,1,1,-7.849489807906358
137850,838,49.07247852110496,281,0.01875,1,1,-7.84435047421486
137980,838,48.806617232529334,281,0.01875,1,1,-7.873910580319429
138100,747,49.13480590394866,272,0.01875,1,1,-7.8767595592529815
138220,747,48.78698146371866,272,0.05,1,1,7.899365902942822
138350,953,49.09371065288607,275,0.05,1,1,-5.161005806947694
138470,953,48.87652077748699,275,0.01875,1,1,-5.461411791190573
138590,779,48.886910985565514,276,0.05,1,1,-7.063411070650287
138710,375,48.85393838785396,277,0.01875,1,1,-5.676968282770096
138840,375,48.606870195905366,277,0.01875,1,1,7.081638115492408
138960,154,49.04140158844098,280,0.01875,1,1,-7.104317512541323
139080,154,48.88677222050169,280,0.01875,1,1,-7.293405745778681
139210,428,49.082450676517645,282,0.01875,1,1,-7.822395210653545
139330,428,48.88429539113444,282,0.01875,1,1,-7.834661780433195
139450,272,48.681407129997524,282,0.01875,1,1,7.858265295020635
139580,170,48.887449798408085,284,0.01875,1,1,-7.868499382460628
139700,77,49.10177711870859,272,0.01875,1,1,-7.871316779945556
139820,77,48.781011904131866,272,0.01875,1,1,7.875203935342472
139940,101,48.81824081939601,273,0.05,1,1,-6.857609936820739
140070,475,48.762552645417145,274,0.05,1,1,5.398080598935414
140190,638,48.92383861337301,276,0.05,1,1,-5.529355014622984
140310,664,49.14517807556742,278,0.01875,1,1,-5.683944959416029
140440,664,48.91511306959052,278,0.01875,1,1,-7.07526390634224
140560,953,49.0819388243052,280,0.01875,1,1,-7.13246220294414
140680,953,48.90538841512003,280,0.01875,1,1,-7.249944463117641
140800,743,49.10853440873453,283,0.01875,1,1,-7.807810634030181
140930,743,49.10853440873453,273,0.01875,1,1,-7.8537530619954765
141050,762,48.95017096724546,275,0.01875,1,1,-7.892993095616162
141170,564,49.13027435159784,277,0.05,1,1,-7.001046568534417
141300,564,48.94423986903538,277,0.01875,1,1,-6.066956184233624
141420,719,49.187137017429684,280,0.01875,1,1,-7.234089486319183
141540,719,48.98137994078774,280,0.01875,1,1,-7.860641251111439
141670,186,49.15446895581855,275,0.01875,1,1,-7.865028336650261
141790,186,48.86869075840399,275,0.01875,1,1,-7.87296233948728
141910,750,49.15505249174286,278,0.05,1,1,-6.774777601811716
142030,750,48.941176501559305,278,0.05,1,1,-5.164029503275576
142160,178,48.9682045214346,279,0.05,1,1,-5.380615301015396
142280,178,48.822527814275986,279,0.01875,1,1,5.653376212280149
142400,706,49.2761962562636,275,0.01875,1,1,-7.066279803859855
142530,706,48.92498375426621,275,0.05,1,1,-7.825246669545234
142650,231,49.10883965208448,277,0.05,1,1,-5.197369934437836
142770,231,48.88974198567461,277,0.01875,1,1,-5.4615567125317135
142900,242,49.07840258036019,274,0.01875,1,1,-7.175330157997709
143020,242,48.79347183241301,274,0.01875,1,1,7.218656405293484
143140,216,48.8328821225077,275,0.01875,1,1,-6.777519119773285
143260,705,49.085190793702075,277,0.01875,1,1,-6.971661293088382
143390,705,48.8904776823183,277,0.01875,1,1,-7.131437665214743
143510,597,49.05049331322504,279,0.01875,1,1,-7.147425763112593
143630,597,48.79422017627424,279,0.01875,1,1,-7.137733186468566
143760,452,48.999787129886336,281,0.01875,1,1,-7.212513224500217
143880,452,48.82289725928699,281,0.01875,1,1,7.314716741706512
