sysTime,Action,ChannelUsed,TransJob,CPU,JobFaultProb,RunningJob,ActionQos
150,1,2.1316282072803006e-14,0,0.1,0.0,1,0.0
300,1,2.1316282072803006e-14,0,0.125,0.0,1,3.9319576304828003
450,1,1.7763568394002505e-14,0,0.125,0.0,1,3.991710832445556
590,1,1.7763568394002505e-14,0,0.125,0.0,1,3.991710832445556
730,1,1.7763568394002505e-14,0,0.125,0.0,1,3.991710832445556
880,1,1.7763568394002505e-14,0,0.125,0.0,1,3.991710832445556
1020,1,1.7763568394002505e-14,0,0.125,0.0,1,3.991710832445556
1160,1,1.7763568394002505e-14,0,0.125,0.56,1,3.991710832445556
1310,1,1.7763568394002505e-14,0,0.125,1,1,3.991710832445556
1440,6,1.7763568394002505e-14,0,0.1,1,1,3.991710832445556
1590,7,1.7763568394002505e-14,0,0.1,1,1,3.9271843470600465
1730,6,1.7763568394002505e-14,0,0.1,1,1,3.9271843470600465
1870,6,1.7763568394002505e-14,0,0.1,1,1,3.9271843470600465
2020,6,1.7763568394002505e-14,0,0.1,1,1,3.9271843470600465
2160,6,1.7763568394002505e-14,0,0.1,1,1,3.9271843470600465
2300,6,1.7763568394002505e-14,0,0.1,1,1,3.9271843470600465
2450,6,1.7763568394002505e-14,0,0.1,1,1,3.9271843470600465
2590,6,1.7763568394002505e-14,0,0.1,1,1,3.9271843470600465
2730,6,1.7763568394002505e-14,0,0.1,1,1,3.9271843470600465
2880,6,1.7763568394002505e-14,0,0.1,1,1,3.9271843470600465
3020,6,1.7763568394002505e-14,0,0.1,1,1,3.9271843470600465
3170,6,1.7763568394002505e-14,0,0.1,1,1,3.9271843470600465
3320,1,1.7763568394002505e-14,0,0.125,1,1,3.9271843470600465
3450,6,1.7763568394002505e-14,0,0.1,1,1,3.991710832445556
3600,0,11.111111111111125,4,0.1,1,1,3.9271843470600465
3740,0,12.962962962962976,5,0.1,1,1,3.9271843470600465
3890,7,42.79355563458597,13,0.125,1,1,3.9319576304828003
4040,0,36.70532419879322,18,0.125,1,1,3.9911198668547088
4180,0,35.86080252456654,20,0.125,1,1,3.9913731163943917
4320,0,30.373834074635127,20,0.1,1,1,3.9912971381579547
4470,0,31.51105610902956,21,0.125,1,1,3.92218485652585
4610,0,24.9690008005746,21,0.125,1,1,3.9893037434857828
4760,0,36.71193869660134,25,0.125,1,1,3.9892492443269947
4900,0,46.39476858546599,20,0.125,1,1,3.9898822201118804
5040,0,45.99552680506909,22,0.125,1,1,3.990532002406627
5190,0,43.788675535184,24,0.125,1,1,3.9848258774194636
5330,0,41.676967082431695,26,0.125,1,1,3.984703531523774
5460,0,42.59257808116588,28,0.1,1,1,3.988449816937172
5620,0,38.16322431336633,28,0.125,1,1,3.9129689489746795
5760,0,41.081231839319656,24,0.125,1,1,3.98758431887591
5900,0,42.432880856990614,26,0.1,1,1,3.9884476075395763
6040,9,43.6824635361721,28,0.1,1,1,3.8982577189323124
6180,0,45.17523483218462,31,0.1,1,1,3.8976073194819048
6330,0,43.206633157607044,31,0.1,1,1,3.888089705383264
6480,0,46.62925586161557,37,0.125,1,1,3.8880634604491084
6620,0,43.807245345532486,38,0.125,1,1,3.9829044079587783
6770,0,41.33504789373738,31,0.125,1,1,3.9858002885371273
6900,0,38.3621251735106,31,0.1,1,1,3.987903211819687
7050,0,42.30523814055714,33,0.125,1,1,3.8778334805407244
7200,8,47.69869692155071,36,0.125,1,1,-3.9862732848555087
7330,0,46.0972648403476,36,0.1,1,1,3.985093120807314
7480,0,45.02964345287885,36,0.1,1,1,3.8454745874388356
7630,0,43.69481905456855,36,0.125,1,1,3.8440508394536543
7770,0,43.72610454810703,37,0.125,1,1,3.9745134581252657
7910,0,45.831307695866236,39,0.1,1,1,3.9781791448790345
8060,0,45.51685326779973,41,0.125,1,1,3.865709633417051
8190,0,45.74303472711334,43,0.1,1,1,3.978662133515626
8350,0,41.86374311828354,43,0.125,1,1,3.881606604800602
8490,0,39.29882249846925,43,0.125,1,1,3.9842066284560267
8640,0,44.36898703284074,35,0.125,1,1,3.9878180356992456
8780,6,47.408904557622286,40,0.125,1,1,-3.985222263445836
8910,3,47.12642252913064,43,0.1,1,1,-3.9704883688973736
9060,3,48.02848276687886,47,0.1,1,1,-3.856848500010847
9210,0,45.11859601074232,48,0.125,1,1,3.866960375220048
9350,0,44.40684841909649,43,0.125,1,1,3.978900552791298
9500,4,48.19656774345332,49,0.125,1,1,-3.9873744017933332
9630,9,48.39731201608281,51,0.1,1,1,-3.965386850720628
9780,8,47.30574574921895,53,0.125,1,1,-3.823225401997269
9920,0,47.12097163453967,55,0.1,1,1,3.96843794569105
10060,0,46.114546917148125,55,0.1,1,1,3.8623918727836526
10220,0,44.82350353887889,56,0.125,1,1,3.848587884147473
10350,0,42.7217765570684,56,0.1,1,1,3.973401309753916
10500,4,45.8357680324907,58,0.125,1,1,3.8805981461035213
10650,0,46.947486431817865,51,0.125,1,1,3.9835356300045346
10780,0,47.13369022694284,53,0.1,1,1,3.983489076876675
10920,3,47.44077595032909,56,0.1,1,1,-3.81268715058481
11070,7,48.35450954187594,60,0.1,1,1,-3.8382782668706152
11220,0,46.96494544049802,60,0.125,1,1,3.8500940104352237
11360,6,47.90610080590816,64,0.125,1,1,-3.9756748312145493
11510,7,48.01247171605491,66,0.125,1,1,3.9787567333744285
11640,6,47.534098408296515,69,0.1,1,1,-3.97974502680118
11800,5,48.89598507311892,73,0.125,1,1,3.8753534252082416
11940,9,48.68071165014123,66,0.125,1,1,3.9824182318161845
12080,7,49.213596222764714,68,0.125,1,1,-3.9865912607426597
12220,7,48.09001484330324,68,0.1,1,1,-3.982347510918001
12360,0,46.695815853993686,68,0.1,1,1,3.7695017364049432
12500,0,45.40066482637639,68,0.1,1,1,3.8040362112784467
12660,5,48.16610446675129,72,0.125,1,1,3.8299704000133463
12790,8,47.79685799605303,74,0.1,1,1,-3.9777301294165617
12950,0,45.93383280694121,74,0.125,1,1,3.86612667695984
13090,0,44.99790147896671,67,0.125,1,1,3.97874164528119
13220,8,47.406078815859495,69,0.1,1,1,3.982339840396802
13380,0,46.54238033506692,69,0.125,1,1,3.777614055527461
13520,0,47.50542099196218,71,0.125,1,1,3.969401446938669
13660,3,48.01659743977446,75,0.125,1,1,-3.9701985665423973
13810,9,47.86715153608659,72,0.125,1,1,-3.9724180914999945
13940,4,48.223452300349074,74,0.1,1,1,-3.979712181880822
14090,0,48.31233849433924,76,0.125,1,1,-3.8176332236911676
14240,0,48.23242369697895,78,0.125,1,1,-3.969243366906868
14380,0,47.220738843811624,78,0.125,1,1,3.9710627613643408
14530,4,48.56597287529572,75,0.125,1,1,3.9736125368028072
14670,0,48.53733093023383,76,0.125,1,1,-3.9735021638154975
14810,0,48.42354879029642,78,0.125,1,1,-3.949302331656382
14950,4,48.30310018853168,80,0.1,1,1,-3.9543594697966347
15090,2,48.588649894973706,82,0.1,1,1,-3.77599423844811
15240,5,48.12981071312087,84,0.125,1,1,-3.7871509762392033
15380,6,48.213368170368,86,0.1,1,1,-3.963119599265512
15530,0,48.352866725828804,88,0.125,1,1,-3.8168210147718837
15670,0,47.52485553066799,88,0.125,1,1,3.972366442319746
15820,0,46.53538926827391,88,0.125,1,1,3.9699175632615926
15960,8,47.7825207235129,92,0.125,1,1,-3.9692262216696457
16110,6,47.639032004958096,94,0.125,1,1,-3.973068895513128
16250,0,47.00524000298711,96,0.125,1,1,3.980076112094279
16390,8,48.409755830189816,85,0.125,1,1,3.9786118974438747
16530,0,48.622275001823326,87,0.1,1,1,3.982785789755539
16670,3,48.627701298643174,89,0.1,1,1,-3.68496048107606
16810,0,48.051902311448124,89,0.1,1,1,3.71656945580474
16970,7,48.5330347195725,91,0.125,1,1,-3.741586374248032
17110,8,48.1059986381799,93,0.125,1,1,-3.958947675089153
17250,4,49.158221616968845,89,0.1,1,1,-3.960367212424129
17400,0,47.698607407327714,89,0.125,1,1,3.8167329401106014
17530,0,48.34020112035517,91,0.1,1,1,3.9563304729866933
17690,5,48.599802181065044,93,0.125,1,1,-3.7758243771827975
17830,3,48.225149969940105,95,0.125,1,1,-3.9621819601691426
17970,0,48.21741362244528,92,0.125,1,1,-3.963357674783255
18110,7,48.640299922489696,95,0.1,1,1,-3.9758618975664475
18260,3,48.61903488722924,94,0.125,1,1,-3.786779223722384
18390,5,48.96052254678791,96,0.1,1,1,-3.9693256797782848
18550,4,48.515935537767156,98,0.125,1,1,-3.630771410428171
18680,7,48.72911728348028,100,0.1,1,1,-3.947117512439026
18840,0,48.13820264503209,102,0.125,1,1,-3.7909020746795226
18970,0,47.062682301503884,102,0.1,1,1,3.9609031821055027
19120,1,47.97481340098135,105,0.125,1,1,-3.82185962700306
19270,2,48.72915078119933,100,0.125,1,1,-3.974647828499061
19410,0,48.79660535367317,102,0.125,1,1,-3.975896118074713
19540,9,49.01552022244704,104,0.1,1,1,-3.9404225285681687
19700,9,48.57384727045924,104,0.125,1,1,-3.7058450786865023
19840,9,48.77635150949987,106,0.125,1,1,-3.949526516083883
19990,0,47.859403742875514,106,0.125,1,1,3.9487531211884144
20120,2,48.3874896989806,108,0.1,1,1,-3.9597469641318748
20270,3,48.57237926713135,110,0.125,1,1,-3.77436425761627
20420,8,49.187919452953416,114,0.125,1,1,-3.963296692433066
20560,8,48.5095831044685,105,0.125,1,1,-3.9653561852651182
20690,2,48.66313592209667,107,0.1,1,1,-3.976432775692633
20840,5,48.966075404312264,109,0.1,1,1,-3.71888080790708
20990,0,48.22691564548323,109,0.125,1,1,3.7176727235709284
21130,4,48.42497317742302,111,0.125,1,1,-3.948563521047647
21280,8,48.74383864999944,108,0.125,1,1,-3.9664001745069237
21410,2,49.0734327115452,110,0.1,1,1,-3.9680002654213884
21570,2,48.47470954470497,110,0.125,1,1,-3.6732916414991683
21700,5,49.168917783665044,113,0.1,1,1,-3.9400720400967995
21850,5,48.57673521711474,113,0.125,1,1,-3.6911543657112413
22000,0,48.01418138189448,113,0.125,1,1,3.9415670800073324
22140,0,47.39078495293477,113,0.125,1,1,3.9598790639829438
22280,0,46.838374920252946,106,0.125,1,1,3.958155389681955
22420,0,47.93518912296081,108,0.1,1,1,3.96151911877893
22560,5,48.61984425904029,111,0.1,1,1,-3.6716001685063056
22700,6,48.82096417797291,113,0.1,1,1,-3.7129373291903436
22860,0,48.22542023476225,113,0.125,1,1,3.7436584973035396
23000,0,47.57605433857829,113,0.125,1,1,3.958342874190706
23150,0,48.291357029872536,115,0.125,1,1,3.9600638712137504
23290,0,47.52422616564844,115,0.125,1,1,3.962764368218899
23430,8,48.28733148291565,118,0.125,1,1,-3.961910505563248
23580,0,47.71861502743322,109,0.125,1,1,3.9673599885328135
23710,0,47.166607563992685,109,0.1,1,1,3.9728601770912655
23850,0,47.62351535273973,110,0.1,1,1,3.678824066366557
24010,0,48.770372664243915,113,0.125,1,1,-3.671416798202827
24150,0,48.940223297926764,115,0.125,1,1,-3.952865462192215
24300,6,49.00432857795814,117,0.125,1,1,-3.955727624444506
24440,6,48.634761317508094,111,0.125,1,1,-3.9548520746085485
24580,0,48.15675227594,111,0.125,1,1,3.955669785570942
24730,0,47.686302240931234,111,0.125,1,1,3.9402545364745065
24870,3,49.454693238320054,117,0.125,1,1,-3.95207415605777
25000,3,48.92461184838333,117,0.1,1,1,-3.9514251017433617
25160,7,49.30472152069963,119,0.125,1,1,3.7440377831152567
25300,0,48.75145522748468,119,0.125,1,1,-3.9560470056149577
25440,7,48.85347453552878,121,0.125,1,1,-3.9529815174507124
25590,0,48.136460973176646,113,0.125,1,1,3.9575774109696384
25720,9,48.376638347617856,115,0.1,1,1,-3.9598477467490376
25870,0,47.91739668155896,115,0.1,1,1,3.730247615084129
26020,9,48.48020306595241,117,0.125,1,1,-3.7499950843271876
26160,2,49.249662153020175,120,0.125,1,1,3.9504237834118023
26310,2,48.536130067312016,120,0.125,1,1,-3.959989981150345
26450,0,48.79504025035249,116,0.125,1,1,-3.963902901523893
26580,1,48.72996089392334,117,0.1,1,1,-3.9654551696884934
26740,0,48.1209004836384,117,0.125,1,1,3.6724807472792573
26880,0,47.06702545705605,117,0.125,1,1,3.9510982734228945
27020,0,46.68315946559268,113,0.125,1,1,3.9607865740112875
27160,0,48.125085927697484,115,0.1,1,1,3.97427483620976
27300,0,48.74206637185708,117,0.1,1,1,-3.5644181131654986
27450,0,48.666689427160435,118,0.1,1,1,-3.578855026931201
27600,0,48.129185993487305,118,0.125,1,1,3.5974672117477375
27740,5,48.36054522107601,120,0.125,1,1,-3.9534368310978905
27890,2,48.44609548680549,122,0.125,1,1,-3.9565511617241156
28030,0,48.971608447493566,117,0.125,1,1,-3.968643094733136
28160,9,49.082615383518,119,0.1,1,1,-3.969147732452725
28320,0,48.49158726534574,119,0.125,1,1,-3.518472949282068
28460,2,48.38513019481789,121,0.125,1,1,-3.9505223708741726
28610,0,47.911163869503795,117,0.125,1,1,3.9598151119014298
28740,8,48.67549808032286,119,0.1,1,1,-3.972129208903947
28890,0,48.25187050814962,119,0.125,1,1,3.630450080598383
29040,2,48.787895381622626,121,0.125,1,1,-3.9437408468729838
29180,0,48.98590259309647,123,0.125,1,1,-3.9468945311534838
29320,0,48.510029015473584,123,0.125,1,1,3.94809970991868
29470,2,48.84098504169998,125,0.125,1,1,-3.951851092918756
29610,8,48.95987329989655,127,0.125,1,1,-3.9518928627038687
29750,4,48.167711750809794,127,0.125,1,1,3.9536033470455867
29900,7,48.887449750762414,120,0.125,1,1,-3.9556943265320617
30030,6,49.14938033724614,122,0.1,1,1,-3.9681617913802167
30180,6,48.74184799652421,122,0.1,1,1,-3.4690663317168053
30320,7,49.00006520729397,124,0.1,1,1,-3.538077195739721
30460,7,48.50729203474128,124,0.1,1,1,-3.5843336710600897
30610,0,47.85455476840881,124,0.1,1,1,3.6089877251194213
30750,4,48.62285237969258,126,0.1,1,1,-3.641418862752902
30900,0,48.22172083091697,126,0.125,1,1,3.710660081816842
31050,4,48.76403234332866,128,0.125,1,1,-3.946893332661875
31190,8,48.90050907829017,130,0.125,1,1,-3.9443462205457
31330,9,48.74010478177271,132,0.125,1,1,-3.949139937470296
31480,0,48.34690289315507,121,0.125,1,1,3.9573805506011226
31610,4,48.75386959858619,123,0.1,1,1,-3.9674949210099233
31760,5,49.09967178163428,125,0.1,1,1,-3.5725339195730523
31910,5,48.405470675487265,125,0.125,1,1,-3.651556754747447
32050,0,48.18570678874745,127,0.125,1,1,-3.93679828986818
32200,0,47.766986338747266,122,0.125,1,1,3.964696513259128
32340,0,48.05247736426724,123,0.125,1,1,3.975142235218959
32480,8,48.67438247046553,125,0.125,1,1,-3.9463617387927563
32630,7,48.882728954149066,127,0.125,1,1,-3.950387630478922
32770,0,48.841032852360854,128,0.125,1,1,3.950497786906834
32920,0,48.446244474660645,123,0.125,1,1,3.9559105758882227
33050,0,48.03064685535417,123,0.1,1,1,3.961408039191774
33190,0,47.5977362578982,123,0.1,1,1,3.5738784762872062
33340,0,48.82289541593734,127,0.1,1,1,3.590648643144509
33480,4,48.788572114736866,129,0.1,1,1,-3.6034778891861543
33620,0,48.267113255261584,129,0.1,1,1,3.726145094778593
33780,5,48.66707472821472,131,0.125,1,1,-3.7219154130924386
33920,1,48.736347261996315,125,0.125,1,1,-3.9554434520090087
34050,5,49.04134726541347,127,0.1,1,1,-3.958167600469452
34200,0,48.62045807389789,127,0.1,1,1,-3.556406515938501
34340,0,48.167224714727794,127,0.1,1,1,3.5757610549419145
34490,2,48.77555742796033,129,0.1,1,1,-3.5946719385764205
34640,3,48.94920432329984,131,0.125,1,1,-3.6173897638755355
34780,1,48.81151290463723,132,0.125,1,1,-3.945369589659679
34930,0,48.18654154720306,132,0.125,1,1,3.954355552007682
35070,0,47.5629368783655,132,0.125,1,1,3.952897969488969
35210,0,47.27912675778581,123,0.125,1,1,3.961597562036192
35350,0,48.490964528447826,125,0.1,1,1,3.961529513240076
35490,0,48.113875681454864,125,0.1,1,1,3.4481098304987117
35640,3,48.71168105864246,127,0.1,1,1,-3.4712297774503758
35780,0,48.23599300150369,127,0.1,1,1,3.558299395736465
35920,6,48.87704345504719,129,0.1,1,1,-3.615281052659027
36080,4,49.09192813098324,131,0.125,1,1,-3.63148748155312
36220,4,48.6757465401448,131,0.125,1,1,-3.935568529484644
36360,0,48.1292616138368,131,0.125,1,1,3.9452667494659117
36510,0,47.4329829036714,131,0.125,1,1,3.9460812073286653
36650,0,47.13853426901287,121,0.125,1,1,3.957143097685723
36780,0,46.78821177796763,121,0.1,1,1,3.9647800563433067
36930,0,48.97116157909141,125,0.1,1,1,3.4637766329901383
37070,0,48.462731427326396,125,0.1,1,1,3.532059992749781
37220,4,48.77811493182913,127,0.1,1,1,-3.5735596355435155
37360,4,49.103681069010754,129,0.1,1,1,-3.6499773355838117
37510,4,48.58571289794592,129,0.125,1,1,-3.6651901343607345
37660,0,47.97495014821585,129,0.125,1,1,3.9378579389962494
37800,2,48.38482943312109,131,0.125,1,1,-3.9551934531844597
37940,0,48.04264565714814,122,0.125,1,1,3.960875345389379
38080,8,49.06665556438237,125,0.1,1,1,-3.9655167580836874
38220,8,48.69781136890575,125,0.1,1,1,-3.523353993796248
38360,2,49.01959624740894,127,0.1,1,1,-3.5352455040345103
38520,2,48.28252057309621,127,0.125,1,1,-3.550582660008812
38650,0,47.77971632821146,127,0.1,1,1,3.9444085118844394
38810,0,47.937101054857514,128,0.125,1,1,3.7356983179643417
38950,3,49.448052645920875,125,0.125,1,1,-3.9540675305205712
39080,3,49.042012372397586,125,0.1,1,1,-3.9593468821572033
39230,3,48.69924233401703,125,0.1,1,1,-3.5037443560113597
39380,7,49.002574272404374,127,0.125,1,1,-3.5831404104590034
39520,0,48.50591727756223,127,0.125,1,1,-3.936197754063588
39670,9,48.74320351144443,129,0.125,1,1,-3.946426533270303
39810,1,48.417797787212045,130,0.125,1,1,-3.9535917042873883
39960,0,48.940908091782866,132,0.125,1,1,3.9599109436448847
40100,5,49.21565912856432,126,0.125,1,1,-3.9665832644807173
40230,5,48.88966684402487,126,0.1,1,1,-3.968425562914327
40380,0,48.375511786454034,126,0.1,1,1,3.4896505023604685
40520,0,47.82447941750572,126,0.1,1,1,3.5048844591368518
40670,0,47.1753052055948,126,0.125,1,1,3.6529860916008663
40820,7,49.33291756501985,125,0.125,1,1,3.957435509307282
40950,7,49.08015469591655,125,0.1,1,1,-3.9627555390795046
41090,7,48.686135950468376,125,0.1,1,1,-3.3820709483672493
41240,6,49.01202554963793,127,0.1,1,1,-3.395891527380578
41390,2,49.32467367768904,129,0.125,1,1,-3.5732274353361175
41540,2,48.74519010386947,129,0.125,1,1,-3.9446908599521757
41680,9,49.039214380650996,131,0.125,1,1,-3.9561451153697678
41820,9,47.96861830664021,131,0.125,1,1,-3.9591616913840566
41970,0,48.791002581134165,125,0.125,1,1,-3.9712751786197757
42100,9,49.15151274296297,127,0.1,1,1,-3.9745642926644864
42240,0,48.793177120514216,127,0.1,1,1,-3.4799132798776986
42390,8,49.07729595635075,129,0.1,1,1,-3.4864668504115386
42540,8,48.665306737460305,129,0.125,1,1,-3.540284622581001
42680,8,48.829174079514,131,0.125,1,1,-3.9425107670031707
42830,0,48.86870782913771,133,0.125,1,1,-3.9456104919217863
42970,9,49.16741137689836,128,0.125,1,1,-3.959054303375675
43110,9,48.8174054163257,128,0.1,1,1,-3.960883785531245
43250,0,48.354604678894354,128,0.1,1,1,3.5093638937572362
43390,9,49.16967827624433,131,0.1,1,1,-3.5317281798563736
43550,0,48.798828193165136,131,0.125,1,1,-3.623550214404284
43690,5,49.050769063157674,133,0.125,1,1,-3.93620217998564
43830,5,48.60889655331285,133,0.125,1,1,-3.9404342290766765
43980,5,48.753023695290665,135,0.125,1,1,-3.9459915745345326
44120,2,49.07900700022525,129,0.125,1,1,-3.9487728354390046
44260,2,48.71251002632198,129,0.1,1,1,-3.9617821199885705
44410,0,48.26820160239355,129,0.125,1,1,3.548603011360172
44550,2,48.64230949045392,131,0.125,1,1,-3.939819422815689
44700,3,48.72156537849591,133,0.125,1,1,-3.949012066817377
44840,0,47.98147082123306,133,0.125,1,1,3.9596463131140585
44980,6,48.41524293883386,135,0.125,1,1,-3.963900958080294
45130,0,48.168864765200496,128,0.125,1,1,3.9664334156724874
45260,9,48.87928098169561,130,0.1,1,1,-3.9644291036112627
45400,6,49.18497982974455,132,0.1,1,1,-3.383752526799494
45550,6,48.86773077799596,132,0.1,1,1,-3.4808697902582573
45690,0,48.5365270234334,132,0.1,1,1,3.4938080502832554
45840,2,48.935447782231876,134,0.1,1,1,-3.4942161960849134
45980,7,48.87441423337466,136,0.1,1,1,-3.511004701744038
46130,0,48.70542072811478,138,0.125,1,1,-3.589508286216373
46280,5,48.48306650324928,140,0.125,1,1,-3.9629057828051804
46420,8,48.973735535183344,133,0.125,1,1,-3.968228547569729
46550,2,49.15151426539393,135,0.1,1,1,-3.972065606815074
46710,2,48.73029668605937,135,0.125,1,1,-3.533884112657633
46850,9,49.027539892013166,137,0.125,1,1,-3.9432754190240313
46990,9,48.5151170344553,137,0.125,1,1,-3.946634398686545
47140,2,49.05763363386464,134,0.125,1,1,-3.9451707610442703
47270,2,48.7605527276639,134,0.1,1,1,-3.954789368192119
47420,0,48.38538380417398,134,0.1,1,1,3.445983958104462
47560,0,47.9687362325512,134,0.1,1,1,3.4675007103208237
47700,5,48.68147965746438,136,0.1,1,1,-3.556529742550815
47850,5,48.656800631532654,137,0.1,1,1,-3.591454349483581
47990,0,48.18003502451239,137,0.1,1,1,3.5907553877833296
48130,8,48.83523575280524,139,0.1,1,1,-3.6244227127165485
48290,6,49.00650652390864,141,0.125,1,1,-3.6321332285402708
48430,0,48.285917309396886,141,0.125,1,1,-3.9382593888339983
48580,0,48.02183043864804,131,0.125,1,1,3.9518883341550626
48710,0,47.73941950113678,131,0.1,1,1,3.965722057778094
48850,0,47.391780261486595,131,0.1,1,1,3.416170175211964
49000,0,47.112190927380865,131,0.1,1,1,3.4459725382869686
49150,0,46.57835454024713,131,0.125,1,1,3.5292300448411575
49280,0,48.129003458987555,133,0.1,1,1,3.9236081912902674
49440,8,48.794127133454644,135,0.125,1,1,-3.662872255134914
49580,1,48.482354039629236,136,0.125,1,1,-3.937394096474198
49710,5,48.91819566155604,138,0.1,1,1,-3.9409140320908658
49870,1,48.78076953355811,139,0.125,1,1,-3.729328091437823
50010,0,48.78099256157256,141,0.125,1,1,3.945072070255773
50160,7,49.1907978837374,132,0.125,1,1,-3.9536988011425325
50290,7,48.884899976027896,132,0.1,1,1,-3.963990673389103
50430,7,49.19769871357691,134,0.1,1,1,-3.4218567593337874
50580,7,48.83337542937158,134,0.1,1,1,-3.4795626384481206
50720,3,49.07432502434511,136,0.1,1,1,-3.480631228171407
50860,0,48.469686526075286,136,0.1,1,1,-3.5462178334699934
51010,0,48.88579780122427,138,0.1,1,1,-3.584048749737139
51160,1,48.97805156748272,132,0.125,1,1,-3.6934497609572263
51290,9,49.22049626717277,134,0.1,1,1,-3.9479879503985806
51440,0,48.83202304676158,134,0.1,1,1,-3.4409140199551183
51580,6,49.06151513073544,136,0.1,1,1,-3.504063633005813
51730,0,48.64755461517609,136,0.1,1,1,-3.5684673697088636
51880,0,48.96532727363949,138,0.125,1,1,-3.5935369303239764
52020,7,49.12121329209902,140,0.125,1,1,-3.94583300073841
52170,7,48.62090146586391,140,0.125,1,1,-3.94793910615746
52310,4,48.88057257642852,142,0.125,1,1,-3.9463849802194177
52450,1,48.90840293690912,134,0.125,1,1,-3.9538760010926848
52590,6,49.119672601052265,136,0.1,1,1,-3.954347697529643
52730,6,48.68688979311165,136,0.1,1,1,-3.5267438282964063
52880,0,48.24893510993444,136,0.1,1,1,3.5742030963717175
53030,0,48.92270757793132,138,0.125,1,1,3.6033866323137915
53170,6,49.18600053804631,135,0.125,1,1,-3.9483825453442107
53310,6,48.83296990197393,135,0.1,1,1,-3.963807983243299
53460,0,48.8536100021206,137,0.125,1,1,-3.5155860325466954
53590,7,49.04559558009592,139,0.1,1,1,-3.9378228447105728
53750,7,48.468329447560436,139,0.125,1,1,-3.7020141485237312
53890,0,47.8579510359606,139,0.125,1,1,3.9490695557590882
54030,8,47.90742975162043,141,0.125,1,1,-3.959033217634122
54180,0,47.67643476201774,134,0.125,1,1,3.960855346355352
54310,1,49.03828570672613,137,0.1,1,1,-3.9756836061493264
54460,1,48.76083131283384,137,0.1,1,1,-3.3521609898617055
54600,9,49.08190344862727,139,0.1,1,1,-3.431508964854857
54740,9,48.678904309005326,139,0.1,1,1,-3.4382499848001857
54900,7,49.010572066395994,141,0.125,1,1,-3.54915547957089
55040,7,48.54687091750028,141,0.125,1,1,-3.944568475996999
55180,0,48.27421753666031,134,0.125,1,1,3.9444824566289918
55320,5,48.90188090862094,136,0.1,1,1,-3.950827916061325
55460,4,49.15760722060648,138,0.1,1,1,-3.4305367638851982
55610,4,48.77252127733128,138,0.1,1,1,-3.510889931421071
55750,7,49.047170504308966,140,0.1,1,1,-3.536225102346077
55890,7,48.59715942613471,140,0.1,1,1,-3.565498850527284
56040,7,49.086536879341075,142,0.1,1,1,-3.5841351340272283
56190,7,48.556990925232505,142,0.125,1,1,-3.6152608449139434
56320,4,49.54150547849245,146,0.1,1,1,-3.926048920171788
56480,4,49.164408088205015,146,0.125,1,1,-3.660775295866852
56620,4,48.76401748592673,146,0.125,1,1,-3.9430126625243074
56760,0,48.34835871769028,146,0.125,1,1,3.941292077889513
56910,7,48.813373704680316,148,0.125,1,1,-3.9442574756188638
57050,0,48.984786209891276,150,0.125,1,1,-3.9460230174742468
57200,4,49.04314937214588,152,0.125,1,1,-3.94980385361914
57340,4,48.36606144966295,152,0.125,1,1,-3.9528872297509983
57480,0,48.667150096909886,154,0.125,1,1,-3.9542835097287967
57630,8,48.98848352783881,139,0.125,1,1,-3.9639890075816533
57760,1,48.86723369741643,140,0.1,1,1,-3.960660296903996
57900,2,48.372272708901534,140,0.1,1,1,3.5933512819023896
58060,0,48.89404491859631,143,0.125,1,1,-3.620760045406538
58200,1,48.870695057176135,140,0.125,1,1,-3.9534583656465916
58330,1,48.81216240637257,141,0.1,1,1,-3.961532549058817
58480,8,49.10642877591989,143,0.1,1,1,-3.5715100783888714
58630,8,48.674902351958146,143,0.125,1,1,-3.6049401072309237
58780,0,48.60309839542988,145,0.125,1,1,-3.9396971761959567
58920,7,49.27872419515106,142,0.125,1,1,3.947726988671722
59050,7,49.043218261357005,142,0.1,1,1,-3.9686427197339897
59200,7,48.5628254516825,142,0.1,1,1,-3.341049108505801
59340,7,48.493418527419784,143,0.1,1,1,-3.3617896152240077
59480,7,48.95683522830733,145,0.1,1,1,-3.634287285973154
59640,0,48.581639972765544,145,0.125,1,1,3.6697924492044125
59780,1,48.772270356523556,146,0.125,1,1,3.940811608615111
59930,1,48.7420067901705,147,0.125,1,1,-3.941033871908531
60070,0,48.23612480338024,147,0.125,1,1,3.946852296484697
60210,7,48.76463731408904,140,0.125,1,1,-3.9485379868274397
60350,0,48.409786574833,140,0.1,1,1,3.9543014600246535
60500,0,48.532872819980696,142,0.125,1,1,-3.6161939112027213
60630,1,48.6818455524483,143,0.1,1,1,3.9381014363431532
60790,5,49.09681299160082,145,0.125,1,1,3.7416835267671162
60930,5,48.827456409739185,140,0.125,1,1,-3.9546178503197376
61060,0,48.439201660674264,140,0.1,1,1,3.9654736500435863
61220,3,48.90435422700678,142,0.125,1,1,-3.4251018157829747
61360,0,48.49794407152615,142,0.125,1,1,3.942756333003339
61510,0,48.926083774535805,144,0.125,1,1,-3.944444780287647
61650,2,48.748182153799604,146,0.125,1,1,-3.944969199929326
61790,8,49.215123153879446,142,0.125,1,1,-3.9449605370575407
61930,8,48.940463674619146,142,0.1,1,1,-3.967602097011782
62070,1,49.01672458276525,143,0.1,1,1,-3.346726310683248
62210,1,48.722142909535364,143,0.1,1,1,-3.4337882971427858
62360,9,49.090448276977135,145,0.1,1,1,-3.437399586769009
62500,9,48.74836012203825,145,0.1,1,1,-3.463966256282967
62650,5,48.992900481520145,147,0.125,1,1,-3.5227319739038148
62800,8,49.09270070263026,149,0.125,1,1,-3.9360863508093087
62940,8,48.83514182300804,141,0.125,1,1,-3.9496385522181128
63080,0,48.38657978328205,141,0.1,1,1,3.9504656321650775
63220,0,48.56378507604005,142,0.1,1,1,3.4046680962265405
63370,0,48.192085068049344,142,0.125,1,1,3.6142943419474056
63520,0,48.80760739559023,144,0.125,1,1,-3.938963429855836
63660,3,49.09864699844819,146,0.125,1,1,-3.940552608962472
63800,3,48.781433346889436,140,0.125,1,1,-3.942835280111983
63940,0,48.39210769580996,140,0.1,1,1,3.9405109860969083
64090,5,48.91223872361394,142,0.125,1,1,-3.4941719420082937
64240,0,48.336977902500706,142,0.125,1,1,3.942892515694644
64380,0,48.710331973674855,144,0.125,1,1,-3.940752301507529
64520,0,48.882168027076474,146,0.125,1,1,-3.958916188632142
64670,8,49.007545295998185,141,0.125,1,1,-3.9574045331469807
64800,8,48.763213980062666,141,0.1,1,1,-3.9570234881436868
64940,0,48.48240226050629,141,0.1,1,1,3.3854097525932976
65090,8,49.17794839010771,143,0.1,1,1,3.379745753609613
65230,8,48.83305748132087,143,0.1,1,1,-3.4435068990350284
65380,0,48.39269225098931,143,0.125,1,1,3.5119459130588058
65530,4,48.804637975517196,145,0.125,1,1,-3.9365414768860942
65670,0,48.926152225419266,147,0.125,1,1,-3.9486234945394223
65820,2,49.29420286629602,141,0.125,1,1,-3.952325651642324
65950,2,49.03262406983765,141,0.1,1,1,-3.95688784651026
66090,2,48.7605257204955,141,0.1,1,1,-3.3467663056235804
66240,0,48.42698450300542,141,0.1,1,1,3.4118098266157753
66380,6,48.96321884018027,143,0.1,1,1,-3.4296297874450357
66520,8,49.15436428505647,145,0.1,1,1,-3.513694385476689
66670,8,48.74744534398991,145,0.1,1,1,-3.5183564527036824
66810,0,48.296053395667954,145,0.1,1,1,3.565285087372074
66950,0,47.9554039181622,145,0.1,1,1,3.5838440761079826
67110,0,48.72742494259735,147,0.125,1,1,-3.61617658229905
67250,7,49.07531361157593,149,0.125,1,1,-3.9358498634647967
67400,7,48.68630357890057,149,0.125,1,1,-3.9394407583267466
67540,8,49.034004924662675,151,0.125,1,1,-3.9387406241030885
67680,8,48.62094869560729,151,0.125,1,1,-3.942852456606517
67830,0,48.61301893911643,152,0.125,1,1,-3.9419629917887247
67970,0,48.16873563808639,152,0.125,1,1,3.9457311905488988
68110,0,48.16529227031937,153,0.125,1,1,3.95117618675082
68260,0,47.87591701896509,136,0.125,1,1,3.9490096127360435
68390,2,48.5173169085057,138,0.1,1,1,-3.961035852261293
68540,7,48.93187016289074,140,0.1,1,1,-3.456431318335435
68690,5,48.98431877431473,142,0.125,1,1,-3.665186136305507
68830,0,48.396360375441475,142,0.125,1,1,3.9452873946552702
68980,2,48.62819405419815,144,0.125,1,1,-3.956781068318319
69120,8,49.089246132399445,146,0.125,1,1,-3.9596438494907313
69260,8,48.81771611725036,139,0.125,1,1,-3.9632050090197914
69400,0,48.52865885814304,139,0.1,1,1,3.9640018148378124
69540,1,48.614669244209225,140,0.1,1,1,-3.4286977307570736
69680,0,48.27043735710074,140,0.1,1,1,3.455963395563496
69840,0,48.83576339360488,142,0.125,1,1,-3.5818490225833317
69980,8,49.040862292254886,144,0.125,1,1,-3.9364351184649125
70130,0,48.53866846806148,144,0.125,1,1,-3.943668653755948
70270,9,49.11325870263455,139,0.125,1,1,-3.948755716809036
70400,9,48.837285025594994,139,0.1,1,1,-3.954020796938457
70550,3,49.067460780039454,141,0.1,1,1,-3.365450538958524
70690,3,48.7014210829131,141,0.1,1,1,-3.4358960411237347
70840,4,49.27002230745886,143,0.125,1,1,-3.590786564841892
70990,4,48.73995116573653,143,0.125,1,1,-3.939754002432448
71130,6,49.3290690074925,139,0.125,1,1,3.9363766875487154
71270,6,49.037099218707695,139,0.1,1,1,-3.956046299815388
71410,6,48.740500715921094,139,0.1,1,1,-3.389841986137637
71550,8,49.131088441145565,141,0.1,1,1,-3.460215723234671
71700,8,48.7939921085343,141,0.1,1,1,-3.4668225682280496
71840,0,48.31798122763665,141,0.1,1,1,3.4838372747663207
71980,4,48.73608827050912,143,0.1,1,1,-3.517721383390387
72130,4,49.099856856856704,145,0.1,1,1,-3.631681223867789
72280,0,48.73813968105704,145,0.125,1,1,-3.654122132983743
72420,7,49.07052149777967,147,0.125,1,1,-3.935476894846305
72570,0,48.69408651683838,147,0.125,1,1,-3.939127538503547
72710,7,49.24361806768707,149,0.125,1,1,3.9401255329212552
72860,7,48.83437485319492,149,0.125,1,1,-3.941202451188548
73000,1,48.8760724933909,150,0.125,1,1,3.9437182324090303
73140,0,48.37538718389962,150,0.125,1,1,3.9452970082688363
73290,0,47.7727488732494,150,0.125,1,1,3.9553584027311657
73430,0,47.4475326562346,134,0.125,1,1,3.953904821616552
73560,0,47.110360498847534,134,0.1,1,1,3.9604472045985957
73720,5,48.476690559974024,136,0.125,1,1,3.503958144640294
73860,4,49.02126458008933,135,0.125,1,1,-3.9352700538649428
73990,4,48.69129058774606,135,0.1,1,1,-3.9565714710410775
74140,0,48.27401797234593,135,0.1,1,1,3.4739095625765546
74290,0,47.7196772731795,135,0.125,1,1,3.5095760114383183
74440,0,48.369984525105004,137,0.125,1,1,3.9462021735804145
74580,6,49.00688258474315,134,0.125,1,1,-3.957645254869702
74710,6,48.738699722635204,134,0.1,1,1,-3.9611729181581783
74860,0,48.46159387714424,134,0.1,1,1,3.4239488331222936
75000,3,48.97900928753727,136,0.1,1,1,-3.4231388639026314
75140,0,48.55305692404905,136,0.1,1,1,3.437697860572689
75300,2,48.93970089581232,138,0.125,1,1,-3.5178989612617677
75440,0,48.40393164614209,138,0.125,1,1,3.947142709661533
75590,2,48.60910425989499,140,0.125,1,1,-3.946195612305066
75730,0,47.998682805923785,140,0.125,1,1,3.9564346032045985
75870,0,48.40249803117671,142,0.125,1,1,3.964176129833207
76020,5,49.05464536758584,134,0.125,1,1,-3.9608575873072893
76150,5,48.79446182970006,134,0.1,1,1,-3.965243334433402
76290,7,49.19727818945895,136,0.1,1,1,-3.3614699245534965
76440,7,48.90959390681779,136,0.1,1,1,-3.4093526581136975
76580,1,49.046349497297086,137,0.1,1,1,3.4210220582778894
76720,1,48.68837742214235,137,0.1,1,1,-3.453932666761804
76880,9,48.73399123136286,139,0.125,1,1,-3.521031613280412
77020,0,48.482592971171236,132,0.125,1,1,3.938572694091257
77160,9,48.84653869330361,134,0.1,1,1,-3.9642401326909975
77300,4,49.134171755230206,136,0.1,1,1,-3.393341646423251
77450,4,48.73670755376028,136,0.125,1,1,-3.6334981984663592
77600,5,48.3068182116519,136,0.125,1,1,3.937845625277829
77740,0,48.72313626173599,138,0.125,1,1,3.943903779269098
77880,4,49.194928764540656,140,0.125,1,1,3.9475569416883327
78030,4,48.05244668452117,140,0.125,1,1,-3.9556472060148957
78170,0,47.77029039253436,132,0.125,1,1,3.9563519717290156
78300,6,48.625510738162006,134,0.1,1,1,-3.9757126073452658
78450,0,48.28981089866872,134,0.1,1,1,3.4455815668835017
78600,7,48.802017147930734,136,0.125,1,1,-3.564099094458383
78750,6,49.0078794087272,138,0.125,1,1,-3.935020991881563
78890,0,48.51365171156243,138,0.125,1,1,-3.948376929068541
79030,2,48.76287987972799,140,0.125,1,1,-3.950464194543329
79180,9,49.20640656564123,135,0.125,1,1,-3.9534004343054425
79310,9,48.839375169572406,135,0.1,1,1,-3.9589898193653243
79450,1,48.77465660884868,136,0.1,1,1,-3.3786215854055426
79600,0,48.41734720791756,136,0.1,1,1,3.5488440748112415
79750,0,48.89814475091354,138,0.125,1,1,-3.6163098163039327
79900,8,49.086094870160686,140,0.125,1,1,-3.938473322932145
80040,0,48.59564782287503,140,0.125,1,1,-3.944023985538946
80180,9,48.88873296618717,142,0.125,1,1,-3.9469549990711106
80330,0,48.95862027112178,144,0.125,1,1,3.953099034580465
80470,0,48.70849010076059,135,0.125,1,1,3.9528291928505612
80600,1,48.838449981657305,136,0.1,1,1,-3.9572077060101427
80750,0,48.531983640738176,136,0.1,1,1,3.390950662911511
80890,8,48.98445082914207,138,0.1,1,1,-3.4723118785282945
81030,6,49.01268071155535,140,0.1,1,1,-3.4803192443857713
81180,6,48.65473145336177,140,0.1,1,1,-3.545017479737153
81330,5,48.841429944039675,142,0.125,1,1,-3.6639006046236737
81480,4,48.91779352589405,144,0.125,1,1,-3.9385692786121136
81620,5,48.95705559153725,146,0.125,1,1,-3.9580398703427186
81760,3,48.7763615761875,148,0.125,1,1,-3.958442691836973
81910,0,48.527312905453186,138,0.125,1,1,3.9581192313224065
82040,5,49.086635903047025,140,0.1,1,1,-3.967125586889035
82180,5,48.81569579939327,140,0.1,1,1,-3.388894954583833
82330,8,49.202752035635356,142,0.1,1,1,-3.406958684703036
82470,8,48.81077976971986,142,0.1,1,1,-3.427726691117434
82610,5,49.125863955491134,144,0.1,1,1,-3.4276449411413297
82770,5,48.62266571111051,144,0.125,1,1,-3.57148502465189
82910,0,48.38609855160648,137,0.125,1,1,3.936654461753525
83050,0,48.06542986832481,137,0.1,1,1,3.9540976353506667
83190,0,48.784147773552384,139,0.1,1,1,-3.364009267878304
83340,7,49.071542363891574,141,0.125,1,1,-3.498450224356245
83490,7,48.56377255054958,141,0.125,1,1,-3.938282447449525
83630,0,48.020434058917914,141,0.125,1,1,3.942733896000475
83770,8,48.453087183715894,143,0.125,1,1,-3.9544435581171844
83920,7,49.053233288178525,138,0.125,1,1,-3.956937935106822
84050,7,48.74149093843068,138,0.1,1,1,-3.963559677735373
84200,0,48.38085303600621,138,0.1,1,1,3.407695681059815
84340,4,48.892807468978866,140,0.1,1,1,-3.487225328590765
84490,5,49.088081335964304,142,0.125,1,1,-3.542586919473739
84640,5,48.66677742613401,142,0.125,1,1,-3.942669078652444
84780,0,48.98683652752302,144,0.125,1,1,-3.9464836237056677
84920,0,48.56290296500235,145,0.125,1,1,3.9466437679225352
85060,8,49.36129020666771,139,0.1,1,1,-3.9465694522204506
85200,8,48.80816295239369,139,0.1,1,1,-3.7420046490903918
85340,7,49.1354987627127,141,0.1,1,1,-3.4082301743653516
85490,7,48.78211800156448,141,0.1,1,1,-3.4625302771373776
85630,0,48.38035912779767,141,0.1,1,1,3.5151242957676367
85780,0,47.86755708684575,141,0.1,1,1,3.535238458614558
85930,7,48.56993323550335,143,0.125,1,1,-3.579671731790176
86070,0,48.03791045088405,143,0.125,1,1,3.9548172748576396
86220,3,48.595459544118484,145,0.125,1,1,-3.9524348308071278
86360,0,47.99165611752397,145,0.125,1,1,3.9561802244567343
86500,0,47.248419581702095,145,0.125,1,1,3.956212868482121
86650,4,49.228419172105355,138,0.125,1,1,-3.9605093056849556
86780,4,48.98061916677822,138,0.1,1,1,-3.966544534731561
86920,9,49.25075298454807,140,0.1,1,1,-3.345719897908034
87070,2,49.46506591097566,142,0.1,1,1,-3.3865023227545468
87210,2,48.99304747074568,142,0.1,1,1,-3.466245195088157
87360,8,48.98807161310427,144,0.1,1,1,-3.618124107800572
87510,0,48.728731591320695,138,0.125,1,1,3.629268013197761
87640,1,48.96890718130029,139,0.1,1,1,3.958267663562593
87790,1,48.9657607121278,140,0.1,1,1,-3.4078560674217715
87930,4,49.2065478879515,142,0.1,1,1,-3.4349313392130303
88070,4,48.79552208300535,142,0.1,1,1,-3.528383879138385
88220,0,48.34014514920508,142,0.1,1,1,3.5139789139696673
88360,7,48.78546148162858,144,0.1,1,1,-3.5870966813150984
88520,0,48.7531001284665,145,0.125,1,1,3.618790674180986
88660,6,48.94001993637552,147,0.125,1,1,-3.951973854972416
88800,0,48.369956902598425,147,0.125,1,1,3.948307328957664
88950,9,49.032959276023554,139,0.125,1,1,-3.9542954420803467
89080,9,48.77820594316147,139,0.1,1,1,-3.9586090483019034
89220,5,49.184207369700935,141,0.1,1,1,-3.3762657927369726
89370,5,48.88974122569164,141,0.1,1,1,-3.3995686202194384
89510,1,49.013453839720455,142,0.1,1,1,3.4307318932919584
89650,1,48.64084318207928,142,0.1,1,1,-3.4638015981220582
89800,0,48.238997125312636,142,0.1,1,1,3.551265371623138
89950,0,47.74354769583345,142,0.125,1,1,3.5541461549284175
90100,9,48.89494241035951,136,0.125,1,1,3.9444314926737385
90230,0,48.65554409434425,136,0.1,1,1,3.953496859150119
90370,3,49.13876930963752,138,0.1,1,1,-3.349834949379503
90520,0,48.61121837894337,138,0.1,1,1,-3.369848580847452
90670,6,49.155664072304326,136,0.125,1,1,-3.415493173233641
90800,6,48.798484572524174,136,0.1,1,1,-3.9558719068206867
90950,5,48.95925475960619,138,0.1,1,1,-3.3435852966422765
91090,5,49.15295945759284,140,0.1,1,1,-3.5391184400441174
91250,5,48.74058608416884,140,0.125,1,1,-3.6490761698706033
91390,8,48.972143089477825,142,0.125,1,1,-3.9422712621582177
91530,0,48.482804303057215,142,0.125,1,1,3.94565401802649
91680,4,48.68083409080037,144,0.125,1,1,-3.951220621168781
91820,6,48.75384872666169,146,0.125,1,1,-3.953009808274045
91960,0,47.83665525389572,146,0.125,1,1,3.9625552912985054
92110,5,48.794486981424974,138,0.125,1,1,-3.9632397569344486
92240,0,48.53052307172999,138,0.1,1,1,3.971515141416167
92380,5,48.997340143658974,140,0.1,1,1,-3.379144069677281
92530,8,49.170026143204154,142,0.1,1,1,-3.415958078423287
92670,0,48.770698525847735,142,0.1,1,1,-3.5312587220183733
92830,7,49.00522094038625,144,0.125,1,1,-3.5648451976388293
92970,7,48.51432524220398,144,0.125,1,1,-3.9441295912656593
93110,0,48.62888580326147,146,0.125,1,1,-3.949410306631167
93260,0,48.35070405966138,138,0.125,1,1,3.953135042135286
93390,5,48.91061522105872,140,0.1,1,1,-3.965350984347282
93530,0,48.52374027758285,140,0.1,1,1,3.439398267455337
93690,5,48.973462223210326,142,0.125,1,1,-3.5382921255104747
93830,0,48.54295892346386,142,0.125,1,1,3.942579770676534
93970,0,48.027321318035824,142,0.125,1,1,3.940374449693012
94120,2,48.58353826446243,144,0.125,1,1,-3.9476208645455686
94260,2,48.716431601166875,146,0.125,1,1,-3.9550246744578232
94410,0,48.487184340413094,138,0.125,1,1,3.9566987728596454
94540,7,49.31061353921892,141,0.1,1,1,-3.9629776108987804
94680,7,49.02664529689345,141,0.1,1,1,-3.3483439374826194
94830,7,48.74850310179084,141,0.1,1,1,-3.3733921809296645
94970,5,49.07879031008091,143,0.1,1,1,-3.4483502071359236
95110,5,48.634053155841755,143,0.1,1,1,-3.439335966112823
95260,0,48.26676807281294,143,0.1,1,1,3.5468665248760813
95410,0,47.88057805415949,143,0.125,1,1,3.6117154366167914
95560,0,47.654974989690885,135,0.125,1,1,3.9399317965439358
95690,0,48.67117376734591,137,0.1,1,1,3.9424916638362046
95830,7,49.07992543182167,139,0.1,1,1,-3.340223786812276
95980,7,48.70614348240759,139,0.1,1,1,-3.4523062695730835
96120,0,48.32795251625112,139,0.1,1,1,3.509005434368504
96260,9,48.89613229363185,141,0.1,1,1,-3.5552411235890093
96420,2,49.1617439943488,143,0.125,1,1,-3.5593079229322915
96560,2,48.76697592747988,143,0.125,1,1,-3.938983199013733
96700,0,48.37056918405317,143,0.125,1,1,3.936982149743881
96850,0,47.965285108570626,143,0.125,1,1,3.943573329948195
96990,4,48.65127474585384,145,0.125,1,1,-3.9437747020513356
97140,8,48.921534208713595,147,0.125,1,1,-3.9448376456438856
97280,2,48.691888678309006,149,0.125,1,1,-3.9490217445991496
97420,8,49.09387684992878,138,0.125,1,1,-3.952160463894369
97560,8,48.59838582604753,138,0.1,1,1,-3.9692484201870735
97700,0,48.25986943576156,138,0.1,1,1,3.50338819180063
97850,6,48.67332368785127,140,0.125,1,1,-3.642940360795153
98000,9,48.867018384355596,142,0.125,1,1,-3.93549558379249
98140,1,48.97970278859045,138,0.125,1,1,-3.957578591306497
98270,7,49.25460203468477,140,0.1,1,1,-3.956938538915242
98420,7,48.919136538431026,140,0.1,1,1,-3.417698994260972
98560,0,48.511494994979486,140,0.1,1,1,3.4601618069218976
98720,0,48.82289581064103,142,0.125,1,1,-3.5158835325212863
98860,3,48.755727667139034,144,0.125,1,1,-3.9451122348217598
99000,3,49.208342024180865,140,0.125,1,1,-3.955018039340983
99140,0,48.92554756698028,140,0.1,1,1,-3.9657417312153616
99280,0,48.58703435808562,140,0.1,1,1,3.3683126740235494
99420,0,48.22480869699784,140,0.1,1,1,3.446560215419644
99570,8,48.808490469824925,142,0.1,1,1,-3.519305278847519
99710,6,49.10137603180403,144,0.1,1,1,-3.544159357416319
99870,6,48.70409701593526,144,0.125,1,1,-3.580306006351359
100010,6,49.022842551425185,146,0.125,1,1,-3.9401837300787186
100150,6,48.52956947128541,146,0.125,1,1,-3.9438812238550334
100300,6,49.08083931513067,139,0.125,1,1,-3.94435447050921
100430,0,48.7261574587178,139,0.1,1,1,-3.9533247623294305
100570,3,49.07884732191384,141,0.1,1,1,-3.41882770407348
100720,3,48.741126164421516,141,0.1,1,1,-3.536575776806901
100870,0,48.82903820234336,143,0.125,1,1,-3.536901886705664
101000,0,48.413404911832195,143,0.1,1,1,3.9353623766335897
101160,9,48.95297860017969,139,0.125,1,1,-3.6960459557940113
101290,4,49.15839453600251,141,0.1,1,1,-3.946020178121237
101440,4,48.75112985038967,141,0.1,1,1,-3.5230087709844575
101590,5,48.99679463162127,143,0.125,1,1,-3.557539834280412
101730,0,48.53386742460239,143,0.125,1,1,3.9450685507234944
101880,9,48.842653623064585,145,0.125,1,1,-3.949384310233504
102020,9,48.82806427181842,147,0.125,1,1,-3.9507583314600403
102160,0,48.6042643788229,140,0.125,1,1,3.95429011772136
102300,2,49.058130151487745,142,0.1,1,1,-3.9631369984050706
102440,2,48.678088128969684,142,0.1,1,1,-3.336123109061019
102580,0,48.338294517895754,142,0.1,1,1,3.4995198122965983
102740,9,48.92581338709112,144,0.125,1,1,-3.560989895947603
102880,6,49.178886121362815,146,0.125,1,1,-3.935708241187726
103030,6,48.834139692072085,146,0.125,1,1,-3.9350126664710867
103170,0,48.39441772233887,146,0.125,1,1,3.9363485966204204
103310,0,47.9045920795822,146,0.125,1,1,3.936518193888904
103460,0,48.107836467122794,147,0.125,1,1,3.9485594521883383
103600,0,47.558071153676586,147,0.125,1,1,3.9530490544060624
103740,0,48.13302328708656,149,0.125,1,1,3.9534791750799005
103890,0,48.51671601926199,138,0.125,1,1,3.957354516380493
104020,8,49.08204342936197,140,0.1,1,1,-3.9678320888942324
104170,0,48.80215469956666,140,0.1,1,1,-3.3682814488350497
104310,5,49.18675503769832,142,0.1,1,1,-3.406749280935179
104450,5,48.90634163348877,142,0.1,1,1,-3.4420726548962164
104600,1,48.9336928603639,143,0.1,1,1,-3.4435960595413166
104740,8,48.85922409987033,144,0.1,1,1,-3.4428889639344793
104880,8,49.05308494636857,146,0.1,1,1,-3.5178394253976237
105030,8,48.579208743445406,146,0.1,1,1,-3.6013180279022032
105170,9,48.968032076817124,148,0.1,1,1,-3.6083976789294194
105320,7,49.3547677503141,150,0.125,1,1,3.630395587614595
105470,7,48.86268117617505,150,0.125,1,1,-3.9442712155684823
105610,0,48.18444287903193,150,0.125,1,1,3.9464805144346893
105760,7,48.93470461859086,139,0.125,1,1,-3.9532303034666794
105890,0,48.58300399812809,139,0.1,1,1,3.9640376784665285
106030,0,48.110850086282234,139,0.1,1,1,3.4061444740652527
106190,0,48.65610592959647,141,0.125,1,1,-3.5334984192362744
106330,0,48.098756768346846,141,0.125,1,1,3.951573200694759
106470,3,48.92460719486088,138,0.125,1,1,-3.9541794340760488
106610,0,48.687245008836605,138,0.1,1,1,3.957833846295023
106750,0,48.356945389183814,138,0.1,1,1,3.350857930431396
106900,0,47.92092548938027,138,0.1,1,1,3.3656610358328614
107040,5,48.52343808934876,140,0.1,1,1,-3.5099552348286256
107180,2,48.996835181801515,142,0.1,1,1,-3.605683219804054
107340,0,48.97410544827675,144,0.125,1,1,-3.671654217117705
107480,5,49.25257518193241,139,0.125,1,1,-3.936865663344906
107610,5,48.83540954919602,139,0.1,1,1,-3.959193979506171
107770,4,49.039462166535756,141,0.125,1,1,-3.459493771716986
107910,4,48.58988708182037,141,0.125,1,1,-3.946190339637855
108050,8,49.0612048858924,139,0.125,1,1,-3.9488781982489827
108190,8,48.734979028278666,139,0.1,1,1,-3.949520540522361
108330,9,49.10354850489907,141,0.1,1,1,-3.4876580274383975
108490,9,48.66132306751616,141,0.125,1,1,-3.5051624847355156
108630,4,48.90886413944479,143,0.125,1,1,-3.934768470304724
108770,0,48.317133705110734,143,0.125,1,1,3.9488076579488234
108920,6,48.43808314238586,145,0.125,1,1,-3.953553378810903
109060,5,49.0379173587715,140,0.125,1,1,-3.959854047046439
109190,5,48.71065355998332,140,0.1,1,1,-3.9688206046367402
109340,0,48.36689515636463,140,0.1,1,1,3.422659144968181
109480,0,48.007084719921565,140,0.1,1,1,3.5063936917266854
109620,0,48.266543640490575,141,0.1,1,1,3.525067140899948
109770,3,48.74883167441708,143,0.1,1,1,-3.5417624950996305
109910,0,48.25868816484555,143,0.1,1,1,3.5821796859748565
110070,0,48.52761432201431,145,0.125,1,1,3.6344938271978746
110210,6,49.04665779942008,139,0.125,1,1,-3.9530746364199785
110340,0,48.7104765417341,139,0.1,1,1,-3.9648676085025354
110500,8,49.05892256087022,141,0.125,1,1,-3.4701080159361988
110640,8,48.69943396377475,141,0.125,1,1,-3.9351026666823934
110780,4,49.04431011201842,143,0.125,1,1,-3.940027072070522
110930,4,48.62955266773143,143,0.125,1,1,-3.938798743919766
111070,6,48.862047267380255,145,0.125,1,1,-3.941368030082544
111220,7,48.87191765897563,147,0.125,1,1,-3.945922360233509
111360,1,48.973029523701086,140,0.125,1,1,-3.955963044986131
111490,2,49.1747120436905,142,0.1,1,1,-3.961465557040898
111640,2,48.901533938323325,142,0.1,1,1,-3.434200419104153
111790,1,49.006110583469116,143,0.125,1,1,-3.5505945356679494
111930,1,48.574142922114206,143,0.125,1,1,-3.9220110022564616
112080,0,48.085432063648334,143,0.125,1,1,3.9432754025930388
112220,0,48.87881878408328,146,0.125,1,1,-3.9477726028668583
112360,4,48.896511530380984,148,0.125,1,1,-3.952959075863889
112510,3,49.2532359453479,142,0.125,1,1,-3.9576175736070334
112640,0,48.98701753377696,142,0.1,1,1,-3.96058267409877
112790,0,48.667662637110816,142,0.1,1,1,3.402436735608181
112930,0,48.74954329198464,143,0.1,1,1,-3.4198198766196537
113070,5,48.9231247941467,145,0.1,1,1,-3.4968330711914017
113220,0,48.52595495075501,145,0.1,1,1,3.5441654124680637
113370,5,48.92025468657483,147,0.125,1,1,-3.6565621741057672
113510,2,49.10048858217376,149,0.125,1,1,-3.943867917026612
113660,2,48.47077194426784,149,0.125,1,1,-3.9470001826847385
113800,0,47.83702420038345,149,0.125,1,1,3.9464608340440805
113940,0,48.3456525855194,151,0.125,1,1,3.9618315589144637
114090,4,48.85496732440232,142,0.125,1,1,-3.962027607278329
114220,6,49.05272354818677,144,0.1,1,1,-3.964648993477041
114370,6,48.76203214336655,144,0.1,1,1,-3.586106146498871
114520,1,48.83458902510785,145,0.125,1,1,-3.607333194985743
114660,6,49.065749516844484,147,0.125,1,1,-3.9262101324241643
114810,0,48.60050430978545,147,0.125,1,1,-3.935758866919003
114950,3,48.88357392188086,149,0.125,1,1,-3.9460932606652923
115090,0,48.39964973461644,149,0.125,1,1,3.9509660568988094
115240,0,48.10337805153511,141,0.125,1,1,3.9534162749734065
115370,6,48.95609741634357,143,0.1,1,1,3.9525680611952048
115520,0,48.57031529069843,143,0.1,1,1,3.4663620354782507
115670,0,48.57327977494742,144,0.125,1,1,-3.6166829536289304
115810,0,48.32842305292821,140,0.125,1,1,3.9424390468484454
115950,4,49.01012868267635,142,0.1,1,1,-3.9516978146952537
116090,4,48.75266867024072,142,0.1,1,1,-3.3807797301586806
116230,0,48.48948995899478,142,0.1,1,1,3.3848582702674825
116380,7,49.06439104171321,144,0.1,1,1,-3.404490023027929
116520,7,48.794201658058185,144,0.1,1,1,-3.4145996326824672
116660,7,49.028052518573304,146,0.1,1,1,-3.4164877412253727
116810,7,48.679045385299865,146,0.1,1,1,-3.4264856180196115
116960,0,48.18685808174945,146,0.125,1,1,3.6056953444374993
117110,5,48.857004548123584,139,0.125,1,1,-3.9371968250027445
117240,0,48.49049433915945,139,0.1,1,1,3.953238340144974
117380,0,48.13243213485649,139,0.1,1,1,3.517786752741409
117540,0,48.355672989759874,140,0.125,1,1,3.5483413590152826
117680,2,48.888929362072275,142,0.125,1,1,-3.938586181358131
117820,0,48.69833080975176,143,0.125,1,1,-3.9441240599999854
117970,5,48.75717526653019,145,0.125,1,1,-3.9417155611823684
118110,8,49.207143124212095,140,0.125,1,1,-3.9580572700278167
118240,0,48.9353820952444,140,0.1,1,1,-3.9634369227407995
118390,3,49.218218348762704,142,0.1,1,1,-3.3720694413417487
118530,3,48.675567494024165,142,0.1,1,1,-3.4290769979034015
118680,1,48.87400980345806,143,0.1,1,1,3.4831610579051864
118830,2,49.02952227325481,145,0.125,1,1,-3.6670835519292853
118970,2,48.50888332071676,145,0.125,1,1,-3.9395401583171017
119120,0,48.75946268937097,147,0.125,1,1,-3.9513890970973558
119260,3,48.86821280578006,149,0.125,1,1,-3.955385029676157
119400,0,48.63644738167723,140,0.125,1,1,3.959065328681069
119540,7,49.12912393683292,142,0.1,1,1,-3.959216647627186
119680,7,48.861656892320745,142,0.1,1,1,-3.353828068278649
119830,0,48.58456803197997,142,0.1,1,1,3.4174872793741584
119970,0,48.28580005294536,142,0.1,1,1,3.4219343741399038
120110,0,48.911582928360154,144,0.1,1,1,-3.437670923990353
120260,5,49.186109133094284,146,0.1,1,1,-3.46985716477016
120400,0,48.81454302559453,146,0.1,1,1,-3.5055482391284145
120540,4,49.08643455265569,148,0.1,1,1,-3.509781008819994
120690,4,48.64020890849441,148,0.1,1,1,-3.553164419725124
120840,9,48.90485317778006,150,0.125,1,1,-3.566915450029187
120980,0,48.26666386566284,150,0.125,1,1,3.9491985404605066
121130,2,48.50863645153352,152,0.125,1,1,-3.953126984162216
121270,3,49.111494162713136,141,0.125,1,1,-3.962240772250283
121410,3,48.865451378041776,141,0.1,1,1,-3.9657371313757537
121550,1,48.91557653593515,142,0.1,1,1,-3.340392081745116
121690,0,48.52737971900049,142,0.1,1,1,3.3830999146306597
121850,0,48.105706061760046,142,0.125,1,1,3.5073307579716104
121990,0,47.83419627135148,137,0.125,1,1,3.9427489448328252
122120,0,48.744272585222966,139,0.1,1,1,-3.9466838527984267
122270,6,49.127129652201866,141,0.1,1,1,-3.4286645000439764
122410,0,48.732642695979166,141,0.1,1,1,-3.4619148128893467
122550,0,48.398254423246335,141,0.1,1,1,3.4910948834594877
122710,0,48.94614822642396,143,0.125,1,1,-3.5736237747022757
122850,2,49.07480565654335,145,0.125,1,1,-3.934797302821483
123000,0,48.5778609482779,145,0.125,1,1,-3.93606615910178
123140,9,48.81648906107442,147,0.125,1,1,-3.9502006634524833
123280,2,48.69106820051297,149,0.125,1,1,-3.9536142346770164
123430,5,49.13838277448773,141,0.125,1,1,-3.9574620694716725
123560,5,48.70854162173243,141,0.1,1,1,-3.9678719117229395
123710,0,48.27501960965735,141,0.125,1,1,3.4420430894352756
123860,0,47.78367125990902,141,0.125,1,1,3.9475519167611184
124000,7,48.74796157607605,139,0.125,1,1,-3.9479325570416663
124140,1,48.78599013984412,140,0.1,1,1,-3.953171304797115
124290,0,48.76520055181793,141,0.125,1,1,-3.4211512668351487
124430,1,48.880725398347685,142,0.125,1,1,3.9415902247895893
124580,9,48.89816398207101,144,0.125,1,1,-3.9470903233472714
124720,0,48.59844725892742,139,0.125,1,1,3.948992916622887
124850,4,49.04630878062985,141,0.1,1,1,-3.9605399833562025
125000,4,48.69373209437034,141,0.1,1,1,-3.471172079706584
125140,3,49.01597934839392,143,0.1,1,1,-3.5105121802225807
125280,3,48.593480852471,143,0.1,1,1,-3.53440757308022
125430,0,48.1314642945555,143,0.1,1,1,3.5810556247471874
125570,8,48.795812614496874,145,0.1,1,1,-3.595877294301982
125730,3,49.27955276081115,147,0.125,1,1,-3.623054103395096
125870,3,48.8130541974063,147,0.125,1,1,-3.940832798918582
126010,0,48.91527621648998,149,0.125,1,1,-3.946151944653017
126160,0,48.292753594775476,149,0.125,1,1,3.9510775244067045
126300,0,48.066224520726195,138,0.125,1,1,3.9578240639968776
126430,8,48.91677700271068,140,0.1,1,1,-3.9614754267701726
126580,3,49.288736603899814,142,0.1,1,1,-3.3423081550120286
126720,3,49.010626182075555,142,0.1,1,1,-3.336048309873649
126870,3,48.71533146370798,142,0.1,1,1,-3.3496242121333744
127010,9,49.10227386637809,144,0.1,1,1,-3.439285901989382
127150,9,48.733005981466036,144,0.1,1,1,-3.4649800179281782
127300,0,48.31319488952875,144,0.1,1,1,3.50579972904504
127440,2,48.88247934991755,146,0.1,1,1,-3.5509867868321074
127590,8,49.09066820330776,148,0.125,1,1,-3.593859737746829
127740,8,48.614106633540565,148,0.125,1,1,-3.9400091441311975
127880,0,48.110603286538826,148,0.125,1,1,3.9456859841110012
128020,0,47.56249428312545,148,0.125,1,1,3.951951446394603
128170,9,49.223700431004076,139,0.125,1,1,-3.9541209156676964
128300,9,48.88137693890444,139,0.1,1,1,-3.957248081814759
128460,8,49.14291909059358,141,0.125,1,1,-3.4643012458292546
128600,8,48.76124153206102,141,0.125,1,1,-3.9361248486479505
128740,3,49.06097035595196,143,0.125,1,1,-3.9388619797183724
128890,3,48.49797525768099,143,0.125,1,1,-3.941903389960747
129030,7,49.00662620888097,139,0.125,1,1,-3.9427838066038436
129160,7,48.651190495668935,139,0.1,1,1,-3.9581823797883593
129310,9,48.99859632853892,141,0.1,1,1,-3.504663944937555
129460,3,49.05789280847844,143,0.125,1,1,-3.5373466008533767
129600,3,48.4864928261269,143,0.125,1,1,-3.9444418222530095
129750,5,48.74955143349957,145,0.125,1,1,-3.9536216045329566
129890,0,48.722310505339195,147,0.125,1,1,3.958688578606781
130040,8,49.20086128228546,142,0.125,1,1,-3.9590630022342115
130170,8,48.92435631942747,142,0.1,1,1,-3.9657723488174104
130310,0,48.63637787852419,142,0.1,1,1,3.352771698499569
130460,2,48.96005599370578,144,0.1,1,1,-3.4367431721269295
130610,2,49.35368048113297,146,0.125,1,1,3.454369175966641
130750,0,48.856559298310806,146,0.125,1,1,-3.947970232198114
130900,6,48.75302788588559,148,0.125,1,1,-3.9458682944461945
131040,2,49.135626700132015,143,0.125,1,1,-3.953628041347381
131180,2,48.80600803774579,143,0.1,1,1,-3.966386512750887
131320,4,49.14672078082185,145,0.1,1,1,-3.485180422589326
131460,4,48.66605949201818,145,0.1,1,1,-3.5091614354255736
131610,0,48.25254705514183,145,0.1,1,1,3.500825827377855
131760,9,48.768836707288784,147,0.125,1,1,-3.6344455339458923
131900,0,48.99955261718204,149,0.125,1,1,-3.945782608257611
132050,0,48.46563742493082,149,0.125,1,1,3.9499871106928897
132190,7,49.095247776337914,143,0.125,1,1,-3.949869700211803
132320,7,48.849943841589436,143,0.1,1,1,-3.956309157895369
132470,7,49.22728522084886,145,0.1,1,1,-3.333855693434938
132610,7,48.94420910056393,145,0.1,1,1,-3.3816568316924407
132760,4,49.25100985901098,147,0.1,1,1,-3.4118096728607923
132900,4,48.935278468665516,147,0.1,1,1,-3.446990928106143
133040,0,48.56130818091235,147,0.1,1,1,3.441855963078823
133190,0,48.97536888940339,149,0.1,1,1,-3.4923110629226426
133330,9,49.15765020970052,151,0.1,1,1,-3.555416612112921
133470,9,48.635698917872304,151,0.1,1,1,-3.565610632232665
133620,2,49.018313897984825,153,0.1,1,1,-3.5671454475320763
133770,2,48.205811992359976,153,0.125,1,1,-3.656984966656343
133910,7,49.22872967374672,144,0.125,1,1,-3.941052256787857
134050,7,48.96394977815226,144,0.1,1,1,-3.9687771858645005
134190,4,49.262006534820934,146,0.1,1,1,-3.370380447044174
134340,4,48.933881665787325,146,0.1,1,1,-3.417362386884467
134480,0,48.57900903086879,146,0.1,1,1,3.4383643709080887
134630,2,48.97329613336208,148,0.125,1,1,-3.5074098339768867
134780,8,49.06964081980911,150,0.125,1,1,-3.9381047706159187
134920,8,48.510003518982955,150,0.125,1,1,-3.943620698318164
135060,2,48.38382377750713,151,0.125,1,1,-3.9517364542050157
135210,5,49.05757861821252,144,0.125,1,1,-3.9579759372102044
135340,5,48.710485983187155,144,0.1,1,1,-3.961491572213036
135490,0,48.334458536179035,144,0.1,1,1,3.336857072876276
135630,0,47.97165284563242,144,0.1,1,1,3.528648754160632
135780,0,47.59346997164634,144,0.125,1,1,3.557323086290816
135930,0,48.51185529358381,146,0.125,1,1,3.9392866845381938
136070,8,48.90229175287491,148,0.125,1,1,-3.9414382782244126
136210,7,48.97179423855276,150,0.125,1,1,-3.9463458465757277
136360,6,49.25653440539029,152,0.125,1,1,3.9482166988893685
136500,6,48.94317597912815,143,0.125,1,1,-3.9567399127368414
136630,0,48.54867233281962,143,0.1,1,1,3.9625429191723995
136790,0,48.79269711109608,145,0.125,1,1,-3.489299520080446
136930,0,48.53550902733266,142,0.125,1,1,3.943540681275737
137070,0,48.208312210002504,142,0.1,1,1,3.9581379066770848
137210,0,47.840679451229036,142,0.1,1,1,3.4039996328151716
137350,4,48.68901805379867,144,0.1,1,1,-3.506314447989932
137510,2,48.99999521593587,146,0.125,1,1,-3.5494225297607884
137650,7,49.150883475919535,148,0.125,1,1,-3.937552809633597
137790,7,48.68369922889534,148,0.125,1,1,-3.9462103032100897
137940,0,48.45696651524877,141,0.125,1,1,3.944765596030078
138070,2,49.04801949556982,143,0.1,1,1,-3.951138255366819
138210,2,48.75053573279563,143,0.1,1,1,-3.342764593466247
138360,1,48.764103395585856,144,0.1,1,1,-3.4197678970533008
138500,0,48.39101186170175,144,0.1,1,1,3.4680655460415486
138660,0,48.84947152554644,146,0.125,1,1,-3.5806194108822456
138800,9,49.266131827306715,148,0.125,1,1,3.940745275333369
138940,9,49.012626071722345,141,0.125,1,1,-3.9481266106614172
139080,9,48.616977470857776,141,0.1,1,1,-3.9539040200135696
139230,8,48.95710047495056,143,0.125,1,1,-3.397269723564228
139370,0,48.452598083659524,143,0.125,1,1,3.9436817409493945
139520,6,49.079594392777494,141,0.125,1,1,-3.9473825191292984
139650,0,48.84088625657552,141,0.1,1,1,-3.9541969508321184
139800,0,48.55977048508189,141,0.1,1,1,3.3557764554168856
139940,0,48.255226633466656,141,0.1,1,1,3.368435983213007
140080,9,48.89697960393074,143,0.1,1,1,-3.4439775668002612
140230,9,49.344674693394225,145,0.1,1,1,3.4777503003526165
140370,9,48.86338497591677,145,0.1,1,1,-3.5067503464115832
140510,9,49.12233088371331,147,0.1,1,1,-3.553065869997399
140670,0,48.70941139440032,147,0.125,1,1,-3.634815308162901
140810,4,48.97680189606756,149,0.125,1,1,-3.940664499477692
140950,0,48.492062256917286,149,0.125,1,1,3.94571575718533
141100,5,48.74732113256607,151,0.125,1,1,-3.949523220271591
141240,0,47.94514445644818,151,0.125,1,1,3.9526352142332812
141390,7,49.47908132958937,142,0.125,1,1,-3.9593340034306883
141520,7,49.192520561085836,142,0.1,1,1,-3.9684686738616137
141660,7,48.90350588636911,142,0.1,1,1,-3.406889728584926
141810,4,49.14726328055513,144,0.1,1,1,-3.452258230333373
141950,4,48.77690640124589,144,0.1,1,1,-3.4559006644644406
142090,7,48.963885347200176,146,0.1,1,1,-3.5472720225981584
142240,0,48.6028110147704,146,0.1,1,1,3.5520216768650603
142390,0,48.70742871845811,147,0.125,1,1,-3.6412749334948855
142540,4,49.05264952117175,149,0.125,1,1,-3.9390331071553404
142680,4,48.63583333233827,149,0.125,1,1,-3.9390386433609677
142820,6,48.96780720504119,151,0.125,1,1,-3.9407152987030853
142970,5,49.08670693952637,153,0.125,1,1,-3.9461516438884607
143110,1,49.05016849855776,154,0.125,1,1,-3.947136777282584
143250,0,48.45210582934442,154,0.125,1,1,-3.9499892741012963
143400,0,48.14110678707452,140,0.125,1,1,3.9547178914542247
143530,7,48.838156340698625,142,0.1,1,1,-3.9602009994640217
143670,0,48.45297053306815,142,0.1,1,1,3.486264911475015
143820,8,48.770763410947055,144,0.1,1,1,-3.5161136231600048
143960,4,49.038015255716104,146,0.1,1,1,-3.5655870446721325
