sysTime,Action,ChannelUsed,TransJob,CPU,JobFaultProb,RunningJob,ActionQos
170,7,-3.552713678800501e-15,0,0.0875,0.0,1,0.0
300,7,11.119621066822397,1,0.0375,0.0,1,3.9992585934012532
450,7,11.119621066822397,1,0.0375,0.25,1,3.9972211416861247
590,7,-3.552713678800501e-15,0,0.0375,0.25,1,3.9972211416861247
730,7,-3.552713678800501e-15,0,0.0375,0.25,1,3.9972211416861247
880,7,-3.552713678800501e-15,0,0.0375,0.25,1,3.9972211416861247
1020,7,-3.552713678800501e-15,0,0.0375,0.25,1,3.9972211416861247
1160,7,-3.552713678800501e-15,0,0.0375,0.6,1,3.9972211416861247
1310,7,-3.552713678800501e-15,0,0.0375,0.6,1,3.9972211416861247
1450,7,11.119621066822397,1,0.0375,0.55,1,3.9972211416861247
1600,7,11.119621066822397,1,0.0375,0.55,1,3.9972211416861247
1740,7,-3.552713678800501e-15,0,0.0375,0.85,1,3.9972211416861247
1880,7,-3.552713678800501e-15,0,0.0375,0.85,1,3.9972211416861247
2030,7,-3.552713678800501e-15,0,0.0375,0.85,1,3.9972211416861247
2170,7,-3.552713678800501e-15,0,0.0375,0.85,1,3.9972211416861247
2310,7,-3.552713678800501e-15,0,0.0375,1,1,3.9972211416861247
2460,7,-3.552713678800501e-15,0,0.0375,1,1,3.9972211416861247
2600,7,11.119621066822397,1,0.0375,1,1,3.9972211416861247
2740,7,-3.552713678800501e-15,0,0.0375,1,1,3.9972211416861247
2890,7,-3.552713678800501e-15,0,0.0375,1,1,3.9972211416861247
3030,7,-3.552713678800501e-15,0,0.0375,1,1,3.9972211416861247
3180,7,-3.552713678800501e-15,0,0.0375,1,1,3.9972211416861247
3320,7,-3.552713678800501e-15,0,0.0375,1,1,3.9972211416861247
3460,7,-3.552713678800501e-15,0,0.0375,1,1,3.9972211416861247
3610,7,-3.552713678800501e-15,0,0.0375,0.4,1,3.9972211416861247
3750,7,11.119621066822397,1,0.0375,0.4,1,3.9972211416861247
3890,7,-3.552713678800501e-15,0,0.0375,1,1,3.9972211416861247
4040,7,-3.552713678800501e-15,0,0.0375,1,1,3.9972211416861247
4180,7,-3.552713678800501e-15,0,0.0375,1,1,3.9972211416861247
4330,7,-3.552713678800501e-15,0,0.0375,1,1,3.9972211416861247
4470,7,-3.552713678800501e-15,0,0.0375,1,1,3.9972211416861247
4610,7,-3.552713678800501e-15,0,0.0375,1,1,3.9972211416861247
4760,7,-3.552713678800501e-15,0,0.0375,1,1,3.9972211416861247
4900,7,11.119621066822397,1,0.0375,1,1,3.9972211416861247
5040,7,-3.552713678800501e-15,0,0.0375,1,1,3.9972211416861247
5190,7,-3.552713678800501e-15,0,0.0375,1,1,3.9972211416861247
5330,7,-3.552713678800501e-15,0,0.0375,0.05,1,3.9972211416861247
5470,7,-3.552713678800501e-15,0,0.0375,0.05,1,3.9972211416861247
5620,7,-3.552713678800501e-15,0,0.0375,0.05,1,3.9972211416861247
5760,7,-3.552713678800501e-15,0,0.0375,0.05,1,3.9972211416861247
5910,7,-3.552713678800501e-15,0,0.0375,1,1,3.9972211416861247
6050,7,11.119621066822397,1,0.0375,1,1,3.9972211416861247
6190,7,-3.552713678800501e-15,0,0.0375,1,1,3.9972211416861247
6340,7,-3.552713678800501e-15,0,0.0375,1,1,3.9972211416861247
6480,7,-3.552713678800501e-15,0,0.0375,1,1,3.9972211416861247
6620,7,-3.552713678800501e-15,0,0.0375,1,1,3.9972211416861247
6770,7,-3.552713678800501e-15,0,0.0375,1,1,3.9972211416861247
6910,7,-3.552713678800501e-15,0,0.0375,1,1,3.9972211416861247
7050,7,11.119621066822397,1,0.0375,1,1,3.9972211416861247
7200,7,11.119621066822397,1,0.0375,0.85,1,3.9972211416861247
7340,7,-3.552713678800501e-15,0,0.0375,0.85,1,3.9972211416861247
7490,7,-3.552713678800501e-15,0,0.0375,0.85,1,3.9972211416861247
7630,7,-3.552713678800501e-15,0,0.0375,0.85,1,3.9972211416861247
7770,7,-3.552713678800501e-15,0,0.0375,0.4,1,3.9972211416861247
7920,7,-3.552713678800501e-15,0,0.0375,0.4,1,3.9972211416861247
8060,7,-3.552713678800501e-15,0,0.0375,0.4,1,3.9972211416861247
8200,7,11.119621066822397,1,0.0375,0.6,1,3.9972211416861247
8350,7,11.119621066822397,1,0.0375,0.6,1,3.9972211416861247
8490,7,-3.552713678800501e-15,0,0.0375,0.5,1,3.9972211416861247
8640,7,-3.552713678800501e-15,0,0.0375,0.5,1,3.9972211416861247
8780,7,-3.552713678800501e-15,0,0.0375,0.5,1,3.9972211416861247
8920,7,-3.552713678800501e-15,0,0.0375,0.5,1,3.9972211416861247
9070,7,-3.552713678800501e-15,0,0.0375,0.5,1,3.9972211416861247
9210,7,-3.552713678800501e-15,0,0.0375,0.5,1,3.9972211416861247
9350,7,11.119621066822397,1,0.0375,0.5,1,3.9972211416861247
9500,7,11.119621066822397,1,0.0375,0.5,1,3.9972211416861247
9640,7,-3.552713678800501e-15,0,0.0375,0.5,1,3.9972211416861247
9780,7,-3.552713678800501e-15,0,0.0375,0.5,1,3.9972211416861247
9930,7,-3.552713678800501e-15,0,0.0375,0.5,1,3.9972211416861247
10070,7,-3.552713678800501e-15,0,0.0375,0.5,1,3.9972211416861247
10220,7,-3.552713678800501e-15,0,0.0375,0.5,1,3.9972211416861247
10360,7,-3.552713678800501e-15,0,0.0375,0.5,1,3.9972211416861247
10500,7,11.119621066822397,1,0.0375,0.15,1,3.9972211416861247
10650,7,11.119621066822397,1,0.0375,0.15,1,3.9972211416861247
10790,7,-3.552713678800501e-15,0,0.0375,0.05,1,3.9972211416861247
10930,7,-3.552713678800501e-15,0,0.0375,0.05,1,3.9972211416861247
11080,7,-3.552713678800501e-15,0,0.0375,0.05,1,3.9972211416861247
11220,7,-3.552713678800501e-15,0,0.0375,0.05,1,3.9972211416861247
11360,7,-3.552713678800501e-15,0,0.0375,1,1,3.9972211416861247
11510,7,-3.552713678800501e-15,0,0.0375,0.25,1,3.9972211416861247
11650,7,11.119621066822397,1,0.0375,0.25,1,3.9972211416861247
11800,7,11.119621066822397,1,0.0375,0.25,1,3.9972211416861247
11940,7,-3.552713678800501e-15,0,0.0375,0.25,1,3.9972211416861247
12080,7,-3.552713678800501e-15,0,0.0375,0.25,1,3.9972211416861247
12230,7,-3.552713678800501e-15,0,0.0375,0.25,1,3.9972211416861247
12370,7,-3.552713678800501e-15,0,0.0375,0.25,1,3.9972211416861247
12510,7,-3.552713678800501e-15,0,0.0375,1,1,3.9972211416861247
12660,7,-3.552713678800501e-15,0,0.0375,0.4,1,3.9972211416861247
12800,7,11.119621066822397,1,0.0375,0.4,1,3.9972211416861247
12950,7,11.119621066822397,1,0.0375,0.25,1,3.9972211416861247
13090,7,-3.552713678800501e-15,0,0.0375,0.25,1,3.9972211416861247
13230,7,-3.552713678800501e-15,0,0.0375,0.25,1,3.9972211416861247
13380,7,-3.552713678800501e-15,0,0.0375,0.25,1,3.9972211416861247
13520,7,-3.552713678800501e-15,0,0.0375,0.25,1,3.9972211416861247
13660,7,-3.552713678800501e-15,0,0.0375,0.7,1,3.9972211416861247
13810,7,-3.552713678800501e-15,0,0.0375,0.7,1,3.9972211416861247
13950,7,11.119621066822397,1,0.0375,1,1,3.9972211416861247
14090,7,-3.552713678800501e-15,0,0.0375,1,1,3.9972211416861247
14240,7,-3.552713678800501e-15,0,0.0375,1,1,3.9972211416861247
14380,7,-3.552713678800501e-15,0,0.0375,1,1,3.9972211416861247
14530,7,-3.552713678800501e-15,0,0.0375,1,1,3.9972211416861247
14670,7,-3.552713678800501e-15,0,0.0375,1,1,3.9972211416861247
14810,7,-3.552713678800501e-15,0,0.0375,1,1,3.9972211416861247
14960,7,-3.552713678800501e-15,0,0.0375,1,1,3.9972211416861247
15100,7,11.119621066822397,1,0.0375,1,1,3.9972211416861247
15240,7,-3.552713678800501e-15,0,0.0375,1,1,3.9972211416861247
15390,7,-3.552713678800501e-15,0,0.0375,1,1,3.9972211416861247
15530,7,-3.552713678800501e-15,0,0.0375,0.05,1,3.9972211416861247
15670,7,-3.552713678800501e-15,0,0.0375,0.05,1,3.9972211416861247
15820,7,-3.552713678800501e-15,0,0.0375,0.05,1,3.9972211416861247
15960,7,-3.552713678800501e-15,0,0.0375,0.05,1,3.9972211416861247
16110,7,-3.552713678800501e-15,0,0.0375,1,1,3.9972211416861247
16250,7,11.119621066822397,1,0.0375,1,1,3.9972211416861247
16390,7,-3.552713678800501e-15,0,0.0375,0.75,1,3.9972211416861247
16540,7,-3.552713678800501e-15,0,0.0375,0.75,1,3.9972211416861247
16680,7,-3.552713678800501e-15,0,0.0375,0.6,1,3.9972211416861247
16820,7,-3.552713678800501e-15,0,0.0375,0.6,1,3.9972211416861247
16970,7,-3.552713678800501e-15,0,0.0375,0.6,1,3.9972211416861247
17110,7,-3.552713678800501e-15,0,0.0375,0.6,1,3.9972211416861247
17260,7,-3.552713678800501e-15,0,0.0375,1,1,3.9972211416861247
17400,7,11.119621066822397,1,0.0375,1,1,3.9972211416861247
17540,7,-3.552713678800501e-15,0,0.0375,0.85,1,3.9972211416861247
17690,7,-3.552713678800501e-15,0,0.0375,0.85,1,3.9972211416861247
17830,7,-3.552713678800501e-15,0,0.0375,0.55,1,3.9972211416861247
17970,7,-3.552713678800501e-15,0,0.0375,0.55,1,3.9972211416861247
18120,7,-3.552713678800501e-15,0,0.0375,0.1,1,3.9972211416861247
18260,7,-3.552713678800501e-15,0,0.0375,0.35,1,3.9972211416861247
18400,7,11.119621066822397,1,0.0375,0.35,1,3.9972211416861247
18550,7,11.119621066822397,1,0.0375,0.1,1,3.9972211416861247
18690,7,-3.552713678800501e-15,0,0.0375,0.1,1,3.9972211416861247
18840,7,-3.552713678800501e-15,0,0.0375,0.1,1,3.9972211416861247
18980,7,-3.552713678800501e-15,0,0.0375,0.1,1,3.9972211416861247
19120,7,-3.552713678800501e-15,0,0.0375,0.25,1,3.9972211416861247
19270,7,-3.552713678800501e-15,0,0.0375,0.25,1,3.9972211416861247
19410,7,-3.552713678800501e-15,0,0.0375,0.25,1,3.9972211416861247
19550,7,11.119621066822397,1,0.0375,0.5,1,3.9972211416861247
19700,7,11.119621066822397,1,0.0375,0.5,1,3.9972211416861247
19840,7,-3.552713678800501e-15,0,0.0375,0.6,1,3.9972211416861247
19990,7,-3.552713678800501e-15,0,0.0375,0.6,1,3.9972211416861247
20130,7,-3.552713678800501e-15,0,0.0375,0.6,1,3.9972211416861247
20270,7,-3.552713678800501e-15,0,0.0375,0.6,1,3.9972211416861247
20420,7,-3.552713678800501e-15,0,0.0375,0.6,1,3.9972211416861247
20560,7,-3.552713678800501e-15,0,0.0375,1,1,3.9972211416861247
20700,7,11.119621066822397,1,0.0375,1,1,3.9972211416861247
20850,7,11.119621066822397,1,0.0375,1,1,3.9972211416861247
20990,7,-3.552713678800501e-15,0,0.0375,1,1,3.9972211416861247
21130,7,-3.552713678800501e-15,0,0.0375,1,1,3.9972211416861247
21280,7,-3.552713678800501e-15,0,0.0375,1,1,3.9972211416861247
21420,7,-3.552713678800501e-15,0,0.0375,1,1,3.9972211416861247
21570,7,-3.552713678800501e-15,0,0.0375,1,1,3.9972211416861247
21710,7,-3.552713678800501e-15,0,0.0375,1,1,3.9972211416861247
21850,7,11.119621066822397,1,0.0375,1,1,3.9972211416861247
22000,7,11.119621066822397,1,0.0375,1,1,3.9972211416861247
22140,7,-3.552713678800501e-15,0,0.0375,1,1,3.9972211416861247
22280,7,-3.552713678800501e-15,0,0.0375,1,1,3.9972211416861247
22430,7,-3.552713678800501e-15,0,0.0375,1,1,3.9972211416861247
22570,7,-3.552713678800501e-15,0,0.0375,1,1,3.9972211416861247
22710,7,-3.552713678800501e-15,0,0.0375,1,1,3.9972211416861247
22860,7,-3.552713678800501e-15,0,0.0375,1,1,3.9972211416861247
23000,7,11.119621066822397,1,0.0375,1,1,3.9972211416861247
23150,7,11.119621066822397,1,0.0375,0.55,1,3.9972211416861247
23290,7,-3.552713678800501e-15,0,0.0375,0.55,1,3.9972211416861247
23430,7,-3.552713678800501e-15,0,0.0375,0.55,1,3.9972211416861247
23580,7,-3.552713678800501e-15,0,0.0375,0.55,1,3.9972211416861247
23720,7,-3.552713678800501e-15,0,0.0375,0.55,1,3.9972211416861247
23860,7,-3.552713678800501e-15,0,0.0375,0.55,1,3.9972211416861247
24010,7,-3.552713678800501e-15,0,0.0375,1,1,3.9972211416861247
24150,7,11.119621066822397,1,0.0375,1,1,3.9972211416861247
24300,7,11.119621066822397,1,0.0375,0.3,1,3.9972211416861247
24440,7,-3.552713678800501e-15,0,0.0375,0.3,1,3.9972211416861247
24580,7,-3.552713678800501e-15,0,0.0375,0.3,1,3.9972211416861247
24730,7,-3.552713678800501e-15,0,0.0375,0.3,1,3.9972211416861247
24870,7,-3.552713678800501e-15,0,0.0375,0.3,1,3.9972211416861247
25010,7,-3.552713678800501e-15,0,0.0375,0.1,1,3.9972211416861247
25160,7,-3.552713678800501e-15,0,0.0375,1,1,3.9972211416861247
25300,7,11.119621066822397,1,0.0375,1,1,3.9972211416861247
25440,7,-3.552713678800501e-15,0,0.0375,1,1,3.9972211416861247
25590,7,-3.552713678800501e-15,0,0.0375,0.4,1,3.9972211416861247
25730,7,-3.552713678800501e-15,0,0.0375,0.4,1,3.9972211416861247
25880,7,-3.552713678800501e-15,0,0.0375,0.4,1,3.9972211416861247
26020,7,-3.552713678800501e-15,0,0.0375,0.4,1,3.9972211416861247
26160,7,-3.552713678800501e-15,0,0.0375,0.4,1,3.9972211416861247
26310,7,-3.552713678800501e-15,0,0.0375,1,1,3.9972211416861247
26450,7,11.119621066822397,1,0.0375,1,1,3.9972211416861247
26590,7,-3.552713678800501e-15,0,0.0375,1,1,3.9972211416861247
26740,7,-3.552713678800501e-15,0,0.0375,0.25,1,3.9972211416861247
26880,7,-3.552713678800501e-15,0,0.0375,0.25,1,3.9972211416861247
27020,7,-3.552713678800501e-15,0,0.0375,0.25,1,3.9972211416861247
27170,7,-3.552713678800501e-15,0,0.0375,0.25,1,3.9972211416861247
27310,7,-3.552713678800501e-15,0,0.0375,0.25,1,3.9972211416861247
27460,7,-3.552713678800501e-15,0,0.0375,0.25,1,3.9972211416861247
27600,7,11.119621066822397,1,0.0375,0.25,1,3.9972211416861247
27740,7,-3.552713678800501e-15,0,0.0375,0.1,1,3.9972211416861247
27890,7,-3.552713678800501e-15,0,0.0375,0.1,1,3.9972211416861247
28030,7,-3.552713678800501e-15,0,0.0375,0.1,1,3.9972211416861247
28170,7,-3.552713678800501e-15,0,0.0375,0.1,1,3.9972211416861247
28320,7,-3.552713678800501e-15,0,0.0375,0.1,1,3.9972211416861247
28460,7,-3.552713678800501e-15,0,0.0375,0.1,1,3.9972211416861247
28610,7,-3.552713678800501e-15,0,0.0375,0.1,1,3.9972211416861247
28750,7,11.119621066822397,1,0.0375,1,1,3.9972211416861247
28890,7,-3.552713678800501e-15,0,0.0375,1,1,3.9972211416861247
29040,7,-3.552713678800501e-15,0,0.0375,1,1,3.9972211416861247
29180,7,-3.552713678800501e-15,0,0.0375,1,1,3.9972211416861247
29320,7,-3.552713678800501e-15,0,0.0375,0.35,1,3.9972211416861247
29470,7,-3.552713678800501e-15,0,0.0375,0.35,1,3.9972211416861247
29610,7,-3.552713678800501e-15,0,0.0375,0.35,1,3.9972211416861247
29750,7,11.119621066822397,1,0.0375,1,1,3.9972211416861247
29900,7,11.119621066822397,1,0.0375,1,1,3.9972211416861247
30040,7,-3.552713678800501e-15,0,0.0375,0.6,1,3.9972211416861247
30190,7,-3.552713678800501e-15,0,0.0375,0.6,1,3.9972211416861247
30330,7,-3.552713678800501e-15,0,0.0375,0.6,1,3.9972211416861247
30470,7,-3.552713678800501e-15,0,0.0375,0.6,1,3.9972211416861247
30620,7,-3.552713678800501e-15,0,0.0375,0.6,1,3.9972211416861247
30760,7,-3.552713678800501e-15,0,0.0375,0.4,1,3.9972211416861247
30900,7,11.119621066822397,1,0.0375,1,1,3.9972211416861247
31050,7,11.119621066822397,1,0.0375,0.15,1,3.9972211416861247
31190,7,-3.552713678800501e-15,0,0.0375,0.15,1,3.9972211416861247
31330,7,-3.552713678800501e-15,0,0.0375,0.6,1,3.9972211416861247
31480,7,-3.552713678800501e-15,0,0.0375,0.6,1,3.9972211416861247
31620,7,-3.552713678800501e-15,0,0.0375,0.15,1,3.9972211416861247
31770,7,-3.552713678800501e-15,0,0.0375,0.15,1,3.9972211416861247
31910,7,-3.552713678800501e-15,0,0.0375,0.15,1,3.9972211416861247
32050,7,11.119621066822397,1,0.0375,1,1,3.9972211416861247
32200,7,11.119621066822397,1,0.0375,1,1,3.9972211416861247
32340,7,-3.552713678800501e-15,0,0.0375,1,1,3.9972211416861247
32480,7,-3.552713678800501e-15,0,0.0375,1,1,3.9972211416861247
32630,7,-3.552713678800501e-15,0,0.0375,1,1,3.9972211416861247
32770,7,-3.552713678800501e-15,0,0.0375,1,1,3.9972211416861247
32920,7,-3.552713678800501e-15,0,0.0375,1,1,3.9972211416861247
33060,7,-3.552713678800501e-15,0,0.0375,1,1,3.9972211416861247
33200,7,11.119621066822397,1,0.0375,1,1,3.9972211416861247
33350,7,11.119621066822397,1,0.0375,1,1,3.9972211416861247
33490,7,-3.552713678800501e-15,0,0.0375,0.2,1,3.9972211416861247
33630,7,-3.552713678800501e-15,0,0.0375,0.2,1,3.9972211416861247
33780,7,-3.552713678800501e-15,0,0.0375,0.2,1,3.9972211416861247
33920,7,-3.552713678800501e-15,0,0.0375,0.2,1,3.9972211416861247
34060,7,-3.552713678800501e-15,0,0.0375,0.2,1,3.9972211416861247
34210,7,-3.552713678800501e-15,0,0.0375,0.2,1,3.9972211416861247
34350,7,11.119621066822397,1,0.0375,0.45,1,3.9972211416861247
34500,7,11.119621066822397,1,0.0375,0.45,1,3.9972211416861247
34640,7,-3.552713678800501e-15,0,0.0375,0.45,1,3.9972211416861247
34780,7,-3.552713678800501e-15,0,0.0375,0.45,1,3.9972211416861247
34930,7,-3.552713678800501e-15,0,0.0375,0.45,1,3.9972211416861247
35070,7,-3.552713678800501e-15,0,0.0375,0.45,1,3.9972211416861247
35210,7,-3.552713678800501e-15,0,0.0375,0.45,1,3.9972211416861247
35360,7,-3.552713678800501e-15,0,0.0375,1,1,3.9972211416861247
35500,7,11.119621066822397,1,0.0375,1,1,3.9972211416861247
35650,7,11.119621066822397,1,0.0375,1,1,3.9972211416861247
35790,7,-3.552713678800501e-15,0,0.0375,0.7,1,3.9972211416861247
35930,7,-3.552713678800501e-15,0,0.0375,0.7,1,3.9972211416861247
36080,7,-3.552713678800501e-15,0,0.0375,0.5,1,3.9972211416861247
36220,7,-3.552713678800501e-15,0,0.0375,0.5,1,3.9972211416861247
36360,7,-3.552713678800501e-15,0,0.0375,0.5,1,3.9972211416861247
36510,7,-3.552713678800501e-15,0,0.0375,0.35,1,3.9972211416861247
36650,7,11.119621066822397,1,0.0375,0.35,1,3.9972211416861247
36790,7,-3.552713678800501e-15,0,0.0375,0.35,1,3.9972211416861247
36940,7,-3.552713678800501e-15,0,0.0375,0.35,1,3.9972211416861247
37080,7,-3.552713678800501e-15,0,0.0375,0.7,1,3.9972211416861247
37230,7,-3.552713678800501e-15,0,0.0375,0.7,1,3.9972211416861247
37370,7,-3.552713678800501e-15,0,0.0375,0.7,1,3.9972211416861247
37510,7,-3.552713678800501e-15,0,0.0375,1,1,3.9972211416861247
37660,7,-3.552713678800501e-15,0,0.0375,1,1,3.9972211416861247
37800,7,11.119621066822397,1,0.0375,1,1,3.9972211416861247
37940,7,-3.552713678800501e-15,0,0.0375,1,1,3.9972211416861247
38090,7,8.64670161342799,3,0.0375,1,1,3.9972211416861247
38230,7,21.90902990902567,6,0.0375,1,1,3.9972211416861247
38370,7,27.595001315873652,9,0.0375,1,1,3.9972211416861247
38520,7,32.3138053840777,12,0.0375,1,1,3.997062358055387
38660,7,37.35971576464887,15,0.0375,1,1,3.997105052655251
38810,7,39.198669648532935,18,0.0375,1,1,3.9969130811613134
38950,7,41.14370018075313,21,0.0375,1,1,3.996666233749107
39090,7,40.86730179946153,23,0.0375,1,1,3.9967881566908243
39240,7,40.7231149762793,26,0.0375,1,1,3.996505602696095
39380,7,41.76343365679054,29,0.0375,1,1,3.9961422981921992
39520,7,43.11426891398822,32,0.0375,1,1,3.9965374273493612
39670,7,42.82906232757649,35,0.0375,1,1,3.9961832172119753
39810,7,44.249886463938246,38,0.0375,1,1,3.995727796778652
39960,7,44.48520048731587,41,0.0375,1,1,3.996206980499747
40100,7,45.22101293843975,44,0.0375,1,1,3.9957583493514464
40240,7,44.02113894452564,46,0.0375,1,1,3.996068891383544
40390,7,44.786613100635684,49,0.0375,1,1,3.995580808965882
40530,7,45.01580845063387,52,0.0375,1,1,3.9957783227560326
40670,7,45.47050413013704,36,0.0375,1,1,3.99520723800071
40820,7,46.00231917251504,39,0.0375,1,1,3.995339762182088
40960,7,46.58873990407841,42,0.0375,1,1,3.994953312303676
41100,7,47.2050805555573,45,0.0375,1,1,3.9944730653653737
41250,7,47.10647809504793,48,0.0375,1,1,3.994643429877043
41390,7,46.671009522850106,50,0.0375,1,1,3.993748306224131
41540,7,47.206595005068095,53,0.0375,1,1,3.994738177331847
41680,7,46.6234355897139,56,0.0375,1,1,3.9938700972685277
41820,7,46.80805456073023,59,0.0375,1,1,3.992754304444617
41970,7,47.2516439119033,62,0.0375,1,1,3.9947853644220848
42110,7,47.2833438217054,65,0.0375,1,1,3.993930753497817
42250,7,47.61502098105426,68,0.0375,1,1,3.9928322648540058
42400,7,47.68780864692267,71,0.0375,1,1,3.994407895658957
42540,7,47.00711686236788,73,0.0375,1,1,3.9934455510646925
42680,7,47.35265097594223,76,0.0375,1,1,3.993747724871949
42830,7,47.11071211723002,79,0.0375,1,1,3.993907802021627
42970,7,47.36267882804456,82,0.0375,1,1,3.992802765636433
43120,7,47.182725998670854,85,0.0375,1,1,3.9940247164637066
43260,7,47.72162481916871,88,0.0375,1,1,3.9929530351752125
43400,7,47.86590037412682,91,0.0375,1,1,3.9938647888762016
43550,7,47.96260051062845,94,0.0375,1,1,3.99274748169135
43690,7,47.6604276975057,75,0.0375,1,1,3.9932631990791996
43830,7,47.70915882743577,78,0.0375,1,1,3.9931373613874777
43980,7,47.996891977033066,81,0.0375,1,1,3.992208661437296
44120,7,48.0637508271596,84,0.0375,1,1,-3.992597023364551
44270,7,47.54066145213712,85,0.0375,1,1,3.9911182004912917
44410,7,48.01717262979794,88,0.0375,1,1,3.9915757027061054
44550,7,48.425023687479104,91,0.0375,1,1,3.991311548025923
44700,7,48.01370493692325,93,0.0375,1,1,-3.991974305868152
44840,7,47.65143567651962,94,0.0375,1,1,3.990318017221862
44980,7,47.736290296475,97,0.0375,1,1,3.991812585041247
45130,7,48.03403454883751,100,0.0375,1,1,3.9901102198789737
45270,7,47.967159110061175,103,0.0375,1,1,-3.992457118890646
45410,7,47.74899928572223,104,0.0375,1,1,3.9909384189929105
45560,7,48.24051308362547,94,0.0375,1,1,3.992212853349541
45700,7,48.651501377609215,97,0.0375,1,1,3.9906245389765216
45850,7,48.17727300175794,99,0.0375,1,1,-3.9889870749455842
45990,7,47.693579753377634,100,0.0375,1,1,3.988583830271545
46130,7,47.939918415627815,103,0.0375,1,1,3.9916552054400607
46280,7,48.20381743704555,106,0.0375,1,1,-3.990842305008791
46420,7,47.81997084146411,101,0.0375,1,1,3.991456500611703
46560,7,48.50130985482581,104,0.0375,1,1,3.990327780704215
46710,7,48.40244664975061,106,0.0375,1,1,-3.9899080052517206
46850,7,48.444078786644944,108,0.0375,1,1,3.9876633603267995
46990,7,48.25984066785379,110,0.0375,1,1,-3.988863594463666
47140,7,48.02527001255107,111,0.0375,1,1,3.9896526989769825
47280,7,48.427987120646,114,0.0375,1,1,-3.9900655050981957
47430,7,48.03724861843828,115,0.0375,1,1,3.987865678899235
47570,7,48.45588468798493,118,0.0375,1,1,-3.9882025987123773
47710,7,48.215361332361354,119,0.0375,1,1,3.989452354392764
47860,7,48.608869165279096,122,0.0375,1,1,3.987860319091723
48000,7,48.54760641954329,124,0.0375,1,1,-3.989569395361362
48140,7,48.093655767818824,125,0.0375,1,1,3.9890957389220123
48290,7,48.49947561328266,128,0.0375,1,1,-3.9876981915848804
48430,7,48.15108712842088,129,0.0375,1,1,3.9898438041581508
48580,7,48.46936673438518,132,0.0375,1,1,-3.987580891245095
48720,7,48.14417344474835,133,0.0375,1,1,3.9887431119160834
48860,7,48.62773650241082,136,0.0375,1,1,3.988459406047324
49010,7,48.543688177600544,138,0.0375,1,1,-3.988519706221001
49150,7,48.61271339251483,140,0.0375,1,1,3.9881886026595548
49290,7,48.55080117753475,142,0.0375,1,1,-3.987944125549598
49440,7,48.28316904915617,122,0.0375,1,1,3.9883214475731457
49580,7,48.70941157395666,125,0.0375,1,1,-3.987683857838651
49720,7,48.49604024849246,126,0.0375,1,1,3.987335412854605
49870,7,48.51489957682344,128,0.0375,1,1,-3.9850402747751787
50010,7,48.72635644296319,130,0.0375,1,1,3.9854729488894285
50160,7,48.42568221884688,131,0.0375,1,1,-3.987078073470283
50300,7,48.496055688523285,133,0.0375,1,1,-3.985033391851905
50440,7,48.3001202466478,134,0.0375,1,1,3.9872284098096875
50590,7,48.686504861317296,137,0.0375,1,1,-3.9866200248948234
50730,7,48.461044876523296,138,0.0375,1,1,3.986167122199871
50870,7,48.48068418816171,140,0.0375,1,1,-3.985802756155744
51020,7,48.581653716009654,142,0.0375,1,1,-3.985880198983846
51160,7,48.441000595746324,143,0.0375,1,1,3.9873146720665607
51300,7,48.570111748347024,145,0.0375,1,1,-3.9854549746732433
51450,7,48.74137579288269,147,0.0375,1,1,3.987274997925649
51590,7,48.438596791129626,148,0.0375,1,1,-3.985141014495629
51740,7,48.41208426644802,150,0.0375,1,1,-3.9856255801656837
51880,7,48.317559315752554,134,0.0375,1,1,3.987206105051402
52020,7,48.75485565173394,137,0.0375,1,1,-3.9882067404924304
52170,7,48.602530048692266,138,0.0375,1,1,-3.9840289092378725
52310,7,48.5437321008787,139,0.0375,1,1,3.9842219476054064
52450,7,48.64963101773736,141,0.0375,1,1,-3.983440780616896
52600,7,48.86274798834623,143,0.0375,1,1,3.9848251944816377
52740,7,48.71319681332892,144,0.0375,1,1,-3.9846745652952626
52890,7,48.76408741205067,146,0.0375,1,1,-3.982859297107185
53030,7,48.582862420391415,147,0.0375,1,1,-3.982490934768482
53170,7,48.4234154949163,148,0.0375,1,1,3.9843327139507316
53320,7,48.593578850448665,150,0.0375,1,1,-3.984281769605111
53460,7,48.74498266372169,152,0.0375,1,1,3.9848067879158187
53600,7,48.51462329269206,153,0.0375,1,1,-3.984193307068118
53750,7,48.5548937441143,155,0.0375,1,1,-3.9859424741116216
53890,7,48.30919432797314,156,0.0375,1,1,3.9856915011868206
54030,7,48.68268240989408,159,0.0375,1,1,-3.9865171479731054
54180,7,48.47221197625709,160,0.0375,1,1,3.9869159747372223
54320,7,48.57558149826527,162,0.0375,1,1,-3.985987649562
54470,7,48.763049195603486,146,0.0375,1,1,-3.9855471014645425
54610,7,48.72720617769656,147,0.0375,1,1,3.9854782679138387
54750,7,48.654264109830386,148,0.0375,1,1,-3.9814038614270495
54900,7,48.7977326558607,150,0.0375,1,1,-3.9823915134713346
55040,7,48.71045452729456,151,0.0375,1,1,-3.9805044783245145
55180,7,48.60323106035121,152,0.0375,1,1,3.9819450443009914
55330,7,48.78635231820312,154,0.0375,1,1,-3.9804390901878866
55470,7,48.70392265576837,155,0.0375,1,1,-3.982164058630062
55620,7,48.81170464380708,157,0.0375,1,1,-3.981112985039676
55760,7,48.72956697785251,158,0.0375,1,1,3.980325547796614
55900,7,48.581494511935,159,0.0375,1,1,-3.982570884532302
56050,7,48.71696392415554,161,0.0375,1,1,-3.9839615792506025
56190,7,48.561335643773184,162,0.0375,1,1,-3.9834862561882707
56330,7,48.43084724542178,163,0.0375,1,1,3.9833086932371637
56480,7,48.60943787048744,165,0.0375,1,1,-3.9838207720963212
56620,7,48.75301716716352,167,0.0375,1,1,-3.9841131945928323
56760,7,48.6903543659528,168,0.0375,1,1,3.9838450511258023
56910,7,48.69516154667421,170,0.0375,1,1,-3.982628881913553
57050,7,48.90293826413972,154,0.0375,1,1,3.983701496958207
57200,7,48.80051093245208,155,0.0375,1,1,-3.9857728856650536
57340,7,48.72436987812915,156,0.0375,1,1,-3.982248685989328
57480,7,48.65779755397265,157,0.0375,1,1,-3.9800281300496643
57630,7,48.79693324006456,159,0.0375,1,1,-3.979847411860317
57770,7,48.67521153967654,160,0.0375,1,1,-3.980222724016802
57910,7,48.65462292359569,161,0.0375,1,1,3.98206331115112
58060,7,48.72833954027292,163,0.0375,1,1,-3.98197494661933
58200,7,48.52632522587859,164,0.0375,1,1,-3.982599621056378
58340,7,48.34366034777946,165,0.0375,1,1,3.9843423587005384
58490,7,48.90657764482394,158,0.0375,1,1,-3.9850791686529736
58630,7,48.84168604911973,159,0.0375,1,1,-3.9857135318051093
58780,7,48.7834635425198,160,0.0375,1,1,-3.9782434097708808
58920,7,48.749600089383,161,0.0375,1,1,-3.97782997332043
59060,7,48.76330671457017,162,0.0375,1,1,3.978317832462833
59210,7,48.647041373125106,163,0.0375,1,1,-3.977592113972533
59350,7,48.796236905748685,165,0.0375,1,1,-3.979694331667389
59490,7,48.66508614164044,166,0.0375,1,1,-3.982056275735801
59640,7,48.605702651688915,167,0.0375,1,1,3.981827634535395
59780,7,48.75744788832986,169,0.0375,1,1,-3.982353165954539
59930,7,48.60516312864818,170,0.0375,1,1,-3.980516857616883
60070,7,48.711592270698574,172,0.0375,1,1,-3.9823761982749146
60210,7,48.65662636591533,173,0.0375,1,1,3.983420207208661
60360,7,48.751196468317524,175,0.0375,1,1,-3.9839464420888233
60500,7,48.604964399806356,176,0.0375,1,1,-3.983763747457494
60640,7,48.50402553443336,177,0.0375,1,1,3.9836785300617628
60790,7,48.68270205338657,179,0.0375,1,1,-3.9832628990669474
60930,7,48.93409719994996,164,0.0375,1,1,-3.9828137635089362
61070,7,48.89877890011068,165,0.0375,1,1,-3.982869297497023
61220,7,48.840979224348395,166,0.0375,1,1,-3.974981133691188
61360,7,48.86212998503241,167,0.0375,1,1,3.975230749901734
61510,7,48.80502821892414,168,0.0375,1,1,-3.977478733327266
61650,7,48.69377965389768,169,0.0375,1,1,-3.977583086769557
61790,7,48.8548793531729,171,0.0375,1,1,-3.977964037098356
61940,7,48.76352042049636,172,0.0375,1,1,-3.9814626232031034
62080,7,48.65150586072804,173,0.0375,1,1,-3.9804697236999758
62220,7,48.601796986907125,174,0.0375,1,1,3.980008702165821
62370,7,48.75765351098616,176,0.0375,1,1,-3.981882369373074
62510,7,48.63608452232996,177,0.0375,1,1,-3.980189778729416
62650,7,48.87009538919376,179,0.0375,1,1,3.9822769683905586
62800,7,48.72461961143049,180,0.0375,1,1,-3.9823145067802392
62940,7,48.56238742315976,181,0.0375,1,1,-3.9821027532015663
63090,7,48.86634086624615,168,0.0375,1,1,-3.9822718273162137
63230,7,48.8185621921695,169,0.0375,1,1,-3.9839736546593
63370,7,48.80427591882026,170,0.0375,1,1,-3.9745529686099634
63520,7,48.736898562265765,171,0.0375,1,1,-3.9772897201846225
63660,7,48.7522513014354,172,0.0375,1,1,3.975608064160534
63800,7,48.69031464497443,173,0.0375,1,1,-3.979333328887125
63950,7,48.89944315077796,175,0.0375,1,1,-3.9797742249272563
64090,7,48.83482169856549,176,0.0375,1,1,-3.979664855774472
64240,7,48.770947197218916,177,0.0375,1,1,-3.9778662637700344
64380,7,48.714607431016745,178,0.0375,1,1,-3.9779144312306185
64520,7,48.666763745164346,179,0.0375,1,1,-3.9787482337249247
64670,7,48.64352542589536,180,0.0375,1,1,3.9791314484538214
64810,7,48.839374470563314,182,0.0375,1,1,-3.979355769868128
64950,7,48.7765532229289,183,0.0375,1,1,-3.97855507808567
65100,7,48.74345751211753,184,0.0375,1,1,-3.979716483384289
65240,7,48.69903032610553,185,0.0375,1,1,-3.9786263421935115
65380,7,48.679834094241954,186,0.0375,1,1,3.9776427225807796
65530,7,48.87943976480955,188,0.0375,1,1,-3.9787991865381134
65670,7,48.74683367658338,189,0.0375,1,1,-3.977859667010218
65820,7,48.661271792950856,190,0.0375,1,1,-3.9787064861582317
65960,7,48.91825334541768,192,0.0375,1,1,3.981667270278623
66100,7,48.780785228874045,193,0.0375,1,1,-3.9808942437708073
66250,7,48.70521970157986,194,0.0375,1,1,-3.9802154136170502
66390,7,48.857119497963964,196,0.0375,1,1,-3.9815072834378586
66530,7,48.76404321980679,197,0.0375,1,1,-3.9800436283377323
66680,7,48.68577021595829,198,0.0375,1,1,-3.980693646893842
66820,7,48.561558607212966,199,0.0375,1,1,3.9800708073652755
66960,7,48.86114081242443,174,0.0375,1,1,-3.980365140674575
67110,7,48.7799452139803,175,0.0375,1,1,-3.983003544181578
67250,7,48.72100107296833,176,0.0375,1,1,-3.9749562128744773
67400,7,48.67097492425314,177,0.0375,1,1,-3.979397653162149
67540,7,48.62428807262722,178,0.0375,1,1,3.9791653470452935
67680,7,48.83025906788815,180,0.0375,1,1,-3.9793974653464086
67830,7,48.772404275591214,181,0.0375,1,1,-3.979813703291337
67970,7,48.671250203640014,182,0.0375,1,1,-3.979582566199209
68110,7,48.92389503268713,184,0.0375,1,1,3.978450192415747
68260,7,48.8042830643311,185,0.0375,1,1,-3.981339341492328
68400,7,48.69417908147606,186,0.0375,1,1,-3.9802405511126016
68550,7,48.97720332996072,177,0.0375,1,1,-3.980644762010585
68690,7,48.94549102801949,178,0.0375,1,1,-3.9814203286602856
68830,7,48.91445438365761,179,0.0375,1,1,-3.9714691631590013
68980,7,48.891930874585405,180,0.0375,1,1,-3.9740899312790545
69120,7,48.897783185733104,181,0.0375,1,1,-3.9746554462892125
69260,7,48.94356403848898,182,0.0375,1,1,3.97451516069598
69410,7,48.92987517526199,183,0.0375,1,1,-3.9722702249470605
69550,7,48.870964327114834,184,0.0375,1,1,-3.973831001367842
69690,7,48.83503621916642,185,0.0375,1,1,-3.9730917953521763
69840,7,48.810866660586285,186,0.0375,1,1,-3.9770839645878557
69980,7,48.8030677812635,187,0.0375,1,1,-3.9763753785361873
70130,7,48.775289375445034,188,0.0375,1,1,-3.9760921979323163
70270,7,48.755544372370984,189,0.0375,1,1,-3.9752213723309473
70410,7,48.7626978193633,190,0.0375,1,1,-3.9768786979340933
70560,7,48.75795596226648,191,0.0375,1,1,-3.9767466392240918
70700,7,48.76415739031751,192,0.0375,1,1,-3.9750010139294676
70840,7,48.71513647647542,193,0.0375,1,1,-3.9758348568815314
70990,7,48.70056855889591,194,0.0375,1,1,-3.9750358775988586
71130,7,48.66430308187571,195,0.0375,1,1,3.9787986168722345
71280,7,48.8771787499129,197,0.0375,1,1,-3.977317950575265
71420,7,48.814108281580275,198,0.0375,1,1,-3.9788791194803568
71560,7,48.747505089747506,199,0.0375,1,1,-3.9782771529927423
71710,7,48.70466978621526,200,0.0375,1,1,-3.978129305557247
71850,7,48.95254154248072,202,0.0375,1,1,3.979168792646355
71990,7,48.868708485500555,203,0.0375,1,1,-3.978652738063841
72140,7,48.75628558849023,204,0.0375,1,1,-3.979683002055111
72280,7,48.66953987044541,205,0.0375,1,1,-3.9783763400027503
72420,7,48.84653827458768,207,0.0375,1,1,-3.980883020612621
72570,7,48.72850640488394,208,0.0375,1,1,-3.9808517610833896
72710,7,48.77396588424253,180,0.0375,1,1,-3.980157864462793
72860,7,48.860071471240715,181,0.0375,1,1,3.9813564280536404
73000,7,48.85349711270416,182,0.0375,1,1,-3.9719218064151893
73140,7,48.84233295089592,183,0.0375,1,1,-3.972199998382708
73290,7,48.83704791941702,184,0.0375,1,1,-3.9741724345475364
73430,7,48.80472839693654,185,0.0375,1,1,-3.9747060849243456
73570,7,48.79363707637224,186,0.0375,1,1,-3.974409610972737
73720,7,48.775747771501095,187,0.0375,1,1,-3.9766632297540188
73860,7,48.77315459592926,188,0.0375,1,1,-3.9755986363909663
74000,7,48.773350600269794,189,0.0375,1,1,-3.9763127635192137
74150,7,48.76704178617254,190,0.0375,1,1,-3.9754339031405794
74290,7,48.74884450610613,191,0.0375,1,1,-3.975253618029158
74440,7,48.73413055732884,192,0.0375,1,1,-3.9757721447238663
74580,7,48.705019501244266,193,0.0375,1,1,-3.9767671350006197
74720,7,48.67754847977622,194,0.0375,1,1,3.976807341171373
74870,7,48.88040049965911,196,0.0375,1,1,-3.977994208161755
75010,7,48.820140464465936,197,0.0375,1,1,-3.978295865123675
75150,7,48.697760228916735,198,0.0375,1,1,-3.9785675194250048
75300,7,48.926132564497685,200,0.0375,1,1,3.9779063485399813
75440,7,48.93408202071605,182,0.0375,1,1,-3.9817907780670083
75590,7,48.94254308724918,183,0.0375,1,1,-3.9810814031487096
75730,7,48.92587521067649,184,0.0375,1,1,-3.971205340117026
75870,7,48.91183619485022,185,0.0375,1,1,-3.970942151732877
76020,7,48.8969633948556,186,0.0375,1,1,-3.9734041310747807
76160,7,48.87806383289892,187,0.0375,1,1,-3.973507377143792
76300,7,48.88124349854253,188,0.0375,1,1,-3.9738788981086643
76450,7,48.84698676578341,189,0.0375,1,1,-3.974538436410277
76590,7,48.80412670767963,190,0.0375,1,1,-3.972862572709876
76730,7,48.80270471901347,191,0.0375,1,1,-3.976077799809848
76880,7,48.78218897550835,192,0.0375,1,1,-3.9772478778920735
77020,7,48.78311487137109,193,0.0375,1,1,-3.9748122427978583
77170,7,48.765503122792204,194,0.0375,1,1,-3.9763581626074074
77310,7,48.82034476719963,195,0.0375,1,1,3.975026351949919
77450,7,48.79735365119525,196,0.0375,1,1,-3.9764655293818625
77600,7,48.79345317162285,197,0.0375,1,1,-3.9760376972686107
77740,7,48.77052477859299,198,0.0375,1,1,-3.9762500835514496
77880,7,48.75376456696683,199,0.0375,1,1,-3.975147550271251
78030,7,48.717162946838506,200,0.0375,1,1,-3.9766851514399493
78170,7,48.6747220839919,201,0.0375,1,1,-3.9766078600687993
78310,7,48.92360828837115,203,0.0375,1,1,3.978190218005565
78460,7,48.77879056881555,204,0.0375,1,1,-3.97902172905668
78600,7,48.82413239292564,183,0.0375,1,1,-3.9803920262773382
78750,7,48.86310437342694,184,0.0375,1,1,-3.9817670333006
78890,7,48.88857056620082,185,0.0375,1,1,-3.9706658914791118
79030,7,48.894195164247066,186,0.0375,1,1,-3.9702165630582313
79180,7,48.89480990534955,187,0.0375,1,1,-3.970799111433129
79320,7,48.90012029035936,188,0.0375,1,1,-3.9723725273918755
79460,7,48.87796792406659,189,0.0375,1,1,-3.9727593696178167
79610,7,48.843808882718015,190,0.0375,1,1,-3.9722598601234056
79750,7,48.802441372922324,191,0.0375,1,1,-3.974759358988796
79900,7,48.80121640591904,192,0.0375,1,1,-3.97612578435661
80040,7,48.76861512643301,193,0.0375,1,1,-3.9771941132262905
80180,7,48.759658141306126,194,0.0375,1,1,-3.974827414488428
80330,7,48.74906327568121,195,0.0375,1,1,-3.977242431021017
80470,7,48.7263743777424,196,0.0375,1,1,-3.9760585660396686
80610,7,48.76849760112761,197,0.0375,1,1,3.976332306981629
80760,7,48.732173252305195,198,0.0375,1,1,-3.9773569093425967
80900,7,48.703882967582544,199,0.0375,1,1,-3.977959315161629
81040,7,48.88357893381032,201,0.0375,1,1,-3.9779669424438637
81190,7,48.899138984095714,184,0.0375,1,1,-3.9779697504106877
81330,7,48.91982624970767,185,0.0375,1,1,-3.979300003390134
81480,7,48.933566405160555,186,0.0375,1,1,-3.971415511689337
81620,7,48.9267549387179,187,0.0375,1,1,-3.9704124195136306
81760,7,48.95505595159005,188,0.0375,1,1,3.9706939977488602
81910,7,48.91241237447978,189,0.0375,1,1,-3.972623886788759
82050,7,48.88657583068878,190,0.0375,1,1,-3.975080067383771
82190,7,48.83731820244026,191,0.0375,1,1,-3.9754479287183377
82340,7,48.819555649892344,192,0.0375,1,1,-3.9748406135232814
82480,7,48.78332141192208,193,0.0375,1,1,-3.9770823161061153
82620,7,48.776177067928565,194,0.0375,1,1,-3.9755526258331857
82770,7,48.75538893311011,195,0.0375,1,1,-3.9772119651264215
82910,7,48.70675507404146,196,0.0375,1,1,-3.9756632612515266
83060,7,48.97621211927912,198,0.0375,1,1,3.976807030121231
83200,7,48.90057031943025,199,0.0375,1,1,-3.978889334557755
83340,7,48.8219272916387,200,0.0375,1,1,-3.9780143975994133
83490,7,48.76420759185432,201,0.0375,1,1,-3.977520115995104
83630,7,48.68218769923022,202,0.0375,1,1,-3.978756821017113
83770,7,48.97104128149836,186,0.0375,1,1,-3.9785535334618123
83920,7,48.96721241961691,187,0.0375,1,1,-3.980545393267887
84060,7,49.023695374504115,188,0.0375,1,1,-3.9713465734581996
84210,7,48.78052652939311,188,0.0375,1,1,-3.9714085275679545
84350,7,48.79412794307289,189,0.0375,1,1,-3.9702416188971754
84490,7,48.82118328701007,190,0.0375,1,1,-3.9725406967343564
84640,7,48.842128425604045,191,0.0375,1,1,-3.9739460375920537
84780,7,48.840925392129364,192,0.0375,1,1,-3.9723277819922393
84920,7,48.808201295114685,193,0.0375,1,1,-3.9723375628974558
85070,7,48.79826460722089,194,0.0375,1,1,-3.9740471878009056
85210,7,48.83232092203192,195,0.0375,1,1,3.976630136532844
85350,7,48.81571545569453,196,0.0375,1,1,-3.9754440911469424
85500,7,48.795456430314964,197,0.0375,1,1,-3.9772896524248003
85640,7,48.76166812636601,198,0.0375,1,1,-3.9755489679876264
85790,7,48.72768886186814,199,0.0375,1,1,-3.9761215678880983
85930,7,48.69074275227813,200,0.0375,1,1,-3.9774095665941047
86070,7,48.97435418603867,186,0.0375,1,1,-3.9779142992236354
86220,7,48.97013502265359,187,0.0375,1,1,-3.9785645562842844
86360,7,49.02202579212895,188,0.0375,1,1,-3.9715553158272097
86500,7,48.77712256529778,188,0.0375,1,1,-3.9713694634965244
86650,7,48.79602757120413,189,0.0375,1,1,-3.97085026265889
86790,7,48.798029247044184,190,0.0375,1,1,-3.9727182936794194
86930,7,48.810672279799384,191,0.0375,1,1,-3.973520478252512
87080,7,48.83337286627315,192,0.0375,1,1,-3.974672851629951
87220,7,48.84153967706305,193,0.0375,1,1,-3.9736731352396935
87370,7,48.85056033355022,194,0.0375,1,1,-3.9723984176279665
87510,7,48.89040879045152,195,0.0375,1,1,3.9733505275936056
87650,7,48.845909368943616,196,0.0375,1,1,-3.9730898144243394
87800,7,48.82923835006512,197,0.0375,1,1,-3.975644670506205
87940,7,48.80374530241793,198,0.0375,1,1,-3.976685787735352
88080,7,48.77328164222187,199,0.0375,1,1,-3.9753099022284446
88230,7,48.7740092169769,200,0.0375,1,1,-3.9762893354195628
88370,7,48.767214749357265,201,0.0375,1,1,-3.977056411771666
88520,7,48.752051050372884,202,0.0375,1,1,-3.975207538193919
88660,7,48.735990546637375,203,0.0375,1,1,-3.9757987060113114
88800,7,48.73840197656093,204,0.0375,1,1,-3.9765452439882583
88950,7,48.72124880826976,205,0.0375,1,1,-3.9768523461195304
89090,7,48.734489257005656,206,0.0375,1,1,-3.9757398220282267
89230,7,48.72797992970307,207,0.0375,1,1,-3.977140974131011
89380,7,48.73600013211059,208,0.0375,1,1,-3.975129643260378
89520,7,48.724829379433956,209,0.0375,1,1,-3.976444295100219
89660,7,48.770510250518214,210,0.0375,1,1,3.975434697544373
89810,7,48.73617806290242,211,0.0375,1,1,-3.976758332931452
89950,7,48.78019377901924,185,0.0375,1,1,-3.977692937241627
90100,7,48.82557948658171,186,0.0375,1,1,-3.9778106882002002
90240,7,48.83464450850229,187,0.0375,1,1,-3.971893376879533
90380,7,48.83106792323235,188,0.0375,1,1,-3.970623462108078
90530,7,48.82510958449868,189,0.0375,1,1,-3.9734309302085067
90670,7,48.8416408062901,190,0.0375,1,1,-3.974409735204808
90810,7,48.84012428841187,191,0.0375,1,1,-3.9746873034979706
90960,7,48.83995753460497,192,0.0375,1,1,-3.972703264473799
91100,7,48.84873808337993,193,0.0375,1,1,-3.9740855963500454
91250,7,48.864197750824346,194,0.0375,1,1,-3.973993217432977
91390,7,48.8626236010319,195,0.0375,1,1,-3.9731480942411594
91530,7,48.86681202213268,196,0.0375,1,1,-3.97227005566805
91680,7,48.8474935023339,197,0.0375,1,1,-3.973626176081442
91820,7,48.819362544686555,198,0.0375,1,1,-3.97310395083079
91960,7,48.85209370175928,199,0.0375,1,1,3.975145147442468
92110,7,48.83437137731885,200,0.0375,1,1,-3.9761825028265783
92250,7,48.79809446453317,201,0.0375,1,1,-3.976991099178768
92390,7,48.774984470880995,202,0.0375,1,1,-3.9752833859102563
92540,7,48.74528250158579,203,0.0375,1,1,-3.976986815437711
92680,7,48.79783299470368,185,0.0375,1,1,-3.976623702477203
92830,7,48.83060520809262,186,0.0375,1,1,-3.977440851457575
92970,7,48.862368134016926,187,0.0375,1,1,-3.970694813558333
93110,7,48.89145726137472,188,0.0375,1,1,-3.971622835672571
93260,7,48.88471511288634,189,0.0375,1,1,-3.9709083645754406
93400,7,48.872604501182785,190,0.0375,1,1,-3.9703851954326925
93540,7,48.85741033141215,191,0.0375,1,1,-3.9735414183998374
93690,7,48.83914725317216,192,0.0375,1,1,-3.9741774581281875
93830,7,48.82055460608008,193,0.0375,1,1,-3.9746871663160173
93970,7,48.80768769519139,194,0.0375,1,1,-3.9752306969581084
94120,7,48.79662773468896,195,0.0375,1,1,-3.9755864306304147
94260,7,48.850529360798916,196,0.0375,1,1,3.9754588555748733
94410,7,48.82041900942249,197,0.0375,1,1,-3.9755435854576566
94550,7,48.79376517753162,198,0.0375,1,1,-3.975432645089332
94690,7,48.764973788607406,199,0.0375,1,1,-3.976280535628998
94840,7,48.76108888237036,200,0.0375,1,1,-3.9765202446921073
94980,7,48.74854170296681,201,0.0375,1,1,-3.9770943853859326
95120,7,48.72728793236499,202,0.0375,1,1,-3.9757280742178036
95270,7,48.733736791323764,203,0.0375,1,1,-3.9764533030757945
95410,7,48.719459882647286,204,0.0375,1,1,-3.9772674543821425
95560,7,48.67822764602104,205,0.0375,1,1,-3.975573279506507
95700,7,48.96193924401696,207,0.0375,1,1,3.9770134021104315
95840,7,48.954888678193846,186,0.0375,1,1,-3.9789232805532944
95990,7,48.947995926323564,187,0.0375,1,1,-3.9777692953597117
96130,7,48.956132782663296,188,0.0375,1,1,-3.971986196862798
96270,7,48.946863822591,189,0.0375,1,1,-3.9721371911695793
96420,7,48.934647151272884,190,0.0375,1,1,-3.9706152129212793
96560,7,48.92048457381083,191,0.0375,1,1,-3.972358749955204
96700,7,48.901481507322245,192,0.0375,1,1,-3.972872191861882
96850,7,48.881329452147604,193,0.0375,1,1,-3.97333184366677
96990,7,48.863924649661854,194,0.0375,1,1,-3.9740812596909096
97140,7,48.86687226110932,195,0.0375,1,1,-3.9745600757229598
97280,7,48.85513795194251,196,0.0375,1,1,-3.974710474320631
97420,7,48.858155935759314,197,0.0375,1,1,-3.973197383197448
97570,7,48.855572255961086,198,0.0375,1,1,-3.9744969836180855
97710,7,48.89019979859544,199,0.0375,1,1,3.973380289732678
97850,7,48.868724980989384,200,0.0375,1,1,-3.973846391178311
98000,7,48.84804755424218,201,0.0375,1,1,-3.976055731377771
98140,7,48.83139192790192,202,0.0375,1,1,-3.974889759478735
98280,7,48.81848397651223,203,0.0375,1,1,-3.97522230279554
98430,7,48.807043623243736,204,0.0375,1,1,-3.975269706942107
98570,7,48.79410058066386,205,0.0375,1,1,-3.9752661308776336
98720,7,48.78076370196678,206,0.0375,1,1,-3.975380666606956
98860,7,48.76391876576591,207,0.0375,1,1,-3.9757046008038763
99000,7,48.74471066873314,208,0.0375,1,1,-3.975959754731993
99150,7,48.73426924673956,209,0.0375,1,1,-3.976447575394363
99290,7,48.67838185336856,210,0.0375,1,1,-3.976888320613988
99430,7,48.66445631542826,211,0.0375,1,1,3.9765658412774654
99580,7,48.840227677145464,213,0.0375,1,1,-3.979555295780148
99720,7,48.87069002423919,187,0.0375,1,1,-3.9778159804002713
99870,7,48.887325200588286,188,0.0375,1,1,-3.9803190695025568
100010,7,48.899832291922166,189,0.0375,1,1,-3.9708098843126556
100150,7,48.90651360149204,190,0.0375,1,1,-3.9716155439633973
100300,7,48.918709235414774,191,0.0375,1,1,-3.9716629509795713
100440,7,48.92623328410257,192,0.0375,1,1,-3.971994836239355
100580,7,48.93494902902506,193,0.0375,1,1,-3.9712187016407485
100730,7,48.91829682764565,194,0.0375,1,1,-3.971440613224854
100870,7,48.9038858621379,195,0.0375,1,1,-3.971114865591467
101010,7,48.94745330849215,196,0.0375,1,1,3.9735640150329004
101160,7,48.92289998668714,197,0.0375,1,1,-3.973702019535081
101300,7,48.89661952070933,198,0.0375,1,1,-3.973932800639771
101450,7,48.89301253334626,199,0.0375,1,1,-3.9740405146090505
101590,7,48.87680633750017,200,0.0375,1,1,-3.974678613451034
101730,7,48.85576415326634,201,0.0375,1,1,-3.973127090822624
101880,7,48.8396075035573,202,0.0375,1,1,-3.974378661017697
102020,7,48.83021056701971,203,0.0375,1,1,-3.9751036867978797
102160,7,48.822036000855384,204,0.0375,1,1,-3.975086533610118
102310,7,48.81058029541045,205,0.0375,1,1,-3.974819438227421
102450,7,48.79794490799188,206,0.0375,1,1,-3.974893227952961
102590,7,48.77997961205067,207,0.0375,1,1,-3.9753175778347596
102740,7,48.75657113552179,208,0.0375,1,1,-3.9756179455342653
102880,7,48.76151256909271,209,0.0375,1,1,-3.976246761882344
103030,7,48.808245913774954,187,0.0375,1,1,-3.976932636049298
103170,7,48.83446301147242,188,0.0375,1,1,-3.9751664241537132
103310,7,48.90548904991501,189,0.0375,1,1,3.970954489548751
103460,7,48.90359300884287,190,0.0375,1,1,-3.9720841120488344
103600,7,48.89791551358997,191,0.0375,1,1,-3.9724195185666415
103740,7,48.89420778379501,192,0.0375,1,1,-3.9727592791774318
103890,7,48.88370618726144,193,0.0375,1,1,-3.9731781123625662
104030,7,48.86600831410854,194,0.0375,1,1,-3.973108631797429
104180,7,48.85193007431605,195,0.0375,1,1,-3.9738371387715827
104320,7,48.84490574138778,196,0.0375,1,1,-3.9746901677319335
104460,7,48.82793928680274,197,0.0375,1,1,-3.9747174283922564
104610,7,48.81275407752412,198,0.0375,1,1,-3.9743746325122857
104750,7,48.798589725885414,199,0.0375,1,1,-3.975352212041876
104890,7,48.79189746539737,200,0.0375,1,1,-3.9755132441913856
105040,7,48.77861525303539,201,0.0375,1,1,-3.9757007620945726
105180,7,48.76199535912153,202,0.0375,1,1,-3.975354340038351
105320,7,48.80026612847324,187,0.0375,1,1,-3.975993252389455
105470,7,48.8319074458358,188,0.0375,1,1,-3.9764661784611635
105610,7,48.90592964632412,189,0.0375,1,1,3.9718937430816075
105760,7,48.9098612423349,190,0.0375,1,1,-3.971687998445156
105900,7,48.890795795936384,191,0.0375,1,1,-3.972090228223572
106040,7,48.88463743343426,192,0.0375,1,1,-3.9721439775186216
106190,7,48.885512132353654,193,0.0375,1,1,-3.974299694860072
106330,7,48.887443172840975,194,0.0375,1,1,-3.9734998156680943
106470,7,48.8890814783209,195,0.0375,1,1,-3.972947019991451
106620,7,48.89153642645881,196,0.0375,1,1,-3.9728215152668045
106760,7,48.888518894357894,197,0.0375,1,1,-3.9728077212573965
106910,7,48.87857572661132,198,0.0375,1,1,-3.9726879250784286
107050,7,48.86164402334754,199,0.0375,1,1,-3.973180202036928
107190,7,48.848205379192024,200,0.0375,1,1,-3.9739025448940435
107340,7,48.85607218965486,201,0.0375,1,1,-3.9747224698835963
107480,7,48.81162356393638,202,0.0375,1,1,-3.9747458916761085
107620,7,48.80532937982089,203,0.0375,1,1,-3.973057348416703
107770,7,48.7988461265916,204,0.0375,1,1,-3.9772183581744187
107910,7,48.850738034493205,205,0.0375,1,1,3.9750827036894965
108050,7,48.81871731528715,206,0.0375,1,1,-3.9752144358363
108200,7,48.78862670344896,207,0.0375,1,1,-3.975589186555976
108340,7,48.78319607809454,208,0.0375,1,1,-3.9764191043518218
108490,7,48.76073258014364,209,0.0375,1,1,-3.976795763206253
108630,7,48.70238507072713,210,0.0375,1,1,-3.9754317424917622
108770,7,48.86373780118737,212,0.0375,1,1,-3.97681517175834
108920,7,48.89229115814648,188,0.0375,1,1,-3.9793692733945036
109060,7,48.94826087517448,189,0.0375,1,1,3.980290617146109
109200,7,48.941937229967124,190,0.0375,1,1,-3.970413251687535
109350,7,48.935371125865686,191,0.0375,1,1,-3.972710148726579
109490,7,48.92451942202147,192,0.0375,1,1,-3.9722331516418823
109630,7,48.905126531655306,193,0.0375,1,1,-3.972406170288252
109780,7,48.886096216064146,194,0.0375,1,1,-3.972991226915281
109920,7,48.88931514695841,195,0.0375,1,1,-3.9740350296019975
110070,7,48.87432859864519,196,0.0375,1,1,-3.9743901849113157
110210,7,48.8454504655142,197,0.0375,1,1,-3.9726777200823737
110350,7,48.83101187415753,198,0.0375,1,1,-3.9743433807468684
110500,7,48.822809167415215,199,0.0375,1,1,-3.975780967758784
110640,7,48.81672612598131,200,0.0375,1,1,-3.975134420348312
110780,7,48.80448164413293,201,0.0375,1,1,-3.974880496500197
110930,7,48.7874035113439,202,0.0375,1,1,-3.974855389421335
111070,7,48.76590689108704,203,0.0375,1,1,-3.9754773094936975
111220,7,48.72302153453834,204,0.0375,1,1,-3.9760696125672927
111360,7,48.76984511811598,188,0.0375,1,1,-3.9766789278063834
111500,7,48.86271585313045,189,0.0375,1,1,3.978410313670975
111650,7,48.8879565625719,190,0.0375,1,1,-3.9719061762593615
111790,7,48.90737200030762,191,0.0375,1,1,-3.9713776607957496
111930,7,48.8882042836655,192,0.0375,1,1,-3.9708358168399176
112080,7,48.87795736202606,193,0.0375,1,1,-3.970860701432866
112220,7,48.86972173257387,194,0.0375,1,1,-3.9743580837744923
112360,7,48.856040053525646,195,0.0375,1,1,-3.9739369872409043
112510,7,48.85076509844075,196,0.0375,1,1,-3.9739615834232023
112650,7,48.842970323523446,197,0.0375,1,1,-3.9746116964609577
112800,7,48.82058853975087,198,0.0375,1,1,-3.974136034143467
112940,7,48.810922036446506,199,0.0375,1,1,-3.974465575647388
113080,7,48.80760962025674,200,0.0375,1,1,-3.9758183118334247
113230,7,48.80547901786069,201,0.0375,1,1,-3.9751970900030176
113370,7,48.798318565531694,202,0.0375,1,1,-3.974844578497255
113510,7,48.853547879785886,203,0.0375,1,1,3.974806608847161
113660,7,48.83434804586831,204,0.0375,1,1,-3.975267389134569
113800,7,48.81604581777137,205,0.0375,1,1,-3.975254106203242
113940,7,48.798242132183134,206,0.0375,1,1,-3.9753775420235575
114090,7,48.78493413508116,207,0.0375,1,1,-3.9756482022039443
114230,7,48.77077100104797,208,0.0375,1,1,-3.975927826945109
114380,7,48.76270221614009,209,0.0375,1,1,-3.9758862939829744
114520,7,48.754980242785024,210,0.0375,1,1,-3.9761783419870698
114660,7,48.7507592100149,211,0.0375,1,1,-3.975953604710198
114810,7,48.755151691736344,212,0.0375,1,1,-3.9760646725157964
114950,7,48.75093210047843,213,0.0375,1,1,-3.9759276621629036
115090,7,48.70041907338174,214,0.0375,1,1,-3.975317841725526
115240,7,48.760603401512206,188,0.0375,1,1,3.9759246029342226
115380,7,48.80982067692069,189,0.0375,1,1,-3.9790536934092073
115530,7,48.8100100669469,190,0.0375,1,1,-3.9709702940470493
115670,7,48.815205776458264,191,0.0375,1,1,-3.970686018284119
115810,7,48.87835781774852,192,0.0375,1,1,3.9745638481158467
115960,7,48.881037862747405,193,0.0375,1,1,-3.9741148438278637
116100,7,48.87322555195248,194,0.0375,1,1,-3.973949030629268
116240,7,48.86344313161693,195,0.0375,1,1,-3.9729061417877904
116390,7,48.85016678683284,196,0.0375,1,1,-3.9738593535088174
116530,7,48.83460532019698,197,0.0375,1,1,-3.97419791133472
116670,7,48.82648558260084,198,0.0375,1,1,-3.974697485899544
116820,7,48.81503212566395,199,0.0375,1,1,-3.975140561881384
116960,7,48.7995203378779,200,0.0375,1,1,-3.9748053696259364
117110,7,48.7377542602344,201,0.0375,1,1,-3.9752362769204055
117250,7,48.79037229062203,188,0.0375,1,1,-3.9757669153422937
117390,7,48.79820210417997,189,0.0375,1,1,-3.979079054450535
117540,7,48.80630661871653,190,0.0375,1,1,-3.970884290856367
117680,7,48.81181334518325,191,0.0375,1,1,-3.974270937447815
117820,7,48.81477032803929,192,0.0375,1,1,-3.9740891771536946
117970,7,48.820746118759956,193,0.0375,1,1,-3.9741612250168417
118110,7,48.88242126104403,194,0.0375,1,1,3.9742802833122766
118250,7,48.87297765010228,195,0.0375,1,1,-3.9739469628043342
118400,7,48.86758695416675,196,0.0375,1,1,-3.973977933965118
118540,7,48.866833221029026,197,0.0375,1,1,-3.973981334590752
118690,7,48.86589703344496,198,0.0375,1,1,-3.973800940337181
118830,7,48.86610051999472,199,0.0375,1,1,-3.9734765878850093
118970,7,48.86196246028328,200,0.0375,1,1,-3.9735100151792886
119120,7,48.85976772317954,201,0.0375,1,1,-3.9734208695237103
119260,7,48.85411976833048,202,0.0375,1,1,-3.9738266761461993
119400,7,48.8416020164544,203,0.0375,1,1,-3.973731275484309
119550,7,48.83096346601729,204,0.0375,1,1,-3.9740946946952174
119690,7,48.81628786187489,205,0.0375,1,1,-3.9748103371028454
119840,7,48.80401202716758,206,0.0375,1,1,-3.9748873428481675
119980,7,48.791675847456254,207,0.0375,1,1,-3.975417957616513
120120,7,48.7773564631143,208,0.0375,1,1,-3.975487677163669
120270,7,48.7676557786869,209,0.0375,1,1,-3.97570991183242
120410,7,48.82027082800924,210,0.0375,1,1,3.976076413529486
120550,7,48.78868150083255,211,0.0375,1,1,-3.97596650198733
120700,7,48.76118864559106,212,0.0375,1,1,-3.9762083519298392
120840,7,48.71929282031115,213,0.0375,1,1,-3.976877643781531
120980,7,48.744047851754615,188,0.0375,1,1,-3.977082744934433
121130,7,48.770361385820145,189,0.0375,1,1,-3.978413942936269
121270,7,48.797292190798586,190,0.0375,1,1,-3.9741705140901624
121420,7,48.81673438612199,191,0.0375,1,1,-3.9735154313859025
121560,7,48.82915947629071,192,0.0375,1,1,-3.9728827656837646
121700,7,48.83544225236599,193,0.0375,1,1,-3.9730323220955452
121850,7,48.836266216466335,194,0.0375,1,1,-3.973296498590155
121990,7,48.832772073389435,195,0.0375,1,1,-3.9736200660461543
122130,7,48.82719349778426,196,0.0375,1,1,-3.9739978449092415
122280,7,48.832383216864066,197,0.0375,1,1,-3.9743704933990305
122420,7,48.829722467801766,198,0.0375,1,1,-3.974621617099947
122560,7,48.881442272726865,199,0.0375,1,1,3.973763802541546
122710,7,48.859052121598836,200,0.0375,1,1,-3.9743731682371712
122850,7,48.83789518424529,201,0.0375,1,1,-3.9748810130442394
123000,7,48.81717165420948,202,0.0375,1,1,-3.97513004084842
123140,7,48.79873478707763,203,0.0375,1,1,-3.975436934437995
123280,7,48.77196920673512,204,0.0375,1,1,-3.975776886357176
123430,7,48.74805915451251,205,0.0375,1,1,-3.9759573772683265
123570,7,48.72545748600455,206,0.0375,1,1,-3.976875218044389
123710,7,48.778049236770826,188,0.0375,1,1,-3.977092024709193
123860,7,48.80972577625902,189,0.0375,1,1,-3.9773660929774635
124000,7,48.83013155546167,190,0.0375,1,1,-3.971203776281466
124150,7,48.84151757967299,191,0.0375,1,1,-3.972217674092804
124290,7,48.846500742222865,192,0.0375,1,1,-3.9726570322659893
124430,7,48.85103121363433,193,0.0375,1,1,-3.9731067481304354
124580,7,48.85194452111048,194,0.0375,1,1,-3.973482393828083
124720,7,48.85332589265416,195,0.0375,1,1,-3.9734195826293828
124860,7,48.916415300029264,196,0.0375,1,1,3.9736677236747644
125010,7,48.90580933450368,197,0.0375,1,1,-3.9736043877291576
125150,7,48.89296355233062,198,0.0375,1,1,-3.972910796103188
125290,7,48.8792704896883,199,0.0375,1,1,-3.9733799361753652
125440,7,48.86575202983848,200,0.0375,1,1,-3.9738152261261788
125580,7,48.85269572514307,201,0.0375,1,1,-3.9741547162232735
125730,7,48.84992292575954,202,0.0375,1,1,-3.9744112730258423
125870,7,48.838363408531926,203,0.0375,1,1,-3.9746340459190788
126010,7,48.825379294665645,204,0.0375,1,1,-3.973975825061035
126160,7,48.81007688154594,205,0.0375,1,1,-3.974808211205925
126300,7,48.79927654650893,206,0.0375,1,1,-3.975144512973031
126440,7,48.75328292080574,207,0.0375,1,1,-3.975568208990655
126590,7,48.79811851334665,188,0.0375,1,1,-3.9754800947018896
126730,7,48.83145011412223,189,0.0375,1,1,-3.9781447959735976
126880,7,48.859178594677765,190,0.0375,1,1,-3.971381858107778
127020,7,48.87867912482883,191,0.0375,1,1,-3.971553661560494
127160,7,48.943816625434074,192,0.0375,1,1,3.971350608393479
127310,7,48.94774284883529,193,0.0375,1,1,-3.971581665900076
127450,7,48.930606884602554,194,0.0375,1,1,-3.9718801022006978
127590,7,48.920981366095106,195,0.0375,1,1,-3.9712156747846303
127740,7,48.91627797228076,196,0.0375,1,1,-3.973337744821297
127880,7,48.91410645021823,197,0.0375,1,1,-3.9729746380041226
128020,7,48.91513007476298,198,0.0375,1,1,-3.9726944514650224
128170,7,48.915834336604334,199,0.0375,1,1,-3.972542165412356
128310,7,48.91156110717191,200,0.0375,1,1,-3.972259370397871
128460,7,48.907436044926484,201,0.0375,1,1,-3.9722690369061837
128600,7,48.900624230127114,202,0.0375,1,1,-3.972767027127025
128740,7,48.89064768901271,203,0.0375,1,1,-3.97284800918389
128890,7,48.87929673858382,204,0.0375,1,1,-3.9732054826782703
129030,7,48.868380346035536,205,0.0375,1,1,-3.9736546094062373
129170,7,48.85807371489567,206,0.0375,1,1,-3.9739884696458065
129320,7,48.84751153833881,207,0.0375,1,1,-3.9741784307945247
129460,7,48.89605151477845,208,0.0375,1,1,3.9743412308881165
129600,7,48.872888443544596,209,0.0375,1,1,-3.974565632850855
129750,7,48.85192280044014,210,0.0375,1,1,-3.974795954619883
129890,7,48.8319236190207,211,0.0375,1,1,-3.9749225268237156
130040,7,48.77879554048913,212,0.0375,1,1,-3.9751696512095878
130180,7,48.72169818049723,213,0.0375,1,1,-3.9754714482133098
130320,7,48.76718523743632,188,0.0375,1,1,-3.978136928894339
130470,7,48.804494633260326,189,0.0375,1,1,-3.9790756754117753
130610,7,48.83628755919618,190,0.0375,1,1,-3.9720817175912497
130750,7,48.85554950666372,191,0.0375,1,1,-3.9718728097107245
130900,7,48.84502954610328,192,0.0375,1,1,-3.971567091521205
131040,7,48.85847528154877,193,0.0375,1,1,-3.972160725436683
131190,7,48.8685091221669,194,0.0375,1,1,-3.974610834210527
131330,7,48.87504888075824,195,0.0375,1,1,-3.9725656377887986
131470,7,48.87930967559474,196,0.0375,1,1,-3.9726089609229827
131620,7,48.880287426469735,197,0.0375,1,1,-3.9727378015856085
131760,7,48.933197262097764,198,0.0375,1,1,3.972821232253406
131900,7,48.91512405543178,199,0.0375,1,1,-3.973054547955729
132050,7,48.89950803454938,200,0.0375,1,1,-3.9734380262578726
132190,7,48.883591687445985,201,0.0375,1,1,-3.973734681886009
132330,7,48.86783793985378,202,0.0375,1,1,-3.973880010145565
132480,7,48.85281048110677,203,0.0375,1,1,-3.974223890826985
132620,7,48.83853649538293,204,0.0375,1,1,-3.9745233823308
132770,7,48.8262292059844,205,0.0375,1,1,-3.974764028555501
132910,7,48.8116632527743,206,0.0375,1,1,-3.9749838815919722
133050,7,48.787360613269584,207,0.0375,1,1,-3.9750850279326624
133200,7,48.75624955878264,208,0.0375,1,1,-3.9754940496954165
133340,7,48.789537275876846,188,0.0375,1,1,-3.9764906468994097
133480,7,48.81629641412226,189,0.0375,1,1,-3.977350501185079
133630,7,48.832864512031975,190,0.0375,1,1,-3.9725555491217994
133770,7,48.84437841738229,191,0.0375,1,1,-3.972465165640271
133910,7,48.908647018422826,192,0.0375,1,1,3.972897518449815
134060,7,48.90393144386223,193,0.0375,1,1,-3.973034034734388
134200,7,48.90062892406873,194,0.0375,1,1,-3.97301473609123
134350,7,48.89860682150927,195,0.0375,1,1,-3.9729720244117663
134490,7,48.89636334296381,196,0.0375,1,1,-3.972935671881235
134630,7,48.89240751189338,197,0.0375,1,1,-3.9728809988802642
134780,7,48.88556594518691,198,0.0375,1,1,-3.972948167121827
134920,7,48.87725723845281,199,0.0375,1,1,-3.9731669531467206
135060,7,48.87254584415451,200,0.0375,1,1,-3.973530770268554
135210,7,48.85899719074346,201,0.0375,1,1,-3.9738119625167467
135350,7,48.84706187632456,202,0.0375,1,1,-3.973648153094153
135500,7,48.8478794260409,203,0.0375,1,1,-3.974545374634197
135640,7,48.841393993619086,204,0.0375,1,1,-3.9746670611838013
135780,7,48.84636308708607,205,0.0375,1,1,-3.973759468714779
135930,7,48.8332509242758,206,0.0375,1,1,-3.9744066846846535
136070,7,48.81827412167239,207,0.0375,1,1,-3.9734863645000993
136210,7,48.82815762593973,208,0.0375,1,1,3.9750067423561224
136360,7,48.76088611590478,209,0.0375,1,1,-3.9754011469036707
136500,7,48.81205387084929,188,0.0375,1,1,-3.978879650920907
136640,7,48.832752525246164,189,0.0375,1,1,-3.979030056545245
136790,7,48.844615757810196,190,0.0375,1,1,-3.9704446223263354
136930,7,48.854556563195125,191,0.0375,1,1,-3.9725739325912697
137080,7,48.85895371403362,192,0.0375,1,1,-3.973001832572822
137220,7,48.85595069389948,193,0.0375,1,1,-3.9729304782991206
137360,7,48.85040448939179,194,0.0375,1,1,-3.973259234639688
137510,7,48.84426749891986,195,0.0375,1,1,-3.973868803077123
137650,7,48.838142506305125,196,0.0375,1,1,-3.9741623505992396
137790,7,48.830656585662375,197,0.0375,1,1,-3.974325929179071
137940,7,48.80671936602223,198,0.0375,1,1,-3.97444578132626
138080,7,48.80483409346252,199,0.0375,1,1,-3.974683353261043
138220,7,48.800408493533595,200,0.0375,1,1,-3.9761485213001446
138370,7,48.79381733981737,201,0.0375,1,1,-3.974802563245026
138510,7,48.84809232730958,202,0.0375,1,1,3.975052754137037
138660,7,48.82738490537648,203,0.0375,1,1,-3.9753131044589667
138800,7,48.81034393144843,204,0.0375,1,1,-3.9754587767113714
138940,7,48.79806959561988,205,0.0375,1,1,-3.9755964293374504
139090,7,48.787586573939635,206,0.0375,1,1,-3.9756709584901486
139230,7,48.76820118242872,207,0.0375,1,1,-3.9755933915069193
139370,7,48.72135906653736,208,0.0375,1,1,-3.9756679156684553
139520,7,48.77182030916579,188,0.0375,1,1,-3.9765226767068635
139660,7,48.8096530230931,189,0.0375,1,1,-3.9786173869825374
139810,7,48.837611776374516,190,0.0375,1,1,-3.9715470989916057
139950,7,48.8569393781226,191,0.0375,1,1,-3.9717028395155416
140090,7,48.85822402238638,192,0.0375,1,1,-3.971862606187615
140240,7,48.86483631399072,193,0.0375,1,1,-3.972122401370806
140380,7,48.87429592826394,194,0.0375,1,1,-3.973508058729974
140520,7,48.8773890410985,195,0.0375,1,1,-3.97296064420567
140670,7,48.87751543136568,196,0.0375,1,1,-3.9725224659029457
140810,7,48.93168391412554,197,0.0375,1,1,3.9729551492866
140950,7,48.9148612928075,198,0.0375,1,1,-3.973180432142365
141100,7,48.900606784943825,199,0.0375,1,1,-3.9733585531896143
141240,7,48.887788872731285,200,0.0375,1,1,-3.973648826815263
141390,7,48.87284402796515,201,0.0375,1,1,-3.9737589065242473
141530,7,48.85907304633734,202,0.0375,1,1,-3.9739197442837644
141670,7,48.847627970401014,203,0.0375,1,1,-3.9743698239131517
141820,7,48.838254362788774,204,0.0375,1,1,-3.9745590008064133
141960,7,48.84165552506451,205,0.0375,1,1,-3.974623124442708
142100,7,48.840030397072205,206,0.0375,1,1,-3.974664183000986
142250,7,48.83469640840676,207,0.0375,1,1,-3.973700959894121
142390,7,48.818218685199376,208,0.0375,1,1,-3.9740951658962667
142540,7,48.81406031446356,209,0.0375,1,1,-3.974459109089979
142680,7,48.79709042630091,210,0.0375,1,1,-3.9754963591793704
142820,7,48.74498568881115,211,0.0375,1,1,-3.974778242629251
142970,7,48.68669389364946,212,0.0375,1,1,-3.9758974653468115
143110,7,48.71407635711252,188,0.0375,1,1,3.9785480609825323
143250,7,48.735411287130376,189,0.0375,1,1,-3.9795564325802504
143400,7,48.76720151219619,190,0.0375,1,1,-3.9745803609292434
143540,7,48.79251785383138,191,0.0375,1,1,-3.974576690636427
143680,7,48.810466634237024,192,0.0375,1,1,-3.973171704768795
143830,7,48.822248205763266,193,0.0375,1,1,-3.9731131371238004
143970,7,48.82845708660761,194,0.0375,1,1,-3.9732830885080874
