sysTime,Action,ChannelUsed,TransJob,CPU,JobFaultProb,RunningJob,ActionQos
140,9,25.61702303865056,21,0.04375,0.0,1,0.0
260,9,31.2316902345752,15,0.00625,0.0,1,7.991485325050357
380,7,-2.042810365310288e-14,0,0.04375,0.0,1,7.991442249890724
510,6,-3.197442310920451e-14,0,0.04375,0.0,1,7.995898760608727
630,6,-3.019806626980426e-14,0,0.00625,0.0,1,7.9970344693041895
750,6,-3.019806626980426e-14,0,0.00625,0.0,1,7.9934129161786425
880,6,-3.019806626980426e-14,0,0.00625,0.0,1,7.9934129161786425
1000,6,-3.019806626980426e-14,0,0.00625,0.0,1,7.9934129161786425
1120,6,-3.019806626980426e-14,0,0.00625,0.0,1,7.9934129161786425
1240,6,-3.019806626980426e-14,0,0.00625,0.0,1,7.992754599926185
1370,6,-3.019806626980426e-14,0,0.00625,0.0,1,7.9934129161786425
1490,6,-3.019806626980426e-14,0,0.00625,0.35555555555555557,1,7.9934129161786425
1610,6,-3.019806626980426e-14,0,0.00625,0.35555555555555557,1,7.9934129161786425
1740,6,-3.019806626980426e-14,0,0.00625,0.35555555555555557,1,7.9934129161786425
1860,9,42.20722526112964,14,0.00625,0.35555555555555557,1,7.9934129161786425
1970,9,38.20474954281521,20,0.05,1,1,-7.9934129161786425
2110,9,49.32275630701481,35,0.04375,1,1,-7.732382848213944
2230,9,44.384484702076534,35,0.04375,1,1,-7.9970344693041895
2350,9,46.21482444572413,41,0.00625,1,1,-7.996737945067887
2470,9,49.25123152548955,50,0.04375,1,1,-7.9917673288368025
2600,9,49.34460442632331,53,0.00625,1,1,-7.9956261750012425
2720,9,48.074080999161644,56,0.04375,1,1,-7.988067233453054
2840,9,45.53296996364975,59,0.04375,1,1,-7.993125822269838
2970,9,47.01024117438695,65,0.00625,1,1,-7.99650009144577
3090,9,47.382417813402725,68,0.04375,1,1,-7.990975523662165
3210,9,49.42812887299578,74,0.00625,1,1,-7.995091173034773
3340,9,49.604620354071955,80,0.04375,1,1,-7.986287541338751
3460,9,46.98345358580867,80,0.04375,1,1,-7.991922921145603
3580,9,47.941245461752224,83,0.00625,1,1,-7.995951671504322
3700,9,46.81858900853085,86,0.04375,1,1,-7.989150274041271
3830,9,47.3430866083626,89,0.04375,1,1,-7.991974193514476
3950,9,47.34092796983665,92,0.00625,1,1,-7.995065355732688
4070,9,49.39271159144264,98,0.04375,1,1,-7.986201673728062
4200,9,49.5704732022573,101,0.04375,1,1,-7.994108183279199
4320,9,49.23075980038937,104,0.04375,1,1,-7.992407471139467
4440,9,47.74174978827262,104,0.04375,1,1,-7.989811243202482
4560,9,48.334302550950504,107,0.04375,1,1,-7.994586891177359
4690,9,48.63393261956402,110,0.04375,1,1,-7.993203836589894
4810,9,48.09403220155258,113,0.04375,1,1,-7.991019822650349
4930,5,48.42975332906291,116,0.04375,1,1,-7.990081195457575
5060,9,48.474271396640034,119,0.04375,1,1,-7.993239759148411
5180,9,49.60364280546923,125,0.04375,1,1,-7.991078452956058
5300,9,49.61993643320931,128,0.04375,1,1,-7.991417573334069
5430,9,49.63097517293255,131,0.04375,1,1,-7.990192803395642
5550,9,48.655514115166966,99,0.04375,1,1,-7.990198833354855
5670,9,48.9513264400576,102,0.00625,1,1,-7.990019060924749
5790,9,49.176177398609966,105,0.04375,1,1,-7.979754532855673
5920,9,48.41427824400163,105,0.04375,1,1,-7.987505742232854
6040,9,48.282264228313785,108,0.04375,1,1,-7.984803527044734
6160,9,48.649891129661306,111,0.00625,1,1,-7.988986638966428
6290,9,48.86264772173559,114,0.00625,1,1,-7.983019057033816
6410,9,49.47216814273698,120,0.04375,1,1,-7.977368532818281
6530,9,49.65339115332075,123,0.00625,1,1,-7.988698907962551
6660,9,49.60317564797321,126,0.04375,1,1,-7.984610548059598
6780,9,49.161987496234914,126,0.00625,1,1,-7.987374504566535
6900,9,48.518632478355165,126,0.04375,1,1,-7.980013717164427
7020,9,48.56027156112764,129,0.04375,1,1,-7.98271702492102
7150,9,49.128611694220616,132,0.00625,1,1,-7.987396501455349
7270,9,48.44236018147136,132,0.04375,1,1,-7.980133065412701
7390,9,48.8552776311793,135,0.04375,1,1,-7.982837946931028
7520,9,49.177605354370364,138,0.04375,1,1,-7.988035263153174
7640,9,48.42485528379457,138,0.04375,1,1,-7.987992463058539
7760,9,49.545803542862735,143,0.04375,1,1,-7.9840117134548425
7890,9,49.090447749384076,143,0.04375,1,1,-7.988881729940044
8010,9,49.54225930367455,146,0.04375,1,1,-7.98577510360898
8130,9,49.01884374669552,146,0.04375,1,1,-7.983180104223795
8250,9,49.36575195682151,148,0.04375,1,1,-7.9872673168869115
8380,6,49.68538679827615,151,0.04375,1,1,-7.985055757987773
8500,6,49.27023386782527,151,0.04375,1,1,-7.9828743558043564
8620,6,48.5005771034924,126,0.04375,1,1,-7.982243089838628
8750,9,48.77908454377158,129,0.00625,1,1,-7.981783800985256
8870,9,49.293073047601354,132,0.00625,1,1,-7.97575966580074
8990,9,48.73845425274472,132,0.04375,1,1,-7.975929885631846
9110,9,49.252364168292175,135,0.00625,1,1,-7.978579370752738
9240,9,48.69078781240933,135,0.04375,1,1,-7.968428693765655
9360,9,48.94769442761468,138,0.00625,1,1,-7.980036972306344
9480,9,49.10652082597532,141,0.00625,1,1,-7.968753489297675
9610,9,48.43617717837725,141,0.00625,1,1,-7.972762289674767
9730,9,48.829664869563075,144,0.00625,1,1,-7.969648663507476
9850,9,49.06280883728445,147,0.00625,1,1,-7.97295683532728
9980,9,48.471903941692595,147,0.00625,1,1,-7.97408222658403
10100,9,49.6949038956535,153,0.00625,1,1,-7.970018801700572
10220,9,49.35585309490684,153,0.00625,1,1,-7.970038800229739
10340,5,49.67635292838395,156,0.04375,1,1,-7.969442610053711
10470,5,49.14777900971782,156,0.04375,1,1,-7.978236184802531
10590,9,49.577837161231336,159,0.04375,1,1,-7.9829486209925875
10710,9,49.12780087111844,159,0.04375,1,1,-7.985178255664523
10840,9,49.565626676058535,162,0.04375,1,1,-7.986133655125081
10960,9,49.1191992800284,162,0.04375,1,1,-7.9830096447604255
11080,9,48.62541010614679,162,0.04375,1,1,-7.986544061488487
11210,9,49.11280462590085,165,0.04375,1,1,-7.982891691892997
11330,9,48.59359135305797,165,0.04375,1,1,-7.984302729784825
11450,9,49.05823808809684,168,0.04375,1,1,-7.98391801584688
11570,9,48.54327980473071,168,0.04375,1,1,-7.98495416839206
11700,9,49.09269316901782,171,0.04375,1,1,-7.985094789878236
11820,9,48.659154921122,145,0.04375,1,1,-7.984849617997759
11940,9,49.09477979948244,148,0.00625,1,1,-7.9837965039717345
12070,9,48.848282557323934,148,0.00625,1,1,-7.961114065723797
12190,9,49.16720370709773,151,0.04375,1,1,-7.96601993393751
12310,9,48.73922170691142,151,0.00625,1,1,-7.970979459035517
12430,9,49.19753271605392,154,0.00625,1,1,-7.965066416919132
12560,9,48.740031707554415,154,0.00625,1,1,-7.960679509474626
12680,2,48.98454778582838,156,0.00625,1,1,-7.960752343609619
12800,9,49.19729188949121,159,0.00625,1,1,-7.962867760714028
12930,9,48.77374348983623,159,0.00625,1,1,-7.962725993067548
13050,9,49.287106884415124,162,0.00625,1,1,-7.965672255515689
13170,9,49.676441320985774,165,0.04375,1,1,-7.960324612525842
13300,9,49.28650636847162,165,0.04375,1,1,-7.978817682965972
13420,9,49.67553548015745,168,0.04375,1,1,-7.980281099383527
13540,9,49.32159562821811,168,0.04375,1,1,-7.980761308513954
13660,9,49.650900146977456,171,0.04375,1,1,-7.980392540948146
13790,9,49.24392832823465,171,0.04375,1,1,-7.979050020452975
13910,9,49.65138165308135,174,0.04375,1,1,-7.98446291755672
14030,9,49.21497759055113,174,0.04375,1,1,-7.981465946493533
14160,9,49.61294913086722,177,0.04375,1,1,-7.981985442290989
14280,9,49.103583778098084,177,0.04375,1,1,-7.982553875669212
14400,9,48.62865058448333,177,0.04375,1,1,-7.985004197131205
14530,9,49.10500425782017,180,0.04375,1,1,-7.984709540074392
14650,9,48.64680762653577,180,0.04375,1,1,-7.983774617657528
14770,9,49.130251229252146,183,0.04375,1,1,-7.984163376950783
14890,9,48.644677830829046,183,0.04375,1,1,-7.983269518373168
15020,9,49.25635338794955,160,0.04375,1,1,-7.9835937869083855
15140,9,47.508908875774026,160,0.00625,1,1,-7.984077658697734
15250,9,48.93975382784824,163,0.05,1,1,-7.952173130852404
15390,9,49.31569799735144,166,0.00625,1,1,-7.429166020645467
15510,9,48.96675429269876,166,0.00625,1,1,-7.949555882168779
15630,9,49.34308459963415,169,0.00625,1,1,-7.955386211015904
15760,9,48.952972889488514,169,0.04375,1,1,-7.953007104098261
15880,9,49.34653662764383,172,0.04375,1,1,-7.978882452810174
16000,9,48.98243367207577,172,0.04375,1,1,-7.98076893442842
16120,9,49.251550506174226,175,0.04375,1,1,-7.97847190424753
16250,9,48.8312910751447,175,0.04375,1,1,-7.979567399777867
16370,9,49.233726443301755,178,0.04375,1,1,-7.982908836457084
16490,9,49.651844229110274,181,0.04375,1,1,-7.981975939325065
16620,9,49.216412001335904,181,0.04375,1,1,-7.981965896996845
16740,9,49.63238386059171,184,0.04375,1,1,-7.981536198107013
16860,9,49.18131973610363,184,0.04375,1,1,-7.982520296433096
16980,9,49.62356909028542,187,0.04375,1,1,-7.983235651531658
17110,9,49.642431224358546,190,0.04375,1,1,-7.98304289373703
17230,9,49.34830578986635,172,0.04375,1,1,-7.983065770845875
17350,9,49.05177105542032,172,0.00625,1,1,-7.989698389593712
17480,9,49.629096452276904,175,0.00625,1,1,-7.945279030702896
17600,9,49.33182855637883,175,0.00625,1,1,-7.945678346222155
17720,9,49.04678088128582,175,0.00625,1,1,-7.946808389373695
17850,9,49.63555918844007,178,0.00625,1,1,-7.945798583160861
17970,9,49.28317657599599,178,0.00625,1,1,-7.943714245660263
18090,9,48.901457515621274,178,0.00625,1,1,-7.94219822864153
18210,3,49.18256611324394,180,0.00625,1,1,-7.953412172987317
18340,3,48.83642393134868,180,0.00625,1,1,-7.956572427480128
18460,9,49.305204561242846,183,0.00625,1,1,-7.950517663222494
18580,9,48.9645572183899,183,0.00625,1,1,-7.952671194824743
18710,9,49.1964976859292,185,0.00625,1,1,-7.953136169575397
18830,9,48.812591871703845,185,0.00625,1,1,-7.951996390309168
18950,9,49.309691298003195,188,0.04375,1,1,-7.952325516278375
19080,9,48.94568778411219,188,0.04375,1,1,-7.9804969955282985
19200,5,48.93210260458525,189,0.04375,1,1,-7.978203796322793
19320,9,49.29084862226379,192,0.04375,1,1,-7.97956247708278
19440,9,48.898652981980305,192,0.04375,1,1,-7.979612797687239
19570,9,49.260106800789465,195,0.04375,1,1,-7.980881406031676
19690,9,48.83662202736057,195,0.04375,1,1,-7.980858324975501
19810,9,49.25303054291761,198,0.04375,1,1,-7.981723209094397
19940,9,49.0229143931661,176,0.04375,1,1,-7.982094913776145
20060,9,48.77368472704094,176,0.00625,1,1,-7.981277223988073
20180,9,49.15619634872197,178,0.00625,1,1,-7.931632308316427
20300,9,49.661088046018776,181,0.00625,1,1,-7.936436000674288
20430,9,49.36346978199868,181,0.00625,1,1,-7.94604384496157
20550,9,49.04353012891593,181,0.00625,1,1,-7.946245384706968
20670,9,49.62263884661532,184,0.00625,1,1,-7.945855834884531
20800,9,49.28943375850252,184,0.00625,1,1,-7.9492462551633425
20920,9,49.686494096568794,187,0.00625,1,1,-7.948844740041944
21040,9,49.34691719472271,187,0.00625,1,1,-7.951047137830555
21170,9,49.02113720176661,187,0.00625,1,1,-7.95283661398564
21290,9,49.61405084527937,190,0.00625,1,1,-7.951862404760933
21410,9,49.06047503989582,190,0.00625,1,1,-7.950057095185696
21530,9,49.61690656271957,193,0.00625,1,1,-7.949773810622928
21660,9,49.27249132695249,193,0.04375,1,1,-7.968379303169591
21780,9,49.6810317896638,196,0.04375,1,1,-7.979022515862212
21900,9,49.34184301368906,196,0.04375,1,1,-7.978537494347009
22030,9,49.68956248061352,199,0.04375,1,1,-7.978788174085546
22150,9,49.29788723836257,199,0.04375,1,1,-7.9782440537189
22270,9,48.880620747174085,199,0.04375,1,1,-7.980745525897984
22400,9,49.25833616023184,202,0.04375,1,1,-7.980836091333608
22520,9,48.115487428319334,181,0.04375,1,1,-7.981863895586423
22630,9,49.21559203752277,184,0.05,1,1,-7.981584914206563
22760,9,48.98255346864668,184,0.00625,1,1,-7.260895110564894
22890,9,49.445789410355076,187,0.00625,1,1,-7.930501890398899
23010,9,49.18187348172357,187,0.00625,1,1,-7.932417415708737
23130,9,48.92191684671413,187,0.00625,1,1,-7.937240946563169
23260,9,49.42618520595514,190,0.00625,1,1,-7.939657563272658
23380,9,49.190225304662256,190,0.00625,1,1,-7.938824644754003
23500,9,48.91891075883372,190,0.00625,1,1,-7.9376084342043685
23630,9,49.39933376248659,193,0.00625,1,1,-7.933182944153868
23750,9,49.10839772079978,193,0.00625,1,1,-7.941149293690911
23870,9,48.79177559172328,193,0.00625,1,1,-7.942863754892418
23990,9,49.336543161876556,196,0.00625,1,1,-7.944740314424303
24120,9,49.024007907000545,196,0.00625,1,1,-7.948772423487583
24240,9,48.636149217450104,196,0.00625,1,1,-7.94710373456171
24360,9,49.200093354997605,199,0.04375,1,1,-7.948174959396202
24490,9,48.848655949701666,199,0.04375,1,1,-7.9806712123590415
24610,2,49.132325734729164,201,0.04375,1,1,-7.981010830752402
24730,2,48.765210062055935,201,0.04375,1,1,-7.978918046440906
24850,9,49.24634365713676,204,0.04375,1,1,-7.979155508732456
24980,9,48.82181235957899,204,0.04375,1,1,-7.97971527786239
25100,9,49.21671456674047,207,0.04375,1,1,-7.98066833120883
25220,9,48.785734449799996,207,0.04375,1,1,-7.982133129618579
25350,9,48.67725811433637,187,0.04375,1,1,-7.982477253492044
25460,9,49.37423079556959,190,0.05,1,1,-7.982364532967339
25590,9,49.11415632213916,190,0.00625,1,1,-7.173171675078665
25720,9,48.885334243879285,190,0.00625,1,1,-7.9326308154022085
25840,9,49.42699336114108,193,0.00625,1,1,-7.938849798079487
25960,9,49.12902778805708,193,0.00625,1,1,-7.931278300913759
26080,9,49.6589199508259,196,0.00625,1,1,-7.934888027262755
26210,9,49.3789269969491,196,0.00625,1,1,-7.945912454673058
26330,9,49.10642555024604,196,0.00625,1,1,-7.942832388174187
26450,9,49.649225895821175,199,0.00625,1,1,-7.942799241355071
26580,9,49.34448158126192,199,0.00625,1,1,-7.941381110698372
26700,9,49.043772164936534,199,0.00625,1,1,-7.944629442644458
26820,9,49.62743391427447,202,0.00625,1,1,-7.946991866696469
26950,9,49.39733551836111,202,0.00625,1,1,-7.946355197226717
27070,9,49.016059570132235,202,0.04375,1,1,-7.946430755459336
27190,9,49.6039601270436,205,0.04375,1,1,-7.969087055506269
27310,9,49.24512089041538,205,0.04375,1,1,-7.980379091449078
27440,9,49.6728529425498,208,0.04375,1,1,-7.978984557724229
27560,9,49.299726524941164,208,0.04375,1,1,-7.979303086657146
27680,9,49.60638686450793,211,0.04375,1,1,-7.978800722656845
27810,9,49.20364539508236,211,0.04375,1,1,-7.98000319378679
27930,9,49.62934176816763,214,0.04375,1,1,-7.987149519501799
28050,9,49.21774512218627,214,0.04375,1,1,-7.9812965331925225
28170,9,48.812989938786274,214,0.04375,1,1,-7.983156665950145
28300,9,48.81636512291098,193,0.04375,1,1,-7.981647180792196
28410,9,49.39335616026783,196,0.05,1,1,-7.9813776173801525
28540,9,49.15068715100716,196,0.00625,1,1,-7.0874894545033555
28670,9,48.907338761125246,196,0.00625,1,1,-7.937952903272064
28790,9,49.414423632047985,199,0.00625,1,1,-7.934871801542952
28910,9,49.152959871859,199,0.00625,1,1,-7.93503766572222
29040,9,48.87724776730278,199,0.00625,1,1,-7.939220787480223
29160,9,49.38500948950748,202,0.00625,1,1,-7.939144652268602
29280,9,49.11683290777639,202,0.00625,1,1,-7.941998257586761
29400,9,48.77168531390636,202,0.00625,1,1,-7.943225103112334
29530,9,49.22728315017109,205,0.00625,1,1,-7.940526592002671
29650,9,48.88813430638665,205,0.00625,1,1,-7.95255063665249
29770,9,49.31019523261469,208,0.04375,1,1,-7.959086445710347
29900,9,48.92641388251524,208,0.04375,1,1,-7.97824177698812
30020,9,49.289171196160474,211,0.04375,1,1,-7.979380397464318
30140,9,48.848257234272594,211,0.04375,1,1,-7.98049145181116
30270,9,49.23960603778769,214,0.04375,1,1,-7.980881060465594
30390,9,48.79406118071173,214,0.04375,1,1,-7.982707769834183
30510,9,49.19987001685638,217,0.04375,1,1,-7.981934101397066
30630,9,48.78287950604496,217,0.04375,1,1,-7.982862556803967
30760,9,49.41371565790111,200,0.04375,1,1,-7.982771695286095
30880,9,49.17810539742294,200,0.00625,1,1,-7.981853483148115
31000,9,48.94849524024489,200,0.00625,1,1,-7.930395217819102
31130,9,49.45577034292186,203,0.00625,1,1,-7.933092313934317
31250,9,49.19605724850957,203,0.00625,1,1,-7.931494359849931
31370,9,48.93494042034227,203,0.00625,1,1,-7.932320194325242
31500,9,49.4062491304202,206,0.00625,1,1,-7.938772587708027
31620,9,49.13291852175025,206,0.00625,1,1,-7.939071313303573
31740,9,48.71413795026566,206,0.00625,1,1,-7.942462575169024
31860,9,49.24744858507551,209,0.00625,1,1,-7.941541870142957
31990,9,48.86373352975464,209,0.04375,1,1,-7.959934612496673
32110,9,49.26870758605945,212,0.04375,1,1,-7.979928831885824
32230,9,49.67427174708977,215,0.04375,1,1,-7.980488497531655
32360,9,49.278601726685196,215,0.04375,1,1,-7.980961169274118
32480,9,49.66493733273698,218,0.04375,1,1,-7.979760185160198
32600,9,49.26295772630756,218,0.04375,1,1,-7.98100526986053
32720,9,49.6614076725894,221,0.04375,1,1,-7.981563106828802
32850,9,49.70198652446987,207,0.04375,1,1,-7.981265644638947
32960,9,49.475860673820044,207,0.05,1,1,-7.981415656915183
33090,9,49.23174012173588,207,0.00625,1,1,-6.937142518383962
33220,9,49.695753381343884,210,0.00625,1,1,-7.930527807250032
33340,9,49.431884908389186,210,0.00625,1,1,-7.935225069049103
33460,9,49.1945743760748,210,0.00625,1,1,-7.938527479914404
33590,9,49.68883869460523,213,0.00625,1,1,-7.939647726980793
33710,9,49.430310256240915,213,0.00625,1,1,-7.933530551387443
33830,9,49.1472893912024,213,0.00625,1,1,-7.935375470559042
33950,9,48.85782752516193,213,0.00625,1,1,-7.938517977250912
34080,9,49.374258448013585,216,0.00625,1,1,-7.9433512530284425
34200,9,49.01489739691829,216,0.00625,1,1,-7.944487326805082
34320,9,48.62035243788862,216,0.00625,1,1,-7.9441151717617675
34450,9,49.226995124193934,219,0.04375,1,1,-7.9542104556413085
34570,9,48.85274437996153,219,0.04375,1,1,-7.980957969435644
34690,9,49.28945051100637,222,0.04375,1,1,-7.979573210856087
34820,9,48.93158847184478,222,0.04375,1,1,-7.980056024768297
34940,9,49.299519366044876,225,0.04375,1,1,-7.979884359189857
35060,9,48.870898682800096,225,0.04375,1,1,-7.979253163754068
35180,9,49.00366923396295,209,0.04375,1,1,-7.980497371367088
35300,9,48.74948526847704,209,0.05,1,1,-7.982280675484889
35430,9,49.394347689012385,212,0.00625,1,1,-6.9310599594760545
35550,9,49.155121531260235,212,0.00625,1,1,-7.937564082124162
35680,9,48.92229339172037,212,0.00625,1,1,-7.93296724066585
35800,9,49.43192857840028,215,0.00625,1,1,-7.934016889015407
35920,9,49.27221255569126,215,0.00625,1,1,-7.932361537251315
36050,9,49.00371824274088,215,0.04375,1,1,-7.936324633723036
36170,9,48.700640291063124,215,0.00625,1,1,-7.956574604521246
36290,9,49.340606766697796,218,0.00625,1,1,-7.94059030079564
36410,9,49.07076997776446,218,0.00625,1,1,-7.946730972605296
36540,9,48.720268391179424,218,0.00625,1,1,-7.94174735178583
36660,9,49.26580040416726,221,0.04375,1,1,-7.940857837775282
36780,9,48.88704491408547,221,0.04375,1,1,-7.978868210243393
36910,9,49.30379124557539,224,0.04375,1,1,-7.979106404485398
37030,9,48.9268457449045,224,0.04375,1,1,-7.980264559195789
37150,9,49.301112000523666,227,0.04375,1,1,-7.979682533114385
37270,9,48.84122947981987,227,0.04375,1,1,-7.980181368561685
37400,9,49.41641853302078,212,0.04375,1,1,-7.980362844255209
37520,9,49.16056429962115,212,0.00625,1,1,-7.983322059644999
37640,9,48.89874482397204,212,0.00625,1,1,-7.934271680558813
37770,9,49.379759528807206,215,0.00625,1,1,-7.937934620743173
37890,9,49.10033496451305,215,0.00625,1,1,-7.939219647587829
38010,9,48.80330505979575,215,0.00625,1,1,-7.945248469185392
38140,9,49.35021386980191,218,0.00625,1,1,-7.94269429455666
38260,9,49.07222019592763,218,0.00625,1,1,-7.945759617774292
38380,9,48.72994274993949,218,0.00625,1,1,-7.945459562810207
38500,9,49.27363027215369,221,0.04375,1,1,-7.942428208962786
38630,9,48.89290611387433,221,0.04375,1,1,-7.978418548217508
38750,9,49.28955364187587,224,0.04375,1,1,-7.9788444125855955
38870,9,49.68397524913308,227,0.04375,1,1,-7.980354146910343
39000,9,49.307608143399776,227,0.04375,1,1,-7.980430515755229
39120,9,49.671339229498905,230,0.04375,1,1,-7.979164377200682
39240,9,49.238219326519946,230,0.04375,1,1,-7.980154616073695
39370,9,49.64789396254215,233,0.04375,1,1,-7.981847732391107
39490,9,49.08712721376054,216,0.04375,1,1,-7.982439795362011
39600,9,48.86102798457091,216,0.05,1,1,-7.982207299230858
39730,9,49.41482330888307,219,0.00625,1,1,-6.798889600890753
39860,9,49.1590132720025,219,0.00625,1,1,-7.930520308658659
39980,9,49.67286894633137,222,0.00625,1,1,-7.936079472049208
40100,9,49.42750865324372,222,0.00625,1,1,-7.9379248778999045
40230,9,49.16372863964067,222,0.00625,1,1,-7.939483902501338
40350,9,49.67133920607667,225,0.00625,1,1,-7.935523504566462
40470,9,49.40335280179038,225,0.00625,1,1,-7.939629382342118
40590,9,49.13288158091149,225,0.00625,1,1,-7.941469906883395
40720,9,49.676850807189304,228,0.00625,1,1,-7.940488387438362
40840,9,49.317615271096095,228,0.04375,1,1,-7.9409833534209096
40960,9,48.94663024245792,228,0.04375,1,1,-7.968248871801708
41090,9,49.33017235717792,231,0.04375,1,1,-7.979323255507416
41210,9,48.94391551711788,231,0.04375,1,1,-7.979901688272641
41330,9,49.263733662459195,234,0.04375,1,1,-7.979245786452508
41460,9,48.7459723255183,218,0.04375,1,1,-7.980601042134207
41570,9,49.11986004347803,221,0.05,1,1,-7.982090067082301
41690,9,48.85683007079158,221,0.05,1,1,-6.7290647866276965
41820,9,49.41846937529941,224,0.00625,1,1,-6.712829270717188
41950,9,49.16896887914447,224,0.00625,1,1,-7.939473346959109
42070,9,48.92188761389706,224,0.00625,1,1,-7.934907181246261
42190,9,49.441984600232146,227,0.00625,1,1,-7.936498817137256
42320,9,49.186041763403836,227,0.00625,1,1,-7.935932856314934
42440,9,48.90029464124065,227,0.00625,1,1,-7.933852365262817
42560,9,49.307076316506425,230,0.00625,1,1,-7.937954142746437
42690,9,48.9380450211312,230,0.04375,1,1,-7.943838325959782
42810,9,49.32981882820248,233,0.04375,1,1,-7.979713787365872
42930,9,48.96007546138874,233,0.04375,1,1,-7.979808052558954
43050,9,49.29575491864176,236,0.04375,1,1,-7.979132806695517
43180,9,48.824434771757446,222,0.04375,1,1,-7.979842294043124
43290,9,49.418016652427,225,0.05,1,1,-7.9810240834657415
43420,9,49.18133674583639,225,0.00625,1,1,-6.641429333946835
43550,9,48.92883308578187,225,0.00625,1,1,-7.932583889182752
43670,9,49.43832102091936,228,0.00625,1,1,-7.933368739376698
43790,9,49.187024020472094,228,0.00625,1,1,-7.937186405971432
43920,9,48.93307977491414,228,0.00625,1,1,-7.935267532043112
44040,9,49.377287141727585,231,0.00625,1,1,-7.93691209619943
44160,9,49.111354932793304,231,0.00625,1,1,-7.937510504616698
44280,9,48.73169759431694,231,0.04375,1,1,-7.947277291561356
44410,9,49.25618425923522,234,0.04375,1,1,-7.972920951883717
44530,9,48.88644086607147,234,0.04375,1,1,-7.980305714467099
44650,9,49.306513710998026,237,0.04375,1,1,-7.979759313011003
44780,9,48.955390458484,237,0.04375,1,1,-7.979842295307787
44900,9,49.33845790081233,240,0.04375,1,1,-7.979539637225368
45020,9,49.680132941032625,243,0.04375,1,1,-7.978901346063529
45140,9,49.23323717596724,227,0.04375,1,1,-7.978949370502395
45260,9,49.70366405834701,230,0.05,1,1,-7.981891849957439
45390,9,49.44984795282744,230,0.00625,1,1,-6.589141867213921
45510,9,49.19490225948556,230,0.00625,1,1,-7.932505481841608
45640,9,49.69110443717069,233,0.00625,1,1,-7.937481824052484
45760,9,49.440193033348486,233,0.00625,1,1,-7.937733664654306
45880,9,49.162300870787824,233,0.00625,1,1,-7.93355977592281
46010,9,49.66623830186722,236,0.00625,1,1,-7.936823886332009
46130,9,49.38185349990709,236,0.00625,1,1,-7.94240922870395
46250,9,49.00079685683762,236,0.00625,1,1,-7.944363653351341
46370,1,49.09428404097998,237,0.04375,1,1,-7.943596093781057
46500,9,49.623026840906725,240,0.04375,1,1,-7.980369186043621
46620,9,49.26904184795046,240,0.04375,1,1,-7.979330129092683
46740,9,48.92240033508004,240,0.04375,1,1,-7.979688598039437
46870,9,49.25794374183307,243,0.04375,1,1,-7.979052384006148
46990,9,48.81501650840891,228,0.04375,1,1,-7.978659808125303
47100,9,49.42070881627722,231,0.05,1,1,-7.98206861093809
47240,9,49.181218458881744,231,0.00625,1,1,-6.580184837277519
47360,9,48.93389510645629,231,0.00625,1,1,-7.931102548024923
47480,9,49.44563834522509,234,0.00625,1,1,-7.934083357954282
47600,9,49.188133785185066,234,0.00625,1,1,-7.935989985664405
47730,9,48.905898840727176,234,0.00625,1,1,-7.933828053352056
47850,9,49.283966802653126,237,0.00625,1,1,-7.938296047685818
47970,9,48.92691116458042,237,0.04375,1,1,-7.943209104449476
48100,9,49.326407677439654,240,0.04375,1,1,-7.980843781271766
48220,9,48.955221299463474,240,0.04375,1,1,-7.979211761149419
48340,9,49.342232760076435,243,0.04375,1,1,-7.979138629649763
48460,9,48.98238231873813,243,0.04375,1,1,-7.979911282350674
48590,9,49.245625670486476,246,0.04375,1,1,-7.978744676458052
48710,9,48.82153086650654,246,0.04375,1,1,-7.979354462113149
48830,3,49.406100587995724,234,0.04375,1,1,-7.983100561478433
48960,3,49.16007972441224,234,0.00625,1,1,-7.982117213098867
49080,3,48.92306116126205,234,0.00625,1,1,-7.935370557299649
49200,9,49.43441143286849,237,0.00625,1,1,-7.935681300602239
49330,9,49.1703319047751,237,0.00625,1,1,-7.933455741353786
49450,9,48.836953970415486,237,0.00625,1,1,-7.935794181170284
49570,9,49.30788626082902,240,0.04375,1,1,-7.939691446148615
49690,9,48.93240435042964,240,0.04375,1,1,-7.977907028148631
49820,9,49.32447547478361,243,0.04375,1,1,-7.978706964356753
49940,9,48.93668552121365,234,0.04375,1,1,-7.980113513912056
50050,9,49.291327059376286,237,0.05,1,1,-7.979321443103655
50180,9,48.89739046231505,237,0.05,1,1,-6.4400173209744525
50300,9,49.28868077791767,240,0.05,1,1,-6.456372102195209
50420,9,49.035575885600096,240,0.05,1,1,-6.45725807163763
50560,9,48.790227595348625,240,0.00625,1,1,-6.430947920581152
50680,9,49.39505332169783,243,0.00625,1,1,-7.937322114762434
50800,9,49.152691427089806,243,0.00625,1,1,-7.935520629546237
50920,9,49.67958792851767,246,0.00625,1,1,-7.935794185339413
51050,9,49.4449024878772,246,0.00625,1,1,-7.93479651958142
51170,9,49.16622967132571,246,0.00625,1,1,-7.932693065240106
51290,9,49.63592153307516,249,0.00625,1,1,-7.932851300113552
51420,9,49.28055323522726,249,0.04375,1,1,-7.94255483947352
51540,9,49.67877121446015,252,0.04375,1,1,-7.980976901412026
51660,9,49.32107493598696,252,0.04375,1,1,-7.979124522453215
51790,9,49.69564899826413,255,0.04375,1,1,-7.97959691821589
51910,9,49.35644310451018,255,0.04375,1,1,-7.979244668402344
52030,9,49.69292446222588,258,0.04375,1,1,-7.97874772655237
52150,9,49.32317859898812,240,0.04375,1,1,-7.978245029524027
52270,9,48.948794361732894,240,0.05,1,1,-7.980885052222045
52390,9,49.29265776978842,243,0.05,1,1,-6.3866834151721665
52510,9,49.14365103202336,243,0.05,1,1,-6.400797743944656
52650,9,49.67099652443764,246,0.00625,1,1,-6.46259970425983
52770,9,49.43141599419254,246,0.00625,1,1,-7.897703004031469
52890,9,49.18703702557935,246,0.00625,1,1,-7.9375314175350855
53010,9,48.95104703027517,246,0.00625,1,1,-7.9341060108817665
53140,9,49.45810477816792,249,0.00625,1,1,-7.9352875240718435
53260,9,49.176259799127244,249,0.00625,1,1,-7.933190732351861
53380,9,48.817280186214596,249,0.00625,1,1,-7.931897292991987
53510,9,49.26188248975763,252,0.04375,1,1,-7.943138279469087
53630,9,48.90601727323418,252,0.04375,1,1,-7.979310235902412
53750,3,49.27259950163004,255,0.04375,1,1,-7.9806635011634235
53880,3,48.8630112263396,255,0.04375,1,1,-7.979150299836835
54000,9,49.48582629814444,243,0.04375,1,1,-7.981317387404956
54120,9,49.224589580757204,243,0.00625,1,1,-7.98156897999519
54240,9,48.98655248870873,243,0.00625,1,1,-7.913022761438557
54370,9,49.46262587256128,246,0.00625,1,1,-7.939096678906211
54490,9,49.215168287243834,246,0.00625,1,1,-7.9337159242501345
54610,9,48.98303283357361,246,0.00625,1,1,-7.933474929643881
54740,9,49.458776100907386,249,0.00625,1,1,-7.93602161501979
54860,9,49.17604623158743,249,0.00625,1,1,-7.932176887973827
54980,9,48.821608071991974,249,0.00625,1,1,-7.934186204713101
55110,9,49.28331032358412,252,0.04375,1,1,-7.943298712498234
55230,9,48.922846743166495,252,0.04375,1,1,-7.979076078224134
55350,9,49.3194610957244,255,0.04375,1,1,-7.979735742084285
55470,9,48.97706621877155,255,0.04375,1,1,-7.979385473316533
55600,9,49.35144852926977,258,0.04375,1,1,-7.979431747785437
55720,9,49.012826682777174,244,0.04375,1,1,-7.978425120510669
55830,9,48.6782710958546,244,0.05,1,1,-7.978595089435248
55960,9,49.376704948871975,247,0.05,1,1,-6.283884908901348
56090,9,49.126383675272386,247,0.00625,1,1,-6.269314693227151
56210,9,48.88691708306795,247,0.00625,1,1,-7.932052645419141
56330,9,49.31979577481999,250,0.00625,1,1,-7.936688364549653
56460,9,48.949666864812336,250,0.04375,1,1,-7.934077384921875
56580,9,49.339139192258344,253,0.04375,1,1,-7.978862884771629
56700,9,49.696141713581156,256,0.04375,1,1,-7.979860778858361
56830,9,49.31714545569436,256,0.04375,1,1,-7.978822681581475
56950,9,48.989447668856016,246,0.04375,1,1,-7.979594970651226
57060,9,49.4783251308287,249,0.05,1,1,-7.980275565603143
57200,9,49.21499546603068,249,0.00625,1,1,-6.244083508205131
57320,9,49.697209857026785,252,0.00625,1,1,-7.929417894837616
57440,9,49.454076266077266,252,0.00625,1,1,-7.939535799545408
57560,9,49.21561208042847,252,0.00625,1,1,-7.933428442531332
57690,9,49.69879675136735,255,0.00625,1,1,-7.934985324105411
57810,9,49.43691472170213,255,0.00625,1,1,-7.933824368824777
57930,9,49.09909888460504,255,0.00625,1,1,-7.932186936631335
58060,6,49.44893770183537,257,0.04375,1,1,-7.939232814903332
58180,6,49.05614039249936,257,0.04375,1,1,-7.978165467583666
58300,9,49.61395238722613,260,0.04375,1,1,-7.97823266131542
58430,9,49.272974460149975,260,0.04375,1,1,-7.980883957587012
58550,9,49.65404389889427,263,0.04375,1,1,-7.979313873803613
58670,9,49.28499336197191,249,0.04375,1,1,-7.978345516155763
58780,9,49.05885609946927,249,0.05,1,1,-7.982696356540987
58920,9,49.650232994822964,252,0.00625,1,1,-6.384542445485477
59040,9,49.39177832158196,252,0.00625,1,1,-7.930531021143774
59160,9,49.15453484389966,252,0.00625,1,1,-7.9340404501478305
59290,9,49.66983600940886,255,0.00625,1,1,-7.938502046740506
59410,9,49.39677715921523,255,0.00625,1,1,-7.9335133864240115
59530,9,49.221559409024806,255,0.00625,1,1,-7.94065910799029
59660,9,49.6594168207548,258,0.04375,1,1,-7.941489287950075
59780,9,49.3175762485336,258,0.04375,1,1,-7.9601896096127716
59900,9,48.883272684162996,258,0.04375,1,1,-7.979903719475911
60020,9,49.36411716001159,250,0.04375,1,1,-7.97839405802347
60140,9,49.060472955732905,250,0.05,1,1,-7.982481110132883
60260,9,48.694292127606666,250,0.05,1,1,-6.154166848959343
60380,9,49.37683148696797,253,0.05,1,1,-6.148456206394488
60520,9,49.131807145260204,253,0.00625,1,1,-6.375635772397594
60640,9,48.89149809164845,253,0.00625,1,1,-7.933268808300289
60760,5,49.266410896022194,255,0.00625,1,1,-7.9354429290667525
60880,5,49.03610424269161,255,0.00625,1,1,-7.934288409334167
61010,5,48.80269687931657,255,0.00625,1,1,-7.934440921009536
61130,9,49.30460460895264,258,0.04375,1,1,-7.93168408936894
61250,9,48.9657509542409,258,0.04375,1,1,-7.9694902451026115
61380,9,49.41802468921128,261,0.04375,1,1,-7.978326372253937
61500,9,49.13208912570917,249,0.04375,1,1,-7.978224930201259
61610,9,48.903825874407275,249,0.05,1,1,-7.97377911362427
61750,9,49.44160641354279,252,0.00625,1,1,-6.070020439843136
61870,9,49.19485380687102,252,0.00625,1,1,-7.931124196634059
61990,9,48.961753146932175,252,0.00625,1,1,-7.932566342988841
62110,9,49.42954467750907,255,0.00625,1,1,-7.935855119193583
62240,9,49.18643740489444,255,0.00625,1,1,-7.932433884553746
62360,9,48.933773232969905,255,0.00625,1,1,-7.939430891022017
62480,9,49.27078423429354,258,0.00625,1,1,-7.934978904612346
62610,9,48.87729635346937,258,0.00625,1,1,-7.937222699090694
62730,5,49.2959125782796,261,0.04375,1,1,-7.959474965774413
62850,5,48.91275650162875,261,0.04375,1,1,-7.9809132812497925
62980,9,49.30561133964804,264,0.04375,1,1,-7.979923090318162
63100,9,48.870375382183596,264,0.04375,1,1,-7.980463547326373
63220,9,49.379975076078345,253,0.04375,1,1,-7.979961432894397
63330,9,49.09760947630836,253,0.05,1,1,-7.982513496653845
63460,9,48.83574460341769,253,0.05,1,1,-6.067163439227028
63590,9,49.41566804764224,256,0.00625,1,1,-6.053279856023224
63710,9,49.12195051338771,256,0.00625,1,1,-7.939229204107646
63840,9,48.948972462834845,256,0.00625,1,1,-7.934052439293105
63960,9,49.28948339320473,259,0.04375,1,1,-7.945210781211981
64080,9,48.94473371128503,259,0.04375,1,1,-7.959707165473586
64210,9,49.462117948982694,254,0.04375,1,1,-7.981147875278959
64330,9,49.23612524533239,254,0.00625,1,1,-7.9785559697283635
64450,9,49.00880662728162,254,0.00625,1,1,-7.9302689833777436
64570,9,48.76145486796339,254,0.00625,1,1,-7.930490285574935
64700,9,49.483312208115976,257,0.00625,1,1,-7.930861991795151
64820,9,49.19377649853557,257,0.04375,1,1,-7.935996682035741
64940,9,48.828385123337995,257,0.00625,1,1,-7.953846230397724
65070,9,49.30677256700346,260,0.04375,1,1,-7.944500060217375
65190,9,48.9513636446601,260,0.04375,1,1,-7.979630939138372
65310,9,49.315058382907594,263,0.04375,1,1,-7.9786292312255584
65430,3,49.689672261763114,266,0.04375,1,1,-7.979126632525932
65560,3,49.31313072249098,266,0.04375,1,1,-7.980055266011632
65680,3,49.08523700767685,254,0.04375,1,1,-7.979483449916544
65800,9,49.652079979806686,257,0.00625,1,1,-7.980162692780917
65930,9,49.26399484761258,257,0.00625,1,1,-7.931021880006949
66050,3,49.6781192104368,260,0.04375,1,1,-7.938719902465271
66170,3,49.326363780865144,260,0.04375,1,1,-7.980681085217512
66300,4,49.67807863807988,263,0.04375,1,1,-7.978859712475173
66420,4,49.45351145338122,257,0.04375,1,1,-7.978934922314195
66540,4,49.22641884615131,257,0.00625,1,1,-7.981695535889227
66660,4,49.00051640967682,257,0.00625,1,1,-7.930085799529714
66790,9,49.626130712827866,260,0.00625,1,1,-7.930798936451408
66910,9,49.37850771988451,260,0.00625,1,1,-7.930464822752657
67030,9,49.12307033545061,260,0.00625,1,1,-7.939325932806351
67160,9,49.66663961769157,263,0.00625,1,1,-7.936060543275072
67280,9,49.376482312715275,263,0.00625,1,1,-7.93784259591842
67400,9,49.54930845355316,265,0.00625,1,1,-7.936186952101438
67530,9,49.19976300177319,265,0.04375,1,1,-7.944606991425272
67650,9,49.65945016185383,268,0.04375,1,1,-7.98078731023101
67770,9,49.41268016940206,257,0.04375,1,1,-7.9788170171785415
67880,9,49.158200795818914,257,0.05,1,1,-7.9787940781741264
68010,9,48.91186703840746,257,0.05,1,1,-5.866359103682158
68140,9,49.41152287345034,260,0.00625,1,1,-5.910217478833693
68260,9,49.18168975217054,260,0.00625,1,1,-7.935755750991602
68390,9,49.64156436428239,263,0.00625,1,1,-7.9400998372579785
68510,9,49.27944847602379,263,0.04375,1,1,-7.93155522068997
68630,9,48.91728694386366,263,0.04375,1,1,-7.980824737318734
68750,9,49.2585931834465,266,0.04375,1,1,-7.979468521713284
68880,9,48.85969487004508,257,0.04375,1,1,-7.979470805138363
68990,9,49.50652690443,260,0.05,1,1,-7.981988697421367
69120,9,49.26293265429828,260,0.00625,1,1,-6.470852435596003
69250,9,49.03221113139432,260,0.00625,1,1,-7.90176942993663
69370,9,48.795271849832076,260,0.00625,1,1,-7.9350974638246585
69490,9,49.39355381183233,263,0.00625,1,1,-7.931796562115837
69620,9,49.1519441455276,263,0.00625,1,1,-7.933435395780068
69740,9,48.90091645267951,263,0.00625,1,1,-7.936496315483507
69860,9,49.29931518551176,266,0.00625,1,1,-7.934611326049661
69980,9,48.91619661759732,266,0.04375,1,1,-7.93685051717895
70110,9,49.27563298169837,269,0.04375,1,1,-7.980092475831019
70230,9,49.04300384526325,258,0.04375,1,1,-7.9804618705099815
70340,9,48.70773868529186,258,0.05,1,1,-7.981316685934288
70470,9,49.35838433714226,261,0.05,1,1,-5.780290764332003
70600,9,49.12482266221667,261,0.00625,1,1,-6.2718777835274935
70720,9,48.890319042502234,261,0.00625,1,1,-7.9385600428812815
70850,9,49.395973390659194,264,0.00625,1,1,-7.932555891033778
70970,9,49.17062761743577,264,0.00625,1,1,-7.93280369457046
71090,9,48.80791663023825,264,0.04375,1,1,-7.941906930213162
71210,4,49.285885760617745,267,0.04375,1,1,-7.968487318791278
71340,4,48.88430971056177,267,0.04375,1,1,-7.979498247700293
71460,9,49.43450335779632,260,0.04375,1,1,-7.979407701607424
71570,9,49.203741903199486,260,0.05,1,1,-7.98124923568579
71700,9,48.970387130428314,260,0.05,1,1,-5.794769600699663
71820,9,49.46605917196418,263,0.05,1,1,-5.768337632015113
71940,9,49.19354466686217,263,0.05,1,1,-5.784896397521426
72070,9,48.914357619205774,263,0.05,1,1,-5.756087322253527
72190,9,49.417969321987925,266,0.05,1,1,-6.005326795384324
72320,9,49.18493902080128,266,0.00625,1,1,-6.038094715752765
72440,9,48.952193217123614,266,0.00625,1,1,-7.938910409306258
72570,9,49.30943702101462,269,0.00625,1,1,-7.932415222154945
72690,9,48.94307583857445,269,0.04375,1,1,-7.932339646087642
72810,9,49.25608351393416,272,0.04375,1,1,-7.980325921408921
72940,9,49.02898528536552,260,0.04375,1,1,-7.979678471755519
73050,9,48.7973078303103,260,0.05,1,1,-7.982356528105836
73170,9,49.382706749391396,263,0.05,1,1,-5.744470883501828
73300,9,49.141296157218996,263,0.00625,1,1,-5.774217916557843
73430,9,48.89985513577891,263,0.00625,1,1,-7.939033861788071
73550,9,49.3936291859628,266,0.00625,1,1,-7.9345621236636905
73670,9,49.15278398987332,266,0.00625,1,1,-7.9345696496564715
73800,9,48.78289033737406,266,0.04375,1,1,-7.942874499236484
73920,9,49.24201379152358,269,0.04375,1,1,-7.970356225359427
74040,9,48.87011702837751,269,0.04375,1,1,-7.979849504042145
74170,9,49.450456461388654,262,0.04375,1,1,-7.9810758652580285
74280,9,49.23099460633016,262,0.05,1,1,-7.9799450486349155
74400,9,49.00461000509943,262,0.05,1,1,-5.659745810491669
74520,9,48.75458971836811,262,0.05,1,1,-5.692841216587698
74660,9,49.375577167573525,265,0.00625,1,1,-5.7397550323420985
74780,9,49.10675044078532,265,0.00625,1,1,-7.936618999175037
74900,9,48.74548264665109,265,0.00625,1,1,-7.937837066075768
75030,9,49.28508686470606,268,0.00625,1,1,-7.940656793517317
75150,9,48.923206071107984,268,0.04375,1,1,-7.954423235749894
75270,9,49.3316810193695,271,0.04375,1,1,-7.978470299115423
75400,9,48.979372965560984,271,0.04375,1,1,-7.979456751541751
75520,9,49.29669459989928,274,0.04375,1,1,-7.978802159480813
75640,9,49.67140485304414,277,0.04375,1,1,-7.978964174871253
75760,9,49.45811175098898,264,0.04375,1,1,-7.981221566434165
75880,9,49.235975025580444,264,0.05,1,1,-7.981415512934105
76000,9,49.01878836360971,264,0.05,1,1,-5.649171416993324
76120,9,49.63762401149966,267,0.05,1,1,-5.711222988088157
76260,9,49.39702111013603,267,0.00625,1,1,-5.676945660668502
76380,9,49.12930374343205,267,0.00625,1,1,-7.934660099001962
76500,9,49.63335964109383,270,0.00625,1,1,-7.93436166895917
76620,9,49.25673198388633,270,0.04375,1,1,-7.940434248660158
76750,9,49.65676895506441,273,0.04375,1,1,-7.97969574855639
76870,9,49.2385965039481,273,0.04375,1,1,-7.980166677503257
76990,9,49.03621615129092,263,0.04375,1,1,-7.981783185079935
77110,9,49.65189177241677,266,0.05,1,1,-7.9818979800450895
77230,9,49.43608137311762,266,0.05,1,1,-5.567245743886137
77350,9,49.182680233127634,266,0.05,1,1,-5.633063800831845
77490,9,49.68546353921013,269,0.00625,1,1,-5.667211783947707
77610,9,49.39829435816388,269,0.00625,1,1,-7.937388747987759
77730,9,49.03936304853321,269,0.00625,1,1,-7.935254144480379
77850,9,49.42184623869046,271,0.04375,1,1,-7.94408874405325
77980,9,49.05217669836512,271,0.04375,1,1,-7.979307776486779
78100,9,49.59837147001548,274,0.04375,1,1,-7.978302041539743
78220,9,49.18590106624604,274,0.04375,1,1,-7.979838750053624
78350,9,49.70068664985222,266,0.04375,1,1,-7.981493687275743
78460,9,49.5029968268882,266,0.05,1,1,-7.981680965423356
78580,9,49.30481822962282,266,0.05,1,1,-5.517028044723145
78710,9,49.10480210068375,266,0.05,1,1,-5.530054144582514
78830,9,48.89644526409975,266,0.05,1,1,-5.533988202628418
78950,9,49.433446784929,269,0.05,1,1,-5.548655324232209
79070,9,49.18685101659616,269,0.05,1,1,-5.6128811310388205
79210,9,49.680575881805495,272,0.00625,1,1,-5.82351253391808
79330,9,49.43264470637478,272,0.00625,1,1,-7.9358179499581025
79450,9,49.046509780822234,272,0.00625,1,1,-7.939862271513596
79580,9,49.583608202841376,275,0.04375,1,1,-7.936132935694383
79700,9,49.38442510879204,264,0.04375,1,1,-7.980595677787003
79810,9,49.18601293277864,264,0.05,1,1,-7.983067637970145
79940,9,48.982369985541126,264,0.05,1,1,-5.542029984267094
80060,9,49.304240057787425,267,0.05,1,1,-5.535863359894503
80180,9,49.07543719788261,267,0.05,1,1,-5.577046887126507
80310,9,48.8425912461323,267,0.00625,1,1,-6.458097343296846
80440,9,49.422192037055744,270,0.00625,1,1,-7.931273013585631
80560,9,49.15492711045803,270,0.00625,1,1,-7.932366271076909
80680,9,48.884458296541155,270,0.00625,1,1,-7.932900079655264
80810,9,49.27784736886995,273,0.00625,1,1,-7.9403429594535835
80930,9,48.923993850481345,273,0.04375,1,1,-7.9409828783342205
81050,6,49.392106482450814,276,0.04375,1,1,-7.98083380283063
81170,6,48.92366571064736,276,0.04375,1,1,-7.979045498410898
81300,9,49.491054353092764,266,0.04375,1,1,-7.974893442390268
81410,9,49.28789147671992,266,0.05,1,1,-7.983582957660532
81530,9,49.087418532502994,266,0.05,1,1,-5.466556715576703
81660,9,48.88663006299619,266,0.05,1,1,-5.573330537462771
81780,9,49.42563597476455,269,0.05,1,1,-5.552271788251343
81910,9,49.17455086995955,269,0.00625,1,1,-5.554762834120435
82040,9,48.89779302959691,269,0.00625,1,1,-7.935311094666223
82160,9,49.39463852284007,272,0.00625,1,1,-7.936863655813194
82280,9,48.96102320185791,272,0.00625,1,1,-7.942196195937497
82400,9,49.35542750385646,275,0.00625,1,1,-7.942575072225993
82530,9,48.98757592522304,275,0.04375,1,1,-7.961120015656686
82650,9,49.34067036339357,278,0.04375,1,1,-7.978102718732194
82770,9,49.156157949859846,266,0.04375,1,1,-7.97975103225115
82890,9,48.9622005887353,266,0.05,1,1,-7.9793291810167455
83010,9,49.34011210182636,268,0.05,1,1,-5.4185129008007005
83130,9,49.100824562072575,268,0.05,1,1,-5.499549417811697
83270,9,48.85437820185568,268,0.00625,1,1,-5.537719043106337
83390,9,49.388774512878285,271,0.00625,1,1,-7.934032344859219
83510,9,49.113794243698656,271,0.00625,1,1,-7.935782497941004
83630,9,48.72799132574276,271,0.00625,1,1,-7.94124083188418
83760,5,49.25126130647453,274,0.04375,1,1,-7.941858845213391
83880,5,48.89259258996832,274,0.04375,1,1,-7.980581052004889
84000,6,49.31310118946566,277,0.04375,1,1,-7.979942698595504
84130,6,49.12620552320562,266,0.04375,1,1,-7.979294394701287
84240,6,48.93268008863923,266,0.05,1,1,-7.979299971094757
84360,9,49.136434981206826,268,0.05,1,1,-5.439501834078468
84480,9,48.975599072941016,268,0.05,1,1,-5.495965627777888
84620,9,49.46966779173681,271,0.00625,1,1,-6.444014022327625
84740,9,49.21224450803511,271,0.00625,1,1,-7.904758834342286
84860,9,48.91102311054672,271,0.00625,1,1,-7.930718798022955
84990,9,49.45120017768965,274,0.00625,1,1,-7.9382783556288
85110,9,49.080076865355046,274,0.04375,1,1,-7.94643692221863
85230,9,48.73375126597435,274,0.04375,1,1,-7.968589291193547
85360,9,49.200812298499244,277,0.04375,1,1,-7.97990827845832
85480,9,49.01403032915279,266,0.04375,1,1,-7.97864254705141
85590,9,48.663919284090234,266,0.05,1,1,-7.982113857384665
85710,9,49.14510517779712,268,0.05,1,1,-5.4385090396606
85850,9,48.90920283220472,268,0.00625,1,1,-6.323564296529592
85970,7,49.364506991302804,271,0.00625,1,1,-7.939063764596688
86090,7,49.11957210899101,271,0.00625,1,1,-7.933168043499587
86220,7,48.89458898126279,271,0.04375,1,1,-7.948139181594965
86340,9,49.32653767217482,274,0.04375,1,1,-7.970810049300008
86460,9,49.687307774654826,277,0.04375,1,1,-7.968440519638443
86590,9,49.31817197131093,277,0.04375,1,1,-7.978621059651134
86710,9,49.509372915541796,279,0.04375,1,1,-7.980406043067797
86830,9,49.3284965516561,268,0.04375,1,1,-7.979813086302109
86940,9,49.140281096798816,268,0.05,1,1,-7.982043425714168
87070,9,49.52810183511718,270,0.05,1,1,-5.385752084396343
87190,9,49.28286744936157,270,0.05,1,1,-5.4509645675841485
87320,9,49.043299360715686,270,0.00625,1,1,-5.564682214389226
87450,9,49.607673196221626,273,0.00625,1,1,-7.935493332279874
87570,9,49.270198504629306,273,0.00625,1,1,-7.934102886350458
87690,9,49.678348207657,276,0.00625,1,1,-7.955092900422266
87820,9,49.33688123197067,276,0.04375,1,1,-7.95159681376766
87940,5,49.695967091995925,279,0.04375,1,1,-7.979145537329237
88060,5,49.250606853359336,279,0.04375,1,1,-7.978373065425094
88180,5,49.077302430019714,268,0.04375,1,1,-7.979512265625238
88300,5,48.89563479888434,268,0.05,1,1,-7.982856447453758
88420,9,49.32536295202223,270,0.05,1,1,-5.314510882508228
88540,9,49.132388374661915,270,0.05,1,1,-5.3929588954672
88670,9,48.9408416560217,270,0.05,1,1,-5.41223727066652
88790,9,49.34932452843992,273,0.05,1,1,-5.491378591979133
88910,9,48.97982389232274,273,0.05,1,1,-5.479402066887342
89030,9,49.44052365242133,276,0.05,1,1,-6.277573752261018
89170,9,49.192625496097136,276,0.00625,1,1,-6.385929095705447
89290,9,48.95351301842632,276,0.00625,1,1,-7.938230118879703
89410,9,49.29570927722222,278,0.00625,1,1,-7.936125188014624
89540,9,48.932110221290465,278,0.00625,1,1,-7.933988243840362
89660,9,49.315117874136625,281,0.04375,1,1,-7.934006621363823
89780,9,48.96333912062331,281,0.04375,1,1,-7.979542427378064
89910,9,49.251473566674754,284,0.04375,1,1,-7.979780984807862
90030,9,49.085320455924645,269,0.04375,1,1,-7.97893615879476
90140,9,48.916823822107695,269,0.05,1,1,-7.982723077686351
90260,9,49.34899986629665,271,0.05,1,1,-5.243203660817677
90390,9,49.1756168840097,271,0.05,1,1,-5.267023419291655
90510,9,49.00106695749842,271,0.05,1,1,-5.277968508854278
90630,9,48.8267577840391,271,0.05,1,1,-5.315271864136869
90760,9,49.29977462730776,273,0.05,1,1,-5.326520475004932
90880,9,49.11432285344621,273,0.05,1,1,-5.324208216585418
91000,9,48.932102447666246,273,0.05,1,1,-5.366486262955087
91130,5,49.3366982889371,275,0.05,1,1,-5.426830689185365
91250,5,49.140736528098046,275,0.05,1,1,-5.397967731275804
91370,5,48.94271659161984,275,0.05,1,1,-5.4549774498667745
91490,9,49.333289695196115,277,0.05,1,1,-5.516033569098335
91620,9,49.085874153639715,277,0.05,1,1,-5.532712685971017
91750,9,48.854990420719254,277,0.00625,1,1,-5.522909749024814
91870,9,49.37806930815595,280,0.00625,1,1,-7.936011711894123
92000,9,49.02414568449383,280,0.00625,1,1,-7.931840428828999
92120,9,48.66228741810796,280,0.04375,1,1,-7.943287635326828
92240,9,49.26160369497184,283,0.04375,1,1,-7.979049170604342
92370,9,49.09097888864946,264,0.04375,1,1,-7.979455622900662
92480,9,48.91690100320459,264,0.05,1,1,-7.978405078265717
92600,9,49.28800057669878,266,0.05,1,1,-5.2882684822754324
92730,9,49.03341795488893,266,0.00625,1,1,-5.321982736950247
92860,9,48.78732741932634,266,0.00625,1,1,-7.931769642427809
92980,9,49.17964580102823,268,0.00625,1,1,-7.937652960158351
93100,9,48.81167548768458,268,0.00625,1,1,-7.935697894712745
93230,9,49.103734038599036,270,0.00625,1,1,-7.943055146226578
93350,9,48.75068125727294,270,0.04375,1,1,-7.955153780203762
93470,5,49.10468852289556,272,0.04375,1,1,-7.979764122089639
93590,5,48.74872526332571,272,0.04375,1,1,-7.979003451681524
93720,9,49.098324268352535,274,0.04375,1,1,-7.978293520131282
93840,9,48.65242007438852,274,0.04375,1,1,-7.979155377285012
93960,9,49.2279335256756,263,0.04375,1,1,-7.978600235048736
94080,9,49.052021210372466,263,0.05,1,1,-7.982874433417108
94200,9,48.86908936771409,263,0.05,1,1,-5.3129366399113644
94320,9,49.3110900094546,265,0.05,1,1,-5.3395232809852535
94450,9,49.10669777803069,265,0.05,1,1,-5.404383258161411
94570,9,48.9570411029568,265,0.05,1,1,-5.4341424236235065
94700,9,49.45379293909221,268,0.00625,1,1,-5.582822216424641
94820,9,49.21179807476926,268,0.00625,1,1,-7.898119285704763
94950,9,48.91489124901154,268,0.00625,1,1,-7.933497692496109
95070,4,49.31742757003932,271,0.00625,1,1,-7.934706301954451
95190,9,49.6818805426328,274,0.04375,1,1,-7.9457394421706935
95320,9,49.32591469185488,274,0.04375,1,1,-7.979415473943088
95440,9,49.687183653953966,277,0.04375,1,1,-7.980810619325391
95560,9,49.28295946039608,277,0.04375,1,1,-7.979155511440511
95690,3,49.66415403836653,280,0.04375,1,1,-7.980396854815737
95810,3,49.2470624594751,280,0.04375,1,1,-7.981356314815158
95930,9,49.64381308175939,283,0.04375,1,1,-7.981832655971886
96050,9,49.48650648089746,266,0.04375,1,1,-7.981857297932379
96170,9,49.324682945089435,266,0.05,1,1,-7.98298226214437
96290,9,49.15230130528924,266,0.05,1,1,-5.149048079671136
96410,9,48.979949013046365,266,0.05,1,1,-5.197983451490295
96540,9,49.36764779716479,268,0.05,1,1,-5.30553664306544
96660,9,49.18775660454257,268,0.05,1,1,-5.305250156063097
96780,9,49.00242748862638,268,0.05,1,1,-5.368451161291397
96900,9,48.81192940718426,268,0.05,1,1,-5.376717889119262
97030,9,49.321208623273165,270,0.05,1,1,-5.425747927759468
97160,9,49.093563972815616,270,0.00625,1,1,-5.470525847452175
97280,9,49.65960432657614,273,0.00625,1,1,-7.898817841611228
97410,9,49.41395743352342,273,0.00625,1,1,-7.930952733598144
97530,9,49.179438264514545,273,0.00625,1,1,-7.934805716090073
97650,9,49.50453029408034,275,0.00625,1,1,-7.935592070568809
97780,9,49.143497295148535,275,0.00625,1,1,-7.9328077686524425
97900,9,49.62885603685236,278,0.04375,1,1,-7.945299017821222
98020,9,49.228145753831676,278,0.04375,1,1,-7.979414179112697
98140,9,49.07473498733067,261,0.04375,1,1,-7.9810236182638254
98260,9,48.91937594141328,261,0.05,1,1,-7.981213921562485
98380,9,49.35794330112101,263,0.05,1,1,-5.105320693098628
98500,9,49.195711041199736,263,0.05,1,1,-5.127369360099246
98630,9,49.02116472410033,263,0.05,1,1,-5.197513495114641
98750,9,48.83919217801238,263,0.05,1,1,-5.202321448838083
98870,1,48.99017903623351,264,0.05,1,1,-5.326485841510786
99010,9,49.3099518385132,266,0.00625,1,1,-5.395724423201329
99130,9,48.93298162775123,266,0.00625,1,1,-7.933180143800854
99250,9,49.17811664665282,268,0.04375,1,1,-7.934519610360282
99370,9,48.81641372965667,268,0.04375,1,1,-7.980182509652438
99500,9,49.11607726808708,270,0.04375,1,1,-7.978714861996007
99620,9,48.76415887878529,270,0.04375,1,1,-7.9794478358859395
99740,9,49.07291057262248,272,0.04375,1,1,-7.979254308625866
99870,9,48.65537361408139,272,0.04375,1,1,-7.978943557937539
99990,9,49.2464911510902,259,0.04375,1,1,-7.9802219698574675
100100,9,49.077035174099585,259,0.05,1,1,-7.981874086695678
100230,9,48.90164812201017,259,0.05,1,1,-5.133394595441807
100350,9,49.33599026738026,261,0.05,1,1,-5.276645186837739
100470,9,49.15733266452274,261,0.05,1,1,-5.334526533215232
100590,9,48.97701851727014,261,0.05,1,1,-5.338963303080581
100720,4,49.35284382857385,263,0.05,1,1,-5.3653086373598855
100840,4,49.1248191475708,263,0.05,1,1,-5.380604833067922
100970,4,48.879404658433984,263,0.00625,1,1,-5.487392909351352
101100,9,49.43260322976304,266,0.00625,1,1,-7.931058179336631
101220,9,49.20005056719111,266,0.00625,1,1,-7.935536482584035
101340,9,48.962741727477884,266,0.00625,1,1,-7.933029496510121
101460,9,49.46229513124307,269,0.00625,1,1,-7.932288234068324
101590,9,49.16502566860039,269,0.00625,1,1,-7.933530118225778
101710,9,48.82500867294918,269,0.00625,1,1,-7.931701040337583
101830,9,49.255830890675995,272,0.04375,1,1,-7.945798839472515
101960,9,48.87288575807414,272,0.04375,1,1,-7.978291154324815
102080,9,49.25409318420965,275,0.04375,1,1,-7.981020076962714
102200,9,48.80588438890345,275,0.04375,1,1,-7.980454112876542
102330,9,49.49363991490926,259,0.04375,1,1,-7.981660746286164
102440,9,49.33656640792381,259,0.05,1,1,-7.982950151994242
102560,9,49.173403886735706,259,0.05,1,1,-5.09543937181139
102680,9,49.00756992335409,259,0.05,1,1,-5.146472212840505
102810,9,48.837029898767035,259,0.05,1,1,-5.212140430640921
102930,9,49.30777108432772,261,0.05,1,1,-5.239924694664765
103050,9,49.1181812163543,261,0.05,1,1,-5.287429026723679
103180,9,48.78016255651917,261,0.05,1,1,-5.334204896272006
103300,9,49.41186088170703,264,0.05,1,1,-5.462782459142621
103430,9,49.171155064397624,264,0.00625,1,1,-6.281741474441963
103560,9,48.91043457196187,264,0.00625,1,1,-7.9306907312029
103680,2,49.27843813146445,266,0.00625,1,1,-7.934387285114449
103800,2,49.043486262935524,266,0.00625,1,1,-7.938987293561389
103920,2,48.78903968976203,266,0.00625,1,1,-7.933530560311353
104050,1,48.92321033080276,267,0.00625,1,1,-7.932920925947017
104170,9,49.40332482185406,270,0.00625,1,1,-7.937622660012073
104290,9,49.125263769259774,270,0.00625,1,1,-7.940787548820723
104420,9,48.825801563568334,270,0.00625,1,1,-7.942359469583757
104540,9,49.404354499208566,273,0.00625,1,1,-7.942440799617138
104660,9,49.04414647967966,273,0.04375,1,1,-7.946154948806811
104780,9,49.60213645600508,276,0.04375,1,1,-7.9711121438969466
104910,9,49.26552946808292,276,0.04375,1,1,-7.979372560420369
105030,9,49.676994571061726,279,0.04375,1,1,-7.98063086144045
105150,9,49.28246581428061,279,0.04375,1,1,-7.9780957444146345
105280,9,49.12735068679743,255,0.04375,1,1,-7.979140326381265
105390,9,49.694561086001336,258,0.05,1,1,-7.9809572862857765
105510,9,49.52393252811579,258,0.05,1,1,-5.124628942154376
105640,9,49.33867108640869,258,0.05,1,1,-5.158951083963835
105760,9,49.1505144567701,258,0.05,1,1,-5.288305614781655
105880,9,49.515478129251356,260,0.05,1,1,-5.4251501060011105
106010,9,49.25140601540348,260,0.00625,1,1,-5.450456056065066
106140,9,49.699041726436455,263,0.00625,1,1,-7.9343830175892
106260,9,49.32743944699671,263,0.00625,1,1,-7.93968991149563
106380,9,49.692243601283984,266,0.00625,1,1,-7.940317736974601
106510,9,49.351249773707366,266,0.04375,1,1,-7.955538692816128
106630,9,49.69710162761048,269,0.04375,1,1,-7.979666541770787
106750,9,49.35134887010311,269,0.04375,1,1,-7.978346413108562
106880,9,49.69175854649467,272,0.04375,1,1,-7.980022277965514
107000,9,49.31605379918605,272,0.04375,1,1,-7.978611167504503
107120,9,48.918015262153865,272,0.04375,1,1,-7.98083560076867
107240,9,49.2727994483668,275,0.04375,1,1,-7.980123879071255
107370,9,48.869146011620806,275,0.04375,1,1,-7.981103976095718
107490,9,49.21733566459706,278,0.04375,1,1,-7.981451692780735
107610,9,49.0668982995346,259,0.04375,1,1,-7.981333354484106
107730,9,48.9138248614159,259,0.05,1,1,-7.982930110287383
107850,9,49.357771388794525,261,0.05,1,1,-5.070952208404975
107970,9,49.197610019732856,261,0.05,1,1,-5.1014657226111115
108100,9,49.03247435215942,261,0.05,1,1,-5.172869022624987
108220,9,48.86890082343432,261,0.05,1,1,-5.180189944312989
108340,9,49.24597578101839,263,0.05,1,1,-5.232720532097198
108470,9,49.01420713723101,263,0.00625,1,1,-5.216454764604988
108600,9,48.773071859233575,263,0.00625,1,1,-7.936915858701017
108720,9,49.21610901107841,265,0.00625,1,1,-7.932078663974435
108840,9,48.98149675154388,265,0.00625,1,1,-7.934493945227925
108970,9,49.29544741834996,267,0.00625,1,1,-7.933856138199244
109090,9,49.017089445989235,267,0.00625,1,1,-7.932832148162046
109210,9,48.62943274557825,267,0.00625,1,1,-7.937045971781594
109330,9,49.02767052202207,269,0.04375,1,1,-7.942496211080869
109460,9,48.668740632289655,269,0.04375,1,1,-7.980662395956589
109580,9,49.01692969109596,271,0.04375,1,1,-7.979522028625304
109700,9,48.653548583540406,271,0.04375,1,1,-7.979307704181079
109830,9,49.250826581140295,255,0.04375,1,1,-7.980824285618048
109940,9,49.09407362942469,255,0.05,1,1,-7.979531604823504
110060,9,48.93885486973145,255,0.05,1,1,-5.074614123725656
110190,9,49.362046277999575,257,0.05,1,1,-5.142921548366254
110310,9,49.1973254345013,257,0.05,1,1,-5.1257939418598735
110430,9,49.02898966113162,257,0.05,1,1,-5.245054929888069
110550,9,48.86145832750011,257,0.05,1,1,-5.228421422806546
110680,9,49.32468531518363,259,0.05,1,1,-5.265402787617223
110800,9,49.060669627891244,259,0.05,1,1,-5.257266645883147
110930,9,48.80537287282334,259,0.00625,1,1,-5.275047473041082
111060,9,49.19442324987377,261,0.00625,1,1,-7.939678229123261
111180,9,48.895617386336305,261,0.00625,1,1,-7.937811482848495
111300,9,49.16554450456764,263,0.00625,1,1,-7.9417921193174275
111430,9,48.802153101506164,263,0.04375,1,1,-7.946048901226762
111550,9,49.12904554291041,265,0.04375,1,1,-7.978493352205372
111670,9,48.78281959435489,265,0.04375,1,1,-7.979532116353818
111790,2,49.11827026188618,267,0.04375,1,1,-7.978209175108202
111920,2,48.77149862669268,267,0.04375,1,1,-7.97863709574917
112040,9,49.093337810359145,269,0.04375,1,1,-7.9783332521827095
112160,9,49.42950510262197,271,0.04375,1,1,-7.978666908704949
112290,9,49.020529055699825,271,0.04375,1,1,-7.979395465185098
112410,9,49.36163257965596,273,0.04375,1,1,-7.980181637743594
112530,9,49.5190575364826,275,0.04375,1,1,-7.981544988951172
112650,9,49.07024039766274,275,0.04375,1,1,-7.98322745307151
112780,9,49.5148287371423,253,0.04375,1,1,-7.982803050809559
112890,9,49.34561800012926,253,0.05,1,1,-7.9829700098723055
113010,9,49.175654204568,253,0.05,1,1,-5.198538328040267
113140,9,49.0083799353532,253,0.05,1,1,-5.274192589878868
113260,9,48.83671022865985,253,0.05,1,1,-5.281708484220729
113380,9,49.3069293051199,255,0.05,1,1,-5.254655525568817
113510,9,49.12114742741891,255,0.05,1,1,-5.298568000373662
113630,9,48.933250774725124,255,0.05,1,1,-5.3408582904358175
113750,9,49.29921123611036,257,0.05,1,1,-5.42973971362208
113880,9,49.05907255642442,257,0.00625,1,1,-5.4482060251676705
114010,9,49.6509503296567,260,0.00625,1,1,-7.930682939010441
114130,9,49.38793115846929,260,0.00625,1,1,-7.93424585166328
114250,9,49.025872778941256,260,0.00625,1,1,-7.93348052086887
114380,9,49.59965621335882,263,0.04375,1,1,-7.939471093405002
114500,9,49.26015513054011,263,0.04375,1,1,-7.979465643909214
114620,9,48.85442832865841,263,0.04375,1,1,-7.980185411250804
114750,9,49.251070898870424,266,0.04375,1,1,-7.978261841440263
114870,9,48.82319972583689,266,0.04375,1,1,-7.981416453276304
114990,9,49.17254287202697,269,0.04375,1,1,-7.981565543138108
115110,9,49.01349307684405,250,0.04375,1,1,-7.98225384368655
115230,9,48.85062895038894,250,0.05,1,1,-7.983885602403083
115350,9,49.30068184284844,252,0.05,1,1,-5.1681524997350285
115470,9,49.07627718423367,252,0.05,1,1,-5.20899904287925
115610,9,48.83219898912482,252,0.00625,1,1,-5.453305411100487
115730,9,49.40496369865194,255,0.00625,1,1,-7.930039359608604
115850,9,49.17446186031369,255,0.00625,1,1,-7.935214819544211
115980,9,48.91335267652462,255,0.00625,1,1,-7.936387553524413
116100,9,49.427560591134885,258,0.00625,1,1,-7.931737054814651
116220,9,49.16220156644676,258,0.00625,1,1,-7.939069695157171
116340,9,48.891126579006574,258,0.00625,1,1,-7.936722540180971
116470,9,49.373047254302044,261,0.00625,1,1,-7.939955009814693
116590,9,49.01933221087919,261,0.00625,1,1,-7.941102260294218
116710,9,48.6398183200459,261,0.04375,1,1,-7.945982712114598
116840,9,49.19877416354731,264,0.04375,1,1,-7.979038240668398
116960,9,48.83064662565941,264,0.04375,1,1,-7.980299181379313
117080,9,49.25424262662336,267,0.04375,1,1,-7.9811110365715185
117200,9,48.89353577898531,267,0.04375,1,1,-7.979764403109674
117330,9,49.221771989357656,270,0.04375,1,1,-7.981155341043356
117450,9,49.07103916989791,251,0.04375,1,1,-7.97939774808258
117560,9,48.91325256550417,251,0.05,1,1,-7.98302099898024
117690,9,49.35211890527378,253,0.05,1,1,-5.074406886390816
117810,9,49.124789686889365,253,0.05,1,1,-5.154336584779744
117940,9,48.86635188661537,253,0.00625,1,1,-5.230095764848371
118070,7,49.254030743376134,255,0.00625,1,1,-7.930864946156087
118190,7,49.01474415022119,255,0.00625,1,1,-7.938498401541097
118310,7,48.75381116434749,255,0.00625,1,1,-7.934738480935404
118430,9,49.20388422356184,257,0.00625,1,1,-7.934032106567596
118560,9,48.84000577641857,257,0.00625,1,1,-7.9390323718466265
118680,9,49.0966837546282,259,0.04375,1,1,-7.934770044391924
118800,9,48.74110067953658,259,0.04375,1,1,-7.979556282049847
118930,9,49.04780831176893,261,0.04375,1,1,-7.98066704807547
119050,9,48.665951087988404,261,0.04375,1,1,-7.979135672724749
119170,9,49.014822614384926,263,0.04375,1,1,-7.9808790034848665
119300,9,48.56142872106689,263,0.04375,1,1,-7.980405291127236
119420,8,49.204856504214156,249,0.04375,1,1,-7.980861358860298
119530,8,49.04657331485783,249,0.05,1,1,-7.983117701337179
119650,9,49.50335973591208,251,0.05,1,1,-5.132068470281697
119780,9,49.33902935066153,251,0.05,1,1,-5.159785360130858
119900,9,49.170292755783144,251,0.05,1,1,-5.221061298793045
120020,9,49.55383775297407,253,0.05,1,1,-5.2243614995363306
120150,9,49.324758567475065,253,0.05,1,1,-5.269437076477083
120280,9,49.08249763210075,253,0.00625,1,1,-5.322752253346575
120400,9,49.48963570358388,255,0.00625,1,1,-7.931348951266072
120530,9,49.25845461345488,255,0.00625,1,1,-7.934771730417186
120650,9,49.01801356060018,255,0.00625,1,1,-7.93182247040421
120770,9,49.45187229968609,257,0.00625,1,1,-7.931920685011123
120890,9,49.17922160173799,257,0.00625,1,1,-7.934321340248632
121020,9,49.49984493366906,259,0.00625,1,1,-7.936912983768712
121140,9,49.204009518622314,259,0.00625,1,1,-7.941410119483175
121260,9,49.5132435967744,261,0.00625,1,1,-7.946964786136518
121390,9,49.13011991357072,261,0.00625,1,1,-7.9455631073924975
121510,9,49.44037907108696,263,0.04375,1,1,-7.94611448399151
121630,9,49.078163296595164,263,0.04375,1,1,-7.980462099206689
121750,9,48.70853882293069,263,0.04375,1,1,-7.980732428566652
121880,9,49.03623279652233,265,0.04375,1,1,-7.979473517970046
122000,9,48.66741138951743,265,0.04375,1,1,-7.97983658596542
122120,6,48.99234211679024,267,0.04375,1,1,-7.98075481024327
122250,9,49.132518945085636,269,0.04375,1,1,-7.979797934452447
122370,9,48.6878359744151,269,0.04375,1,1,-7.9817930642382295
122490,9,48.93729222898456,271,0.04375,1,1,-7.981952624218991
122620,9,49.372104782406865,247,0.04375,1,1,-7.98283399210199
122730,9,49.21244454414322,247,0.05,1,1,-7.983907007044783
122850,9,49.05345872857351,247,0.05,1,1,-5.129854188392262
122970,9,48.89030981360641,247,0.05,1,1,-5.174776923265599
123100,9,49.34323883476853,249,0.05,1,1,-5.167456245106631
123220,9,49.17890843780686,249,0.05,1,1,-5.211997357184647
123340,9,49.009549929775986,249,0.05,1,1,-5.216370907941288
123470,9,48.783831224603325,249,0.05,1,1,-5.2243616215012345
123600,9,48.962047037110075,250,0.00625,1,1,-5.275670996390875
123720,9,49.29731531903023,252,0.00625,1,1,-7.9304129328964
123850,9,49.04595994646008,252,0.00625,1,1,-7.930821597178299
123970,9,48.77547541187228,252,0.00625,1,1,-7.934552638657838
124090,4,48.910649969402115,253,0.00625,1,1,-7.936925426109432
124210,9,49.230596982156364,255,0.00625,1,1,-7.9409859811319645
124340,9,48.911413271984344,255,0.00625,1,1,-7.941477946537457
124460,9,49.15393453160554,257,0.00625,1,1,-7.943749746720117
124580,9,49.456023034286225,259,0.04375,1,1,-7.949139147733809
124710,9,49.069358293092414,259,0.04375,1,1,-7.9794751865242555
124830,9,49.403672230158655,261,0.04375,1,1,-7.980224543545271
124950,9,49.54842512598839,263,0.04375,1,1,-7.980618965607945
125070,9,49.11793806696529,263,0.04375,1,1,-7.981627749545228
125200,9,49.41055193932049,265,0.04375,1,1,-7.981955702626447
125320,9,48.97316393079219,265,0.04375,1,1,-7.982347084848267
125440,9,49.39150510435736,244,0.04375,1,1,-7.982817810738633
125560,9,49.23349272892389,244,0.05,1,1,-7.982587721643078
125680,9,49.07191813251854,244,0.05,1,1,-5.090547493751539
125800,9,48.89636502265319,244,0.05,1,1,-5.156816674078653
125930,9,49.33490754584684,246,0.05,1,1,-5.195334139504437
126050,9,49.15286831238442,246,0.05,1,1,-5.336108435076745
126170,9,48.957056622881396,246,0.05,1,1,-5.326885932558375
126290,9,49.31013555495704,248,0.05,1,1,-5.396328409007093
126430,9,49.07432552600848,248,0.00625,1,1,-5.514807680732552
126550,9,48.82131626545295,248,0.00625,1,1,-7.930586392846135
126670,9,49.38528768002087,251,0.00625,1,1,-7.933144128476128
126800,9,49.13986932142894,251,0.00625,1,1,-7.937300571802743
126920,9,48.873681121763646,251,0.00625,1,1,-7.939978302724749
127040,9,49.425804656171266,254,0.00625,1,1,-7.935537408962689
127170,9,49.125546816190386,254,0.00625,1,1,-7.940124467868567
127290,9,48.75306661812444,254,0.00625,1,1,-7.934328864183608
127410,9,49.29591657195261,257,0.04375,1,1,-7.946282884434424
127530,9,48.91314334964052,257,0.04375,1,1,-7.9799726845587164
127660,9,49.30285210014528,260,0.04375,1,1,-7.977980147149797
127780,9,48.93778479772608,260,0.04375,1,1,-7.980446416533603
127900,9,49.349383608626695,263,0.04375,1,1,-7.980096481076798
128030,9,48.99514768495488,263,0.04375,1,1,-7.979614999373258
128150,9,49.294283256442036,266,0.04375,1,1,-7.978053919167077
128270,9,48.847037429061025,266,0.04375,1,1,-7.97906551161324
128400,9,49.216295414952896,269,0.04375,1,1,-7.9815059113098945
128520,9,49.05337610254411,244,0.04375,1,1,-7.982918608041129
128630,9,48.88840437899914,244,0.05,1,1,-7.982747252493764
128750,9,49.339076652711,246,0.05,1,1,-5.209580601420748
128880,9,49.15985111128117,246,0.05,1,1,-5.2310232061841155
129000,9,48.820641106461544,246,0.05,1,1,-5.2506488513505145
129120,9,49.23325486033183,248,0.05,1,1,-5.370574885249117
129260,9,48.97474602225624,248,0.00625,1,1,-6.2859690011131075
129380,9,49.459165660237055,251,0.00625,1,1,-7.934851382129895
129500,9,49.197378407479576,251,0.00625,1,1,-7.9385137452015915
129620,9,49.68675760739533,254,0.00625,1,1,-7.933465185727009
129750,9,49.425246435359085,254,0.00625,1,1,-7.9392128623876275
129870,9,49.12298383981373,254,0.00625,1,1,-7.9376504804740105
129990,8,49.63054432918988,257,0.00625,1,1,-7.939154659787996
130120,8,49.28456000822657,257,0.04375,1,1,-7.946602274570496
130240,9,49.68042765373648,260,0.04375,1,1,-7.979849651567402
130360,9,49.31756541106459,260,0.04375,1,1,-7.978623864737645
130490,3,49.69638125076405,263,0.04375,1,1,-7.979518456715864
130610,3,49.28073679013886,263,0.04375,1,1,-7.979505787608139
130730,3,49.124682011243735,245,0.04375,1,1,-7.978418617850277
130840,3,48.968225050816756,245,0.05,1,1,-7.981802500350585
130970,9,49.534568550448974,248,0.05,1,1,-5.13515479656184
131090,9,49.377241886912856,248,0.05,1,1,-5.139634422817357
131210,9,49.20493877141885,248,0.05,1,1,-5.175427459075487
131340,9,49.01191496503192,248,0.05,1,1,-5.149269551231206
131460,9,49.631555311475395,251,0.05,1,1,-5.304769949721217
131590,9,49.372043975725354,251,0.00625,1,1,-5.491789279376535
131720,9,49.130566792730825,251,0.00625,1,1,-7.937837820276577
131840,9,49.669377919097634,254,0.00625,1,1,-7.938729388110007
131960,9,49.40952161368862,254,0.00625,1,1,-7.934578590953231
132080,9,49.16364067568535,254,0.00625,1,1,-7.9357753637503405
132210,9,49.67013624394611,257,0.00625,1,1,-7.938803210937978
132330,9,49.39038083939868,257,0.00625,1,1,-7.935647945654571
132450,9,49.093925525618324,257,0.00625,1,1,-7.9422288007197555
132580,9,49.636812746426294,260,0.00625,1,1,-7.9427554320531275
132700,9,49.2314231546274,260,0.00625,1,1,-7.94566528591789
132820,9,49.65133282723501,263,0.00625,1,1,-7.949209877300115
132940,9,49.4255453902292,263,0.00625,1,1,-7.9587904093542
133070,9,49.05766706444693,263,0.04375,1,1,-7.959034555227666
133190,9,49.61778348802194,266,0.04375,1,1,-7.968544112903361
133310,9,49.22488890983959,266,0.04375,1,1,-7.979752329087792
133440,9,49.65909608407728,269,0.04375,1,1,-7.978714581223446
133560,9,49.29681053395745,269,0.04375,1,1,-7.980888094127623
133680,9,48.94273879986614,269,0.04375,1,1,-7.980111545689927
133810,9,49.351786650500856,272,0.04375,1,1,-7.979477006479444
133930,9,48.9674657935212,272,0.04375,1,1,-7.979056924025686
134050,9,49.27842630915972,275,0.04375,1,1,-7.977999403221165
134170,9,49.12436341455064,247,0.04375,1,1,-7.9805154559205285
134290,9,48.96567201985166,247,0.05,1,1,-7.981802240781529
134410,9,49.53547019475815,250,0.05,1,1,-5.1127416815359235
134530,9,49.37553666527446,250,0.05,1,1,-5.164247416390638
134660,9,49.1340372353865,250,0.05,1,1,-5.157363971832825
134790,9,48.882115432412135,250,0.00625,1,1,-5.177731711839911
134910,9,49.410998448807725,253,0.00625,1,1,-7.934584090394056
135040,9,49.13693459865077,253,0.00625,1,1,-7.937054458167615
135160,9,48.85712413419425,253,0.00625,1,1,-7.938355161171573
135280,9,49.374378741153265,256,0.00625,1,1,-7.941683227277461
135400,9,49.07824793882381,256,0.00625,1,1,-7.942765592886387
135530,9,48.78665593313828,256,0.00625,1,1,-7.94405756769945
135650,9,49.30180949134708,259,0.00625,1,1,-7.945611849399818
135770,9,48.931277617680124,259,0.00625,1,1,-7.94485206910534
135900,9,49.290221885170176,262,0.04375,1,1,-7.951749638090601
136020,9,48.94847055925559,262,0.04375,1,1,-7.979880057872821
136140,9,49.336038029580656,265,0.04375,1,1,-7.9808976570987955
136270,9,48.97651914003419,265,0.04375,1,1,-7.978389047386024
136390,9,49.35517531897153,268,0.04375,1,1,-7.978968911125944
136510,9,48.94067504438135,268,0.04375,1,1,-7.979337649002282
136630,9,49.27754027880554,271,0.04375,1,1,-7.978378920433575
136760,9,48.84754670283023,271,0.04375,1,1,-7.981758903486046
136880,9,49.50377538728066,252,0.04375,1,1,-7.981529653628667
136990,9,49.34413099247771,252,0.05,1,1,-7.9823295816954944
137120,9,49.1820419318447,252,0.05,1,1,-5.120594723676493
137240,9,49.00746534991759,252,0.05,1,1,-5.174605419237555
137360,9,48.814027146600054,252,0.05,1,1,-5.200803268384788
137480,9,49.22458082200051,254,0.05,1,1,-5.326776212088536
137620,9,48.969398673792455,254,0.00625,1,1,-5.495240476946317
137740,9,49.444559110921176,257,0.00625,1,1,-7.936224047421697
137860,9,49.20118090930838,257,0.00625,1,1,-7.937786101859665
137990,9,48.9650236268605,257,0.00625,1,1,-7.936632204942261
138110,6,49.4213518510277,260,0.00625,1,1,-7.935044922916608
138230,6,49.12318796610703,260,0.00625,1,1,-7.9332339896239015
138360,6,48.828463935767275,260,0.00625,1,1,-7.941281168849859
138480,9,49.308953220129226,263,0.00625,1,1,-7.945944725504986
138600,9,48.93700337911406,263,0.04375,1,1,-7.9453788472794145
138720,9,49.292787468895405,266,0.04375,1,1,-7.978510347157609
138850,9,48.90927056348234,266,0.04375,1,1,-7.9799475663842605
138970,9,49.32440050765385,269,0.04375,1,1,-7.980860668346973
139090,3,49.69784368557854,272,0.04375,1,1,-7.980479661345761
139220,3,49.2933956632913,272,0.04375,1,1,-7.978970110600997
139340,3,49.13894788187664,252,0.04375,1,1,-7.9785243711297245
139450,9,49.69807597516043,255,0.05,1,1,-7.9813653013145265
139580,9,49.53909985139456,255,0.05,1,1,-5.117102189524241
139700,9,49.37575029025605,255,0.05,1,1,-5.156038239361425
139820,9,49.20730750897303,255,0.05,1,1,-5.167350742076815
139940,9,49.693645524910906,258,0.05,1,1,-5.214105590024218
140070,9,49.47056440139794,258,0.05,1,1,-5.266481101141338
140200,9,49.24664042735132,258,0.00625,1,1,-5.833686372046289
140320,9,49.00004260815275,258,0.00625,1,1,-7.9296586762035375
140450,9,48.76938639417721,258,0.00625,1,1,-7.929901618302561
140570,9,49.393295961845574,261,0.00625,1,1,-7.9358184362971445
140690,9,49.15138780006432,261,0.00625,1,1,-7.931778883234091
140810,9,49.666456738661,264,0.00625,1,1,-7.934726707852181
140940,9,49.41905892162058,264,0.00625,1,1,-7.934684950422609
141060,9,49.0742829282378,264,0.04375,1,1,-7.942259943465364
141180,9,49.61530510786425,267,0.04375,1,1,-7.971076141207749
141310,9,49.234346485929,267,0.04375,1,1,-7.978557421701651
141430,9,49.667586871651075,270,0.04375,1,1,-7.97997968081695
141550,9,49.31707705806961,270,0.04375,1,1,-7.980364755021132
141680,9,49.696567932270916,273,0.04375,1,1,-7.979169735111002
141800,9,49.34345961373137,273,0.04375,1,1,-7.978868649521537
141920,9,49.69164696731105,276,0.04375,1,1,-7.978355798116344
142040,9,49.53686493760193,254,0.04375,1,1,-7.979006374082569
142160,9,49.37731844297409,254,0.05,1,1,-7.980507910189084
142280,9,49.219156124519216,254,0.05,1,1,-5.12087740119419
142400,9,49.05895008877805,254,0.05,1,1,-5.173545155617652
142530,8,49.673580946965366,257,0.05,1,1,-5.158461196669294
142650,8,49.509079209184186,257,0.05,1,1,-5.180671320493167
142770,8,49.16025021532629,257,0.05,1,1,-5.185063931107017
142900,9,49.68357464360563,260,0.05,1,1,-5.226144792382388
143030,9,49.43832242641745,260,0.00625,1,1,-6.319241948264027
143150,9,49.2065572315022,260,0.00625,1,1,-7.931102777389277
143270,9,49.68729704080414,263,0.00625,1,1,-7.935497607252721
143400,9,49.43700395675162,263,0.00625,1,1,-7.932077738974915
143520,9,49.195480256671736,263,0.00625,1,1,-7.939242849035603
143640,9,49.69168368413161,266,0.00625,1,1,-7.936681875021428
143770,9,49.4354697794785,266,0.00625,1,1,-7.934590088848243
143890,9,49.15837802637092,266,0.00625,1,1,-7.933205692303793
