sysTime,Action,ChannelUsed,TransJob,CPU,JobFaultProb,RunningJob,ActionQos
170,9,25.2806203141915,26,0.0875,0.0,1,0.0
300,9,7.689641397471606,5,0.1,0.0,1,3.9983473408924026
440,4,1.7763568394002505e-14,0,0.1125,0.0,1,3.9929548887758637
580,8,1.7763568394002505e-14,0,0.1125,0.0,1,3.9690917616229537
720,8,1.7763568394002505e-14,0,0.1125,0.0,1,3.9669015696521748
870,8,1.7763568394002505e-14,0,0.1125,0.0,1,3.9669015696521748
1020,9,1.7763568394002505e-14,0,0.1,0.0,1,3.9669015696521748
1150,8,1.7763568394002505e-14,0,0.1125,0.0,1,3.993829054850769
1300,8,1.7763568394002505e-14,0,0.1125,0.4,1,3.9669015696521748
1440,8,1.7763568394002505e-14,0,0.1125,0.4,1,3.9669015696521748
1590,8,1.7763568394002505e-14,0,0.1125,0.4,1,3.9669015696521748
1730,8,1.7763568394002505e-14,0,0.1125,0.4,1,3.9669015696521748
1870,9,11.111111111111125,4,0.1125,0.8,1,3.9669015696521748
2030,9,38.214496058828736,14,0.1,1,1,-3.9669015696521748
2160,9,36.57718503140683,22,0.1125,1,1,-3.994239986400412
2310,1,45.926349937715464,32,0.1,1,1,-3.9669015696521748
2450,9,43.43401151033063,36,0.1125,1,1,-3.9940051580180214
2600,9,45.582684138081156,35,0.1,1,1,-3.9650261851915283
2730,9,46.566858503727055,39,0.1125,1,1,-3.9926847626851987
2890,9,45.619397748495444,44,0.1,1,1,-3.9545100997871585
3030,9,44.66042419535694,48,0.1,1,1,-3.989717062830942
3170,9,46.54838288558401,54,0.1125,1,1,-3.9915765982902904
3320,9,46.26296154179702,58,0.1,1,1,-3.957184449900725
3460,9,47.07315673392196,62,0.1,1,1,-3.990472856479579
3610,9,48.57904766420669,61,0.1,1,1,-3.9905814706042655
3740,9,47.62246504465908,63,0.1125,1,1,-3.988810194247183
3890,9,48.907465904479714,69,0.1,1,1,-3.945721920979802
4040,9,49.18068708301557,73,0.1,1,1,-3.987228260429769
4180,9,48.042649182289054,69,0.1,1,1,-3.9881821846827936
4330,9,47.093241272097316,71,0.1,1,1,-3.9849947934560292
4460,9,47.953386815824054,75,0.1125,1,1,-3.9830558414670487
4610,9,47.93339534307598,78,0.1,1,1,-3.9378592547018707
4760,9,47.30165043981942,80,0.1,1,1,-3.9857762065209945
4900,9,47.759935828380726,79,0.1,1,1,-3.985698564284384
5030,9,48.12060917682152,81,0.1125,1,1,-3.9873769959314815
5190,9,47.70560663643859,83,0.1,1,1,-3.931051649796729
5320,9,48.57404746058006,87,0.1125,1,1,-3.9796155372567488
5470,9,48.22186281705571,89,0.1,1,1,-3.923931746396132
5620,9,48.05917776944165,91,0.1,1,1,-3.9810227708542225
5760,9,49.062992380402854,95,0.1,1,1,-3.983122185923787
5910,9,48.286992120901864,88,0.1,1,1,-3.9831859072381226
6050,9,47.912953044490386,90,0.1,1,1,-3.984090476640572
6180,9,48.09680915330305,92,0.1125,1,1,-3.977479054756518
6340,9,49.150410288721346,96,0.1,1,1,-3.9190143952761662
6480,9,47.98640989946986,92,0.1,1,1,-3.9810640033954483
6610,9,48.50156735350001,94,0.1125,1,1,-3.9822436626494073
6770,9,48.5711096023838,96,0.1,1,1,-3.9115656982592957
6910,9,48.54553702941925,98,0.1,1,1,-3.9724817824928627
7050,9,49.48790106245782,98,0.1,1,1,-3.9771789506752158
7200,9,48.58264549306126,98,0.1,1,1,-3.978406474596238
7330,9,48.71564749885406,100,0.1125,1,1,-3.9681491154249113
7490,9,48.78019855482335,102,0.1,1,1,-3.894222185969953
7630,9,49.111211838007605,105,0.1,1,1,-3.974229363675808
7760,9,49.17435211646224,107,0.1125,1,1,-3.9740556835716223
7920,9,48.27490226306871,107,0.1,1,1,-3.9127254666550964
8060,9,48.251664147604124,102,0.1,1,1,-3.9809676233642666
8190,9,48.2494946763786,104,0.1125,1,1,-3.979883161084547
8340,9,49.41983649883394,108,0.1125,1,1,-3.9002747716924135
8490,9,48.90848581521676,108,0.1,1,1,-3.8996726433756828
8640,9,48.9612472573996,110,0.1,1,1,-3.969242825891921
8780,9,48.923847426661496,112,0.1,1,1,-3.9684395887949506
8920,9,49.484224698968795,116,0.1,1,1,-3.970460397874234
9070,9,48.79535647999412,116,0.1,1,1,-3.972883057566884
9210,9,49.03227441977224,110,0.1,1,1,-3.9750736675350713
9350,9,48.201821429060466,110,0.1,1,1,-3.9752660692151838
9490,9,49.40998596570667,114,0.1125,1,1,-3.9636117577464387
9640,9,48.757535693136354,114,0.1,1,1,-3.887238084471488
9780,9,48.70110558418751,116,0.1,1,1,-3.96929019401448
9930,9,48.65791580511842,118,0.1,1,1,-3.9741668892774364
10070,9,49.42256107596014,122,0.1,1,1,-3.976791966136253
10220,9,48.66386914214247,115,0.1,1,1,-3.9772226549024245
10350,9,49.013361064550764,117,0.1,1,1,-3.975655367902543
10500,9,48.22231279719624,117,0.1,1,1,-3.741265034694434
10640,9,49.30795145481249,121,0.1125,1,1,-3.9604744923269792
10780,9,48.87434504502315,121,0.1125,1,1,-3.88303989917152
10930,9,49.0260581303014,123,0.1,1,1,-3.8802738935936265
11080,9,49.288708676700104,125,0.1,1,1,-3.963703722432172
11220,9,49.420442792171265,127,0.1,1,1,-3.966335824792279
11360,9,48.773502048651814,127,0.1,1,1,-3.973304844405664
11510,9,48.75920748089761,129,0.1,1,1,-3.9720730357511904
11650,9,49.103647653954056,121,0.1,1,1,-3.9739898783740757
11800,9,48.45515496361634,121,0.1,1,1,-3.975459016843519
11930,9,48.520890554271396,123,0.1125,1,1,-3.9557167026410767
12070,9,48.88781509430374,125,0.1125,1,1,-3.8637081711357815
12230,3,49.3885095321349,128,0.1,1,1,-3.8832031029133804
12370,9,49.445029888300404,130,0.1,1,1,-3.9651542683984107
12510,9,48.77383318812369,130,0.1,1,1,-3.973575462701359
12660,9,48.59335096081362,124,0.1,1,1,-3.9736692188981473
12790,9,49.035746945914894,126,0.1125,1,1,-3.97474752204522
12950,9,48.68416993820177,126,0.1,1,1,-3.852997455890312
13090,9,48.76477702451678,128,0.1,1,1,-3.9550488995503432
13220,9,48.74053584299969,130,0.1125,1,1,-3.956457932686039
13370,9,49.07606012060421,132,0.1125,1,1,-3.86402278314343
13520,9,48.64542919795196,132,0.1,1,1,-3.8730427840495967
13660,7,48.922651019283116,134,0.1,1,1,-3.957781221291919
13810,9,48.95017560442645,136,0.1,1,1,-3.9634887609782603
13950,9,49.0160778734111,129,0.1,1,1,-3.9664358337460066
14080,9,48.66385047261985,129,0.1125,1,1,-3.9712042011360515
14240,9,49.006400275211696,131,0.1,1,1,-3.8368350062118695
14380,9,49.262137401652176,133,0.1,1,1,-3.9565285283073846
14530,9,48.64290148899886,133,0.1,1,1,-3.961070917127961
14670,9,48.750898722243335,130,0.1,1,1,-3.9746078841449877
14800,9,48.945366327719256,132,0.1125,1,1,-3.9730522936853983
14960,9,49.05497712422538,134,0.1,1,1,-3.863287455355263
15100,9,48.5701561340318,134,0.1,1,1,-3.967811058889482
15240,9,48.78173521988217,136,0.1,1,1,-3.966494269676488
15390,9,48.87504721207383,138,0.1,1,1,-3.9669930243365097
15530,9,49.44063018653888,135,0.1,1,1,-3.9716834677827255
15660,9,49.50860583945722,137,0.1125,1,1,-3.9717122725162275
15810,9,48.908972603861535,137,0.1125,1,1,-3.8345741957394033
15950,9,49.175188807114544,139,0.1125,1,1,-3.8438363654502745
16110,9,49.42343880213406,141,0.1,1,1,-3.855030397410189
16250,9,48.82404594515421,141,0.1,1,1,-3.955146144111214
16390,9,49.04923625301989,137,0.1,1,1,-3.9662634313215506
16540,9,49.31407726759347,139,0.1,1,1,-3.972327799645079
16680,9,48.91174145897278,137,0.1,1,1,-3.963304871457269
16810,9,49.08005142750209,139,0.1125,1,1,-3.9720672500977727
16960,9,48.64739935327942,139,0.1125,1,1,-3.7994887986049646
17100,9,49.01548910436168,141,0.1125,1,1,-3.812476727622353
17260,9,48.58036647848713,141,0.1,1,1,-3.8111824866051895
17400,9,48.96750392821454,143,0.1,1,1,-3.959629626382678
17540,9,49.093751458690384,145,0.1,1,1,-3.963812138235261
17690,9,48.57471504979976,145,0.1,1,1,-3.9612213550502196
17830,9,48.83307152965831,147,0.1,1,1,-3.9646605591440673
17970,9,49.02211964497614,140,0.1,1,1,-3.9688312181160743
18110,9,49.344145603039344,142,0.1125,1,1,-3.969536316064892
18250,9,48.83428041113681,142,0.1125,1,1,-3.820218076942004
18390,9,49.11806434335528,144,0.1125,1,1,-3.8316623055043526
18550,9,49.436103496703055,146,0.1,1,1,-3.834903293547261
18690,9,49.55270798710358,148,0.1,1,1,-3.9577467114142664
18840,9,49.138553218149035,148,0.1,1,1,-3.9599452561714172
18980,9,48.70558841287821,148,0.1,1,1,-3.9643298561313185
19120,9,49.551834119221915,152,0.1,1,1,-3.962243009822987
19270,9,49.10645716660274,152,0.1,1,1,-3.9636576181731256
19410,9,48.59150882114152,152,0.1,1,1,-3.9636658477481665
19550,9,48.96434746201513,143,0.1,1,1,-3.964526135746701
19690,9,49.104743134737625,145,0.1125,1,1,-3.968624354857073
19830,9,48.63623932493905,145,0.1125,1,1,-3.80246422911637
19980,9,48.81885156544026,147,0.1125,1,1,-3.8120110885348635
20120,9,49.128794225995534,149,0.1125,1,1,-3.8231321503750735
20270,9,48.770076701549364,149,0.1,1,1,-3.850120312259981
20420,9,49.01869951703927,151,0.1,1,1,-3.955869941854562
20560,9,48.609866866589876,151,0.1,1,1,-3.9572190959757036
20700,5,49.54158468686678,155,0.1,1,1,-3.96377970263091
20850,5,49.04854820495724,155,0.1,1,1,-3.961819331074883
20990,5,48.58993035405841,155,0.1,1,1,-3.962199154600219
21130,9,49.004212161487395,146,0.1,1,1,-3.967457509040785
21270,9,48.57291833247443,146,0.1125,1,1,-3.9654012036975907
21410,9,48.901953268764274,148,0.1125,1,1,-3.784561818131644
21560,9,49.136760912236284,150,0.1125,1,1,-3.810692315011342
21710,1,48.720533328461585,150,0.1,1,1,-3.821661891438848
21850,9,49.53887339240925,154,0.1,1,1,-3.958868222431089
22000,9,49.087349791726574,154,0.1,1,1,-3.9624051130154156
22140,9,48.533952842965704,154,0.1,1,1,-3.9660458475254177
22280,4,49.01122707073245,148,0.1,1,1,-3.9649386913769016
22420,4,48.59358466558168,148,0.1125,1,1,-3.970449865858502
22560,9,48.95013166239698,150,0.1125,1,1,-3.7676187622793376
22700,9,49.16266354805546,152,0.1125,1,1,-3.8055961314373508
22860,9,49.43291267886936,154,0.1,1,1,-3.8083053487783727
23000,9,49.021171687041615,154,0.1,1,1,-3.958433885057718
23150,9,48.60135030137484,154,0.1,1,1,-3.9640586789393684
23290,9,49.525775438190564,158,0.1,1,1,-3.96205220194584
23430,9,49.07340926785685,158,0.1,1,1,-3.9626824012628417
23580,9,48.732508812112066,149,0.1,1,1,-3.9645265591533096
23710,9,49.04152898695108,151,0.1125,1,1,-3.9649943764627253
23850,9,49.386043416748926,153,0.1125,1,1,-3.769740843641447
24000,9,48.93857894996445,153,0.1125,1,1,-3.796462133122407
24140,9,49.27220784232422,155,0.1125,1,1,-3.8076079265127456
24300,9,49.46470809792659,157,0.1,1,1,-3.8163425296511893
24440,9,49.08403968034923,151,0.1,1,1,-3.9422458049994633
24570,9,48.63964559935303,151,0.1125,1,1,-3.966513183543888
24720,9,48.73398073932972,152,0.1125,1,1,-3.7900425644453777
24870,9,49.08738330784425,154,0.1,1,1,-3.8153000669168766
25010,9,48.671016215258696,154,0.1,1,1,-3.9572607233912636
25160,9,49.0032522800757,156,0.1,1,1,-3.9562792575737227
25300,5,49.3283601025648,158,0.1,1,1,-3.9624159657185962
25440,5,49.04014112908137,151,0.1,1,1,-3.9615965545616243
25580,5,48.724373943349526,151,0.1125,1,1,-3.968598508087821
25720,9,49.02645460420758,153,0.1125,1,1,-3.734738438499783
25870,9,48.6136306624387,153,0.1125,1,1,-3.754418438141692
26010,9,48.96430848987692,155,0.1125,1,1,-3.8012346102189656
26160,9,49.10727176376806,157,0.1,1,1,-3.803720321915714
26310,9,48.818200823908505,151,0.1,1,1,-3.962659892018045
26440,9,49.090681718580484,153,0.1125,1,1,-3.96361842793958
26580,9,48.73913716115357,153,0.1125,1,1,-3.7353999099630206
26740,9,49.071070895661165,155,0.1,1,1,-3.7915947358567066
26880,9,48.67908621071257,155,0.1,1,1,-3.9564544036588134
27020,9,48.96206032252095,157,0.1,1,1,-3.9582189579554745
27170,9,49.065482302838355,159,0.1,1,1,-3.9604029130823633
27310,9,48.59038731943827,159,0.1,1,1,-3.964895145884261
27460,9,49.07030352209465,153,0.1,1,1,-3.966309330653425
27590,9,48.75342518000133,153,0.1125,1,1,-3.9664225216079863
27730,9,49.057447668357064,155,0.1125,1,1,-3.745860204437791
27880,9,48.66844648533009,155,0.1125,1,1,-3.7551443824442585
28020,9,48.91630764020399,157,0.1125,1,1,-3.7935813876812876
28170,9,49.04886189158228,159,0.1,1,1,-3.793794260226799
28320,9,48.786993225833164,153,0.1,1,1,-3.9673936592690358
28450,7,49.127900845592514,155,0.1125,1,1,-3.966083522079015
28600,9,49.15220373840397,156,0.1125,1,1,-3.712294423139757
28740,9,48.763227581623404,156,0.1125,1,1,-3.7651516732922867
28890,9,49.02740099213769,158,0.1,1,1,-3.798348101592407
29040,9,49.37596909470982,160,0.1,1,1,-3.9601371857620986
29180,9,49.52061431245459,162,0.1,1,1,-3.9629179085458666
29320,9,49.05723660131788,162,0.1,1,1,-3.963549715500244
29470,9,48.58721338600402,162,0.1,1,1,-3.9651401614368407
29610,9,49.08500755645584,155,0.1,1,1,-3.965703644304175
29740,9,48.767476356985576,155,0.1125,1,1,-3.966115726384022
29890,2,48.85510357786133,156,0.1125,1,1,-3.7338540817124404
30030,9,49.096115545093085,158,0.1125,1,1,-3.755568669776853
30180,9,48.687393274467645,158,0.1125,1,1,-3.759193386676973
30320,9,49.053866386087655,160,0.1125,1,1,-3.796419321975527
30470,9,48.70970102882583,160,0.1,1,1,-3.802090211522567
30620,9,49.01655935777238,162,0.1,1,1,-3.957636124147235
30760,9,48.54086546859719,162,0.1,1,1,-3.9556347908893126
30900,9,48.862813378142874,164,0.1,1,1,-3.9619111442460024
31050,9,49.17961605541044,156,0.1,1,1,-3.96645832110776
31180,9,48.844147045738126,156,0.1125,1,1,-3.967213270206596
31330,9,49.15016316530005,158,0.1,1,1,-3.753893101184854
31480,9,49.44730978686525,160,0.1,1,1,-3.954623064176408
31620,9,49.02082089635244,160,0.1,1,1,-3.9547011186764345
31770,9,48.552015784879664,160,0.1,1,1,-3.960554018498829
31910,9,48.89023489373813,162,0.1,1,1,-3.963184569486565
32050,9,49.240267403618866,157,0.1,1,1,-3.966041060904643
32190,9,48.894243131025114,157,0.1125,1,1,-3.9658811061240384
32330,9,49.152906841027885,159,0.1125,1,1,-3.7165431857966063
32470,9,48.80768932836626,159,0.1125,1,1,-3.7726052238999506
32630,9,49.126272661090645,161,0.1,1,1,-3.7777718751946416
32770,9,48.76025708401207,161,0.1,1,1,-3.9557537752712966
32920,9,49.023687657601826,163,0.1,1,1,-3.9555946107219593
33060,9,49.04214681344235,164,0.1,1,1,-3.957966648408243
33200,9,48.53841689036595,164,0.1,1,1,-3.963097326469443
33350,9,49.12048150401421,157,0.1,1,1,-3.965519463350822
33480,9,48.88609683220546,157,0.1125,1,1,-3.9680395500149315
33620,9,49.26214657086459,159,0.1125,1,1,-3.6787009616159376
33770,9,48.91884767389044,159,0.1125,1,1,-3.6838998273109413
33910,9,49.2770373225872,161,0.1125,1,1,-3.6932129090177024
34060,9,49.52497438528628,163,0.1,1,1,-3.771091752498851
34210,9,49.123505458731216,163,0.1,1,1,-3.939324694403139
34350,9,48.89745498984082,156,0.1,1,1,-3.9558243892845018
34490,9,49.27516172829064,158,0.1125,1,1,-3.9612147596085028
34630,9,48.98975006136932,158,0.1125,1,1,-3.6740279877598283
34770,9,49.26091827669223,160,0.1125,1,1,-3.6843956381328655
34920,9,49.52543435055669,162,0.1125,1,1,-3.7325325796743343
35060,9,49.15650305138278,162,0.1125,1,1,-3.736179970403894
35200,9,48.800834630025705,162,0.1125,1,1,-3.7625745215354667
35360,9,49.04503119312133,164,0.1,1,1,-3.7844843116102544
35500,9,48.60203659820756,164,0.1,1,1,-3.956897771552112
35650,9,48.91655982001627,166,0.1,1,1,-3.962848702720446
35790,9,49.22346401397168,158,0.1,1,1,-3.9643631798326386
35920,9,49.52658702687013,160,0.1125,1,1,-3.965624527556352
36070,9,49.22834609467422,160,0.1125,1,1,-3.739908899806459
36210,9,48.939626632654296,160,0.1125,1,1,-3.7350682718795873
36350,9,49.153738685204296,162,0.1125,1,1,-3.742294218043614
36500,9,48.89468988767914,162,0.1125,1,1,-3.7351274652723063
36650,9,49.15494404451221,164,0.1,1,1,-3.7873921807684368
36790,9,49.43543793731647,166,0.1,1,1,-3.9428493325452703
36940,9,48.96556704379589,166,0.1,1,1,-3.9566989142741766
37080,9,49.27255345946353,159,0.1,1,1,-3.963089361709798
37220,9,48.975635491050745,159,0.1125,1,1,-3.966106410618686
37360,9,49.25494828099707,161,0.1125,1,1,-3.7176161972340416
37500,9,48.949203047064515,161,0.1125,1,1,-3.741324320462296
37650,9,49.16930333331585,163,0.1125,1,1,-3.7359465639373157
37790,9,49.435110549727426,165,0.1125,1,1,-3.7476459973654417
37940,9,49.208503797770746,159,0.1,1,1,-3.78188482522249
38080,9,48.95061614725515,159,0.1125,1,1,-3.964177077647439
38220,9,49.25750399725481,161,0.1125,1,1,-3.674707819158935
38360,9,48.94491532188006,161,0.1125,1,1,-3.7085313514679665
38510,9,49.23005774260268,163,0.1125,1,1,-3.724917496961994
38650,9,48.88482723922832,163,0.1125,1,1,-3.7523149323419855
38810,9,49.110434603182085,165,0.1,1,1,-3.744302398328506
38950,9,48.69490966318253,165,0.1,1,1,-3.955755239855231
39090,2,48.686088603898384,166,0.1,1,1,-3.9605728558645743
39240,9,49.53245164468567,170,0.1,1,1,-3.9623503429068965
39380,9,49.06152277335368,170,0.1,1,1,-3.9644219704935053
39520,9,48.78896767305408,159,0.1,1,1,-3.9659929278623576
39660,9,49.18603173933462,161,0.1125,1,1,-3.9661709913709506
39800,9,48.90854668348482,161,0.1125,1,1,-3.7218866380263704
39950,9,49.22250295670476,163,0.1125,1,1,-3.7246035721485176
40090,9,48.92092550981562,163,0.1125,1,1,-3.726078264446892
40230,9,49.202668256369556,165,0.1125,1,1,-3.7379549050164615
40380,9,48.85970689016629,165,0.1125,1,1,-3.7447046828753017
40520,9,49.104629866008395,167,0.1125,1,1,-3.755706016063697
40660,9,49.47687340337283,169,0.1125,1,1,-3.77090272431795
40820,9,49.13089351087981,169,0.1,1,1,-3.7936053085133756
40960,9,48.726557919490865,169,0.1,1,1,-3.9469912459780034
41100,9,49.02176826920374,171,0.1,1,1,-3.9558395422758945
41250,9,48.53539009206947,171,0.1,1,1,-3.961452712222049
41390,9,49.10650355541238,160,0.1,1,1,-3.962093215854784
41530,9,49.47849894739313,162,0.1125,1,1,-3.9670822608316785
41670,9,49.181576830197535,162,0.1125,1,1,-3.692969515657862
41810,9,48.82034604359887,162,0.1125,1,1,-3.728065291695706
41970,9,49.06486813837247,164,0.1,1,1,-3.741327374758152
42110,9,48.62733256319502,164,0.1,1,1,-3.9574799117533
42250,9,48.95982592658417,166,0.1,1,1,-3.961980506074872
42400,2,48.82388921268267,167,0.1,1,1,-3.963983136863184
42540,9,49.238139078228194,161,0.1,1,1,-3.963450069706149
42670,9,48.987993532677784,161,0.1125,1,1,-3.9668683203976247
42820,9,49.27572535330496,163,0.1125,1,1,-3.689251780579124
42960,9,49.04242127828207,163,0.1125,1,1,-3.7008936503418917
43120,9,48.58896981139975,163,0.1,1,1,-3.72355198943794
43250,9,49.01333620607417,165,0.1125,1,1,-3.937171227820068
43400,9,49.39186847349391,167,0.1,1,1,-3.8183362295170538
43550,9,49.0128062662082,167,0.1,1,1,-3.957304770232665
43690,9,48.59828860635714,167,0.1,1,1,-3.959471088413626
43830,9,48.88982278850293,169,0.1,1,1,-3.959231955602708
43980,5,49.27575396320122,161,0.1,1,1,-3.9622715055874553
44110,5,48.99817590147752,161,0.1125,1,1,-3.967128807489137
44260,9,49.26646424616815,163,0.1125,1,1,-3.679774712325251
44400,9,49.53377339123396,165,0.1125,1,1,-3.72615599951974
44540,9,49.21704340230057,165,0.1125,1,1,-3.7347864081379423
44690,9,48.88911620382024,165,0.1125,1,1,-3.754226163562826
44830,9,49.08377680573524,167,0.1125,1,1,-3.755047738304474
44970,9,48.80358506376937,167,0.1125,1,1,-3.7621094247665026
45130,9,49.082975710254644,169,0.1,1,1,-3.8074445697504284
45270,9,49.428024003629936,171,0.1,1,1,-3.94674159426534
45410,9,49.01477636496729,171,0.1,1,1,-3.9598054845250132
45560,9,48.74405085827444,160,0.1,1,1,-3.9583547524865996
45690,9,49.16211547472475,162,0.1125,1,1,-3.962171560912499
45840,9,48.86153755323129,162,0.1125,1,1,-3.7202946859406545
45980,8,49.12543106733339,164,0.1125,1,1,-3.727903923442189
46130,8,48.727994176788805,164,0.1,1,1,-3.743987865925642
46280,9,49.54163390132236,168,0.1,1,1,-3.9582229196690495
46420,9,49.22863586157603,162,0.1,1,1,-3.96087431352441
46550,9,48.91528705136679,162,0.1125,1,1,-3.965866885098427
46700,9,49.16794924362868,164,0.1125,1,1,-3.7525881090879842
46840,9,48.796648187697166,164,0.1125,1,1,-3.752821648689766
46990,9,49.225766087706106,162,0.1,1,1,-3.7747492176324946
47130,9,48.99247177757865,162,0.1125,1,1,-3.9584898690373183
47270,9,49.29088655562478,164,0.1125,1,1,-3.6895448636934893
47420,9,48.98782862783346,164,0.1125,1,1,-3.6826454640833353
47560,9,49.24122758272374,166,0.1125,1,1,-3.711785079634685
47700,9,49.5218214770105,168,0.1125,1,1,-3.7457582300333025
47850,9,49.19603321989177,168,0.1125,1,1,-3.7498352126544217
47990,9,48.775745606942955,168,0.1125,1,1,-3.7553076471683706
48130,9,49.095502827715904,170,0.1125,1,1,-3.760795968631838
48290,9,48.72798782432951,170,0.1,1,1,-3.8066083816486818
48430,9,49.03493946526613,172,0.1,1,1,-3.9573924495776502
48580,9,49.3828968525571,174,0.1,1,1,-3.9581165947247916
48720,9,49.10094860090863,162,0.1,1,1,-3.961068075727828
48850,9,48.81330158154823,162,0.1125,1,1,-3.962955498632986
49000,7,49.04868034989009,164,0.1125,1,1,-3.729754366017606
49140,7,48.71193037034653,164,0.1125,1,1,-3.734292304199292
49290,9,49.071600371960415,166,0.1,1,1,-3.8079704896432185
49440,9,49.42686828679963,168,0.1,1,1,-3.954775339821091
49580,9,49.05843158269268,168,0.1,1,1,-3.956924939798918
49720,9,48.63476449498825,168,0.1,1,1,-3.957471246490993
49870,9,48.85547995837422,161,0.1,1,1,-3.958208166953157
50000,9,49.2456273456727,163,0.1125,1,1,-3.9629739568951883
50150,9,48.98630990781899,163,0.1125,1,1,-3.6838750451020483
50290,9,49.23693432915992,165,0.1125,1,1,-3.696302622510973
50430,9,48.926123285021,165,0.1125,1,1,-3.709895278536638
50580,9,49.18690151129173,167,0.1125,1,1,-3.7522802272140123
50720,9,48.831841781444325,167,0.1125,1,1,-3.7511208048784077
50870,9,49.12736078041558,169,0.1,1,1,-3.7668188613553837
51020,9,48.78254979501421,169,0.1,1,1,-3.9568329711545296
51160,9,49.023880907733826,171,0.1,1,1,-3.9566613745561074
51300,9,48.58591044236662,171,0.1,1,1,-3.9557078878313736
51450,9,49.503694422008635,175,0.1,1,1,-3.96380554460466
51590,9,49.23037813346405,163,0.1,1,1,-3.964013757412053
51730,9,48.94605220645551,163,0.1125,1,1,-3.967186132313802
51870,9,49.22460046679914,165,0.1125,1,1,-3.7225430756758717
52010,9,48.74567387352031,165,0.1125,1,1,-3.7316684823848005
52160,9,49.101066885248166,167,0.1125,1,1,-3.7485017547971182
52310,9,49.444800548564295,169,0.1,1,1,-3.8262829181080678
52450,9,49.07307629497374,169,0.1,1,1,-3.9553249239062285
52600,9,48.66939885265843,169,0.1,1,1,-3.956314804610152
52740,9,48.98414101878959,171,0.1,1,1,-3.9585311247771924
52890,9,49.09095130719371,173,0.1,1,1,-3.9613983777538406
53030,9,48.84911607585433,163,0.1,1,1,-3.96303496746655
53160,9,49.22601860381088,165,0.1125,1,1,-3.965332869724752
53310,8,49.52998886366469,167,0.1125,1,1,-3.6921897465591145
53450,8,49.180194246083076,167,0.1125,1,1,-3.712860457734088
53600,8,48.82849935337643,167,0.1,1,1,-3.731042056265161
53750,9,49.12867177945933,169,0.1,1,1,-3.9562631342317593
53890,9,48.7648540072876,169,0.1,1,1,-3.9564707474647878
54030,9,49.07094852218325,171,0.1,1,1,-3.9563580957477273
54180,9,49.41271269987239,173,0.1,1,1,-3.9577446498445705
54320,9,49.52994191274325,175,0.1,1,1,-3.95932869420252
54470,9,49.07384326786367,175,0.1,1,1,-3.9604344623096917
54610,9,48.60660613664938,175,0.1,1,1,-3.9661352886226844
54750,9,49.08538410856833,165,0.1,1,1,-3.9652385982797993
54890,9,48.777302033554705,165,0.1125,1,1,-3.965944380305562
55030,9,49.14333141923282,167,0.1125,1,1,-3.7401491396180475
55170,9,48.905818611875965,167,0.1125,1,1,-3.7492623116198707
55330,9,49.15400566410564,169,0.1,1,1,-3.7527540899022265
55470,9,48.76287987465049,169,0.1,1,1,-3.9381824502360785
55620,9,49.056950847710944,171,0.1,1,1,-3.9573205991837668
55760,9,48.664913918605166,171,0.1,1,1,-3.960327464715268
55900,9,48.880499040895565,164,0.1,1,1,-3.9605106790430584
56040,9,49.2347980671391,166,0.1125,1,1,-3.96040749181725
56180,9,49.534871312736364,168,0.1125,1,1,-3.678127226942645
56320,9,49.18814662159775,168,0.1125,1,1,-3.717569143400484
56480,9,48.81808755109873,168,0.1,1,1,-3.7292578791668185
56620,9,49.04572358098856,170,0.1,1,1,-3.9559229707588672
56760,9,48.80171319626951,164,0.1,1,1,-3.9583682533494353
56900,9,49.18395563019745,166,0.1125,1,1,-3.963368361835363
57040,9,48.890419232578026,166,0.1125,1,1,-3.6945211774270494
57190,9,49.1929004113689,168,0.1125,1,1,-3.7309848764531335
57330,9,48.8555649222615,168,0.1125,1,1,-3.738807820624704
57480,9,49.12106758894519,170,0.1,1,1,-3.753222478957226
57630,9,48.722262610201646,170,0.1,1,1,-3.9548445611961967
57770,9,49.01346700173665,172,0.1,1,1,-3.958391378473097
57910,9,48.58946506066625,172,0.1,1,1,-3.9609905934715024
58060,9,49.149449576070126,165,0.1,1,1,-3.962592516952491
58190,9,48.92536663568109,165,0.1125,1,1,-3.9629990949629215
58330,9,49.29224016297273,167,0.1125,1,1,-3.671053563029691
58480,9,49.063032506406124,167,0.1125,1,1,-3.6715984546172677
58620,9,48.767131725368365,167,0.1125,1,1,-3.6789606805537303
58770,9,49.14004309196307,169,0.1125,1,1,-3.677845849637615
58910,9,48.81579097387356,169,0.1125,1,1,-3.7405730432258135
59050,9,49.13974351110298,171,0.1125,1,1,-3.751931272291603
59210,9,48.79007355452845,171,0.1,1,1,-3.7598425578226764
59350,9,49.08276743086751,173,0.1,1,1,-3.9544399533283467
59490,9,49.414066737822175,175,0.1,1,1,-3.9562494363747756
59640,9,48.95123937724,175,0.1,1,1,-3.959271749158
59780,9,49.303320863866844,165,0.1,1,1,-3.961185337579027
59920,9,49.066208582962126,165,0.1125,1,1,-3.965668990847229
60060,9,48.78919195629575,165,0.1125,1,1,-3.67945546763938
60200,9,49.14008882166026,167,0.1125,1,1,-3.6869908138020837
60350,9,49.45947538249998,169,0.1125,1,1,-3.7256860034789616
60490,9,49.11570080849175,169,0.1125,1,1,-3.758286526097324
60640,9,48.70761601080607,169,0.1,1,1,-3.7780975636089216
60790,9,49.00160305735698,171,0.1,1,1,-3.955590414992159
60930,9,48.546524555686396,171,0.1,1,1,-3.9617589184885023
61070,9,49.118139569186056,164,0.1,1,1,-3.9629992538012635
61210,9,48.85551753005461,164,0.1125,1,1,-3.965172243528182
61350,9,49.19965074101708,166,0.1125,1,1,-3.685592778689905
61500,9,48.87485449443174,166,0.1125,1,1,-3.7129945563146878
61640,9,49.13836434798081,168,0.1125,1,1,-3.737410894910362
61790,9,49.426225691005776,170,0.1,1,1,-3.760181249441219
61940,9,48.996376906105496,170,0.1,1,1,-3.9575149398966687
62080,9,49.08258210572465,172,0.1,1,1,-3.9633957904850257
62220,9,49.47245557546608,166,0.1,1,1,-3.96343176608379
62360,9,49.19761726027128,166,0.1125,1,1,-3.9661974193383833
62500,9,48.91088415556591,166,0.1125,1,1,-3.7192674226150393
62640,9,49.180105772777736,168,0.1125,1,1,-3.723845430149753
62800,9,48.84271531538889,168,0.1,1,1,-3.733575963557844
62940,9,49.127017359041815,170,0.1,1,1,-3.954667610369296
63090,9,49.43620054202573,172,0.1,1,1,-3.9548510475627117
63230,9,49.03038380703047,172,0.1,1,1,-3.9572103547274233
63370,9,48.64887712648854,164,0.1,1,1,-3.960714019303106
63520,7,49.01011487225413,166,0.1,1,1,-3.961574351024424
63660,9,49.394615861671376,168,0.1,1,1,-3.9594594884542524
63800,9,48.97650715284481,168,0.1,1,1,-3.960173630985204
63950,9,49.12871470157648,170,0.1,1,1,-3.9585802266314025
64090,9,49.41563599368709,172,0.1,1,1,-3.962550845350232
64240,9,48.951171372570215,172,0.1,1,1,-3.9624184926189128
64380,9,49.3037002744483,167,0.1,1,1,-3.9644002083739123
64510,9,49.06287975004919,167,0.1125,1,1,-3.965771843363284
64660,9,48.786534643481815,167,0.1125,1,1,-3.6789709416113285
64800,9,49.15002353003804,169,0.1125,1,1,-3.6910887538923847
64940,9,48.812126832644374,169,0.1125,1,1,-3.725121500214996
65100,9,49.11409746507117,171,0.1,1,1,-3.7510177548098937
65240,9,48.70238213416704,171,0.1,1,1,-3.9549106866701416
65380,9,48.982815473422974,173,0.1,1,1,-3.957139656880625
65530,9,49.31726472652598,167,0.1,1,1,-3.962050161543066
65660,9,49.06284329938405,167,0.1125,1,1,-3.964188271131575
65810,9,48.81013516119358,167,0.1125,1,1,-3.679561658553712
65950,9,49.19567275697761,169,0.1125,1,1,-3.7051654589636285
66090,9,48.81204478226238,169,0.1125,1,1,-3.703469979628615
66250,9,49.08151968768654,171,0.1,1,1,-3.724406074345779
66390,9,49.4106460883873,173,0.1,1,1,-3.9596546104798476
66530,9,49.5547878725648,175,0.1,1,1,-3.9602723050464217
66680,9,49.3150950287921,167,0.1,1,1,-3.9617168792224224
66810,9,49.058238816733905,167,0.1125,1,1,-3.962102405695429
66950,9,49.463680395424085,169,0.1125,1,1,-3.6898550250767723
67100,9,49.1111720431726,169,0.1125,1,1,-3.7075386270505852
67250,9,48.758628477730035,169,0.1,1,1,-3.7151417042613932
67400,9,49.08355219406089,171,0.1,1,1,-3.9565589438304656
67540,9,48.613373880949645,171,0.1,1,1,-3.956562752589363
67680,9,49.13710725680832,166,0.1,1,1,-3.9578368247693687
67820,9,49.49103387798514,168,0.1125,1,1,-3.9661252057684075
67960,9,49.16556500955613,168,0.1125,1,1,-3.697262024293624
68100,9,48.792398023187985,168,0.1125,1,1,-3.730024087754042
68260,9,49.06931719400534,170,0.1,1,1,-3.7605984401388266
68400,9,48.64340473073923,170,0.1,1,1,-3.958671073800215
68550,9,49.15134502055635,166,0.1,1,1,-3.96057613273233
68680,9,48.88486382722873,166,0.1125,1,1,-3.963141771342135
68820,9,49.22193919807648,168,0.1125,1,1,-3.696330606289662
68970,9,48.929958887831674,168,0.1125,1,1,-3.7165229244413838
69110,9,49.17557965692191,170,0.1125,1,1,-3.7301565445088705
69260,9,49.469208622717595,172,0.1,1,1,-3.737631389711638
69410,9,49.08773026347143,172,0.1,1,1,-3.956158712451867
69550,9,48.67677417192755,172,0.1,1,1,-3.9583487101976886
69690,9,49.00859081681062,174,0.1,1,1,-3.9594568688409306
69840,9,48.56914087017725,174,0.1,1,1,-3.9619896770330882
69980,9,48.87957079419646,176,0.1,1,1,-3.9613678683704756
70130,9,49.25449742679964,167,0.1,1,1,-3.9641174771719894
70260,9,49.01424135433085,167,0.1125,1,1,-3.9669740876082367
70400,9,48.70920414615196,167,0.1125,1,1,-3.698217065138529
70550,9,49.11275068971193,169,0.1125,1,1,-3.6904725649158974
70690,7,49.43022859896435,171,0.1125,1,1,-3.747151669903309
70840,7,49.026625917729596,171,0.1,1,1,-3.7529635227291225
70990,7,48.59583125466495,171,0.1,1,1,-3.9606424363523893
71130,9,49.130914999815715,166,0.1,1,1,-3.961392194629067
71270,9,48.890150515374884,166,0.1125,1,1,-3.9635006668588857
71410,9,49.22374643338681,168,0.1125,1,1,-3.695579701746994
71550,9,48.91968067013376,168,0.1125,1,1,-3.6910276973737406
71700,9,49.20836665480548,170,0.1125,1,1,-3.7305944154075474
71840,9,48.85015553336584,170,0.1125,1,1,-3.7464698970148023
71990,9,49.13937114057593,172,0.1,1,1,-3.751579369383343
72140,9,48.70904040883026,172,0.1,1,1,-3.9571661047949176
72280,9,49.18895735698068,166,0.1,1,1,-3.956240301846675
72410,9,48.94333288757605,166,0.1125,1,1,-3.9634669101738402
72560,9,49.26125187737915,168,0.1125,1,1,-3.687181887367585
72700,9,49.02704125659149,168,0.1125,1,1,-3.696226401545632
72860,9,49.46724214058778,170,0.1,1,1,-3.7188795162028567
73000,9,49.085747983939314,170,0.1,1,1,-3.9373920681525565
73140,9,48.71069948208323,170,0.1,1,1,-3.9352621429378316
73290,9,49.004127954111844,172,0.1,1,1,-3.9594583300887596
73430,2,49.03583577529424,173,0.1,1,1,-3.9588519829086364
73570,2,48.581797671547776,173,0.1,1,1,-3.9629124201750794
73720,9,49.132981367456296,165,0.1,1,1,-3.9648624005794852
73850,9,48.89734284137947,165,0.1125,1,1,-3.9651042665069665
73990,9,49.24836685341062,167,0.1125,1,1,-3.686535143656871
74140,9,48.803338159612345,167,0.1125,1,1,-3.6853289647455725
74280,9,49.13360926186287,169,0.1125,1,1,-3.7120095626318164
74440,9,48.73795094346244,169,0.1,1,1,-3.8155166641817186
74580,9,49.053327746668494,171,0.1,1,1,-3.954512029493333
74720,9,48.61505474193381,171,0.1,1,1,-3.9607219527996054
74870,9,49.15996878783043,165,0.1,1,1,-3.959848717661492
75000,9,48.93009479756285,165,0.1125,1,1,-3.9640350235971007
75140,9,49.290976142708935,167,0.1125,1,1,-3.6721167159857715
75290,9,49.043159973648564,167,0.1125,1,1,-3.6786392125706504
75430,9,48.78976150479663,167,0.1125,1,1,-3.682894957953908
75580,9,49.201365698050616,169,0.1125,1,1,-3.6985087573592095
75720,1,48.93922037440592,169,0.1125,1,1,-3.70415570524775
75860,6,49.267184435887664,171,0.1125,1,1,-3.711248335592592
76010,6,48.98119643770263,171,0.1125,1,1,-3.712551966724905
76150,9,49.28091246037217,173,0.1125,1,1,-3.7118176573577712
76300,9,49.51905504247147,175,0.1,1,1,-3.732988754486325
76450,9,49.11456659029874,175,0.1,1,1,-3.9442503305556453
76590,9,48.682027301687754,175,0.1,1,1,-3.9576653084399958
76730,9,49.18659779876139,164,0.1,1,1,-3.961465306779742
76870,9,48.95340138704031,164,0.1125,1,1,-3.9636269666596786
77010,9,49.300381799102375,166,0.1125,1,1,-3.67595822828175
77160,9,49.06660762144521,166,0.1125,1,1,-3.68253230890015
77300,9,48.82406243999739,166,0.1125,1,1,-3.683989820129389
77440,9,49.198261275170935,168,0.1125,1,1,-3.6831988449249877
77590,9,49.51804147309215,170,0.1125,1,1,-3.6929549765750918
77730,9,49.209489899370695,170,0.1125,1,1,-3.727420985683289
77870,9,48.8581739681892,170,0.1125,1,1,-3.7303369487901246
78020,9,49.22225945488964,172,0.1125,1,1,-3.749584260940057
78170,9,48.88109517250457,172,0.1,1,1,-3.7754801012336947
78310,9,49.153099423080995,174,0.1,1,1,-3.94498855077989
78460,9,49.447618533612946,176,0.1,1,1,-3.9552914184768837
78600,9,49.005603099903425,176,0.1,1,1,-3.9562427945425123
78750,9,48.54339439355331,176,0.1,1,1,-3.960747696127723
78890,9,49.11282539931605,163,0.1,1,1,-3.96429569869186
79020,9,49.48753573932756,165,0.1125,1,1,-3.9656299387743124
79170,9,49.17329361540903,165,0.1125,1,1,-3.6899664976812336
79310,9,48.83467395500556,165,0.1125,1,1,-3.7159704906533473
79450,9,49.143015804476796,167,0.1125,1,1,-3.7534141841249062
79610,9,48.74639419154132,167,0.1,1,1,-3.768439362271339
79750,8,49.04685679032804,169,0.1,1,1,-3.955047241214995
79900,9,49.397607594176044,171,0.1,1,1,-3.9608046412400526
80040,9,48.98381708675272,171,0.1,1,1,-3.9607500458197245
80180,9,49.09616472658095,173,0.1,1,1,-3.96127906986425
80330,9,49.48864830203627,165,0.1,1,1,-3.962214356578998
80460,9,49.22123678819119,165,0.1125,1,1,-3.9649833065351143
80600,9,48.938567415819975,165,0.1125,1,1,-3.697357432845124
80750,9,49.128823250232045,167,0.1125,1,1,-3.717359250532226
80890,9,49.46440629095806,169,0.1125,1,1,-3.730338088747616
81040,9,49.06187229868739,169,0.1,1,1,-3.7982784002329484
81190,9,48.58491925541314,169,0.1,1,1,-3.954436067329305
81330,9,49.12421215881034,164,0.1,1,1,-3.9613035596204886
81470,9,48.87122050397284,164,0.1125,1,1,-3.9665332957306916
81610,9,49.22626369219748,166,0.1125,1,1,-3.6975208645179674
81750,9,48.94002599671893,166,0.1125,1,1,-3.703752027115719
81900,9,49.24233458638601,168,0.1125,1,1,-3.721454815167362
82040,9,48.836941123261,168,0.1125,1,1,-3.733185857769236
82180,9,49.101360352160405,170,0.1125,1,1,-3.7334444071613087
82340,9,48.660285076136255,170,0.1,1,1,-3.800744062797945
82480,8,49.171457840566426,164,0.1,1,1,-3.9594796315133554
82610,8,48.87576869671275,164,0.1125,1,1,-3.9642306257996274
82760,9,49.190698562238865,166,0.1125,1,1,-3.682436180745235
82900,9,48.81898650464844,166,0.1125,1,1,-3.7404161201158086
83060,9,49.077011580215284,168,0.1,1,1,-3.7503291785806985
83200,9,49.42379341256923,170,0.1,1,1,-3.9585299371435942
83340,9,48.99352812795322,170,0.1,1,1,-3.9609302233956405
83490,9,49.12535061720247,172,0.1,1,1,-3.9587009484273925
83630,0,48.90046029113087,164,0.1,1,1,-3.9634621422809526
83760,9,49.27026836302856,166,0.1125,1,1,-3.9632467070154553
83910,9,49.00655760337261,166,0.1125,1,1,-3.672600179976596
84050,9,48.73601311337577,166,0.1125,1,1,-3.6913355844207194
84200,7,49.15948891117153,168,0.1125,1,1,-3.713999731909894
84340,7,48.88188918545368,168,0.1125,1,1,-3.7201360851683565
84480,9,49.20941821013783,170,0.1125,1,1,-3.7271223421949315
84630,9,49.49010570640669,172,0.1125,1,1,-3.7261740994498465
84780,9,49.05978584268344,172,0.1,1,1,-3.7388884732748013
84920,9,48.57770373033056,172,0.1,1,1,-3.957005017354029
85070,9,49.50894854004768,176,0.1,1,1,-3.963466118526493
85210,9,49.28632096259824,165,0.1,1,1,-3.9668346807881116
85340,9,49.057137913259425,165,0.1125,1,1,-3.966280523546163
85490,9,48.79754719802483,165,0.1125,1,1,-3.669775832505001
85630,9,49.152124323714645,167,0.1125,1,1,-3.677816469554854
85780,9,48.782174495506275,167,0.1125,1,1,-3.710154371014345
85930,9,49.07546273134695,169,0.1,1,1,-3.7528903962288713
86070,9,49.398087063129495,171,0.1,1,1,-3.958357517591016
86220,9,48.936438643774096,171,0.1,1,1,-3.959622886102402
86360,9,49.05186983435464,164,0.1,1,1,-3.9634257827431916
86490,9,48.79753204732669,164,0.1125,1,1,-3.9655944814338673
86640,9,49.19109291154244,166,0.1125,1,1,-3.6891902418407314
86780,9,48.8790554125791,166,0.1125,1,1,-3.7050831828107205
86930,9,49.14169596230196,168,0.1,1,1,-3.723537392091925
87080,9,48.7421275677428,168,0.1,1,1,-3.951619437817189
87220,9,49.02026256681761,170,0.1,1,1,-3.957363677915514
87370,9,49.454271012365304,165,0.1,1,1,-3.961055136413194
87500,9,49.193937535337845,165,0.1125,1,1,-3.9627481841939147
87640,9,48.92222687612778,165,0.1125,1,1,-3.698855976348909
87790,9,49.246074139312455,167,0.1125,1,1,-3.7108560118044958
87930,9,49.521368709391844,169,0.1125,1,1,-3.7211543742343793
88070,9,49.16914633858386,169,0.1125,1,1,-3.723911185875416
88230,9,48.80159395237701,169,0.1,1,1,-3.7590556522237635
88370,9,49.068487809816126,171,0.1,1,1,-3.9565279833285785
88520,9,48.66507497808167,171,0.1,1,1,-3.9581203176123845
88660,9,48.96737575748777,173,0.1,1,1,-3.9609975634169428
88800,9,49.055520690067894,175,0.1,1,1,-3.9613764828894897
88950,9,48.831625529529816,164,0.1,1,1,-3.964108690887334
89080,9,49.25579548597624,166,0.1125,1,1,-3.9670340236840027
89220,9,49.01715621598091,166,0.1125,1,1,-3.671364518898541
89370,9,49.44951299237219,168,0.1125,1,1,-3.672645488469232
89510,9,49.16557135019478,168,0.1125,1,1,-3.688692591614419
89650,9,48.87260471910587,168,0.1125,1,1,-3.7064675658581385
89800,9,49.084649330923426,170,0.1125,1,1,-3.731361158444274
89950,9,48.63285502655546,170,0.1,1,1,-3.738378430961305
90100,9,49.16711554687331,164,0.1,1,1,-3.9622533282056556
90230,9,48.90446833600636,164,0.1125,1,1,-3.964956604548241
90370,9,49.04504078978003,166,0.1125,1,1,-3.6730621243082866
90520,9,48.688405722300985,166,0.1125,1,1,-3.713017884390324
90670,9,49.063476001380195,168,0.1,1,1,-3.8229938311091147
90810,9,49.43283325064344,170,0.1,1,1,-3.957000229032278
90960,9,49.07212453249704,170,0.1,1,1,-3.9566759399902827
91100,9,48.68014534582951,170,0.1,1,1,-3.9551101950733787
91250,9,49.03278925420952,172,0.1,1,1,-3.9574260299423973
91390,9,48.65982097837771,172,0.1,1,1,-3.9604024311366484
91530,9,48.98649627645942,174,0.1,1,1,-3.959376238430412
91680,9,49.07786031911968,176,0.1,1,1,-3.9586518620416995
91820,9,48.84285475095203,164,0.1,1,1,-3.9625323165909214
91950,9,49.250684179016964,166,0.1125,1,1,-3.966217491500322
92100,9,49.00753275943384,166,0.1125,1,1,-3.6846092896933578
92240,9,48.75875476852175,166,0.1125,1,1,-3.6846360455488334
92380,9,49.174364724980414,168,0.1125,1,1,-3.693605131165362
92530,9,48.90549218154229,168,0.1125,1,1,-3.6994985424782407
92670,9,49.22635563864237,170,0.1125,1,1,-3.72310472202817
92820,9,48.87748943432247,170,0.1125,1,1,-3.7186617334224716
92970,9,49.13963752007355,172,0.1,1,1,-3.733939670054659
93110,9,49.4467952553641,174,0.1,1,1,-3.956160886653437
93260,9,49.05835324036595,174,0.1,1,1,-3.9575044353459625
93400,9,48.6566579585845,174,0.1,1,1,-3.959720372775443
93540,9,49.53617220062947,178,0.1,1,1,-3.960089581348801
93690,9,49.281853294465364,165,0.1,1,1,-3.9612336710796114
93820,9,49.01869573310393,165,0.1125,1,1,-3.964607204206053
93960,9,48.749627278947436,165,0.1125,1,1,-3.705064602865184
94110,9,49.15739163614619,167,0.1125,1,1,-3.7134899556402834
94250,9,48.85714210869919,167,0.1125,1,1,-3.7188353778897993
94400,9,49.18937109025756,169,0.1125,1,1,-3.733697010717473
94540,9,48.850643452508464,169,0.1125,1,1,-3.743751374357476
94690,9,49.105661094308736,171,0.1,1,1,-3.7454987796152386
94840,9,49.49915411141196,165,0.1,1,1,-3.955008195499616
94970,9,49.25258060754041,165,0.1125,1,1,-3.959644160446838
95110,9,48.970680878553274,165,0.1125,1,1,-3.6817996126841805
95260,9,49.25034283175611,167,0.1125,1,1,-3.697219325737806
95400,9,49.50956976460567,169,0.1125,1,1,-3.7297149879147455
95560,9,49.13330993259662,169,0.1,1,1,-3.7377845381959562
95700,9,48.74562364035028,169,0.1,1,1,-3.956699327147846
95840,9,49.01034445513816,171,0.1,1,1,-3.9589675044675885
95990,9,48.53624569858168,171,0.1,1,1,-3.9600220068136194
96130,9,49.06108300696231,164,0.1,1,1,-3.9635992291965425
96260,9,48.70775833920196,164,0.1125,1,1,-3.966362773385229
96420,9,49.05092660521623,166,0.1,1,1,-3.7348478171150044
96560,9,48.65725544009905,166,0.1,1,1,-3.956647045518875
96700,9,48.981895677835944,168,0.1,1,1,-3.9588228046665357
96850,9,49.09607448749642,170,0.1,1,1,-3.9605501097647022
96990,9,48.85726707320333,164,0.1,1,1,-3.9627973248652277
97130,9,49.25906078303259,166,0.1125,1,1,-3.964932804111
97270,9,49.00473134526695,166,0.1125,1,1,-3.6888787478693494
97410,9,48.75469901069622,166,0.1125,1,1,-3.6823720793172026
97560,9,49.182760681375804,168,0.1125,1,1,-3.7050749669340286
97700,9,48.92558630701778,168,0.1125,1,1,-3.700778698036974
97840,9,49.227805847312666,170,0.1125,1,1,-3.7140562375964072
97990,9,48.91966670974592,170,0.1125,1,1,-3.70784563996605
98130,9,49.1843612469826,172,0.1125,1,1,-3.7396626771826065
98280,9,49.474599115863505,174,0.1,1,1,-3.7493014905398887
98430,9,49.10189551101473,174,0.1,1,1,-3.954625643134754
98570,9,48.719474790819746,174,0.1,1,1,-3.9580165503166618
98720,9,49.06258908984454,176,0.1,1,1,-3.958626241561968
98860,9,48.66177148918615,176,0.1,1,1,-3.9595438271997305
99000,9,48.999289938140386,178,0.1,1,1,-3.95819348273042
99150,3,49.28558100439169,165,0.1,1,1,-3.9611602246449378
99280,3,48.98411538900041,165,0.1125,1,1,-3.96158458452753
99420,9,49.230527032928464,167,0.1125,1,1,-3.7193573481269193
99570,9,48.82970438203736,167,0.1125,1,1,-3.744624704655544
99720,9,49.06057780348643,169,0.1,1,1,-3.7558520737361634
99870,9,48.61560279618032,169,0.1,1,1,-3.961160648172638
100010,9,49.142686610650344,165,0.1,1,1,-3.9626417601592405
100140,9,48.87871479568243,165,0.1125,1,1,-3.964498763667586
100290,9,49.147130568228,167,0.1125,1,1,-3.69239550207746
100440,9,48.773482372421036,167,0.1,1,1,-3.7142396026496938
100580,9,49.04558431368332,169,0.1,1,1,-3.9567753763212563
100730,9,49.37327525446006,171,0.1,1,1,-3.958717514265974
100870,9,49.10886084583641,165,0.1,1,1,-3.961856710846677
101000,9,48.84487079745028,165,0.1125,1,1,-3.9652136782903638
101150,9,49.218449441023274,167,0.1125,1,1,-3.7146452682067435
101290,9,48.94258910274106,167,0.1125,1,1,-3.7142563398623
101440,9,49.23598941720215,169,0.1125,1,1,-3.7180279959383036
101580,9,48.83652073466115,169,0.1125,1,1,-3.7247123858718854
101730,9,49.070032848572986,171,0.1,1,1,-3.739193679641193
101880,9,48.62330650803222,171,0.1,1,1,-3.961046720154094
102020,9,48.85917698448937,164,0.1,1,1,-3.9621413497360085
102150,9,49.25989452034421,166,0.1125,1,1,-3.9646176702269362
102300,9,48.9915385254971,166,0.1125,1,1,-3.670278681261738
102440,9,49.23663882723155,168,0.1125,1,1,-3.682389571584661
102580,9,48.87738111927415,168,0.1125,1,1,-3.7182027557796418
102740,9,49.142084807276845,170,0.1,1,1,-3.75401712262708
102880,9,48.79787672643943,170,0.1,1,1,-3.957275458912864
103030,9,49.07626483270524,172,0.1,1,1,-3.957245822156769
103170,9,48.700466405740535,172,0.1,1,1,-3.955639636370245
103310,9,48.98523142109612,174,0.1,1,1,-3.9601800320356433
103460,9,49.12361668069196,176,0.1,1,1,-3.958923588426422
103600,9,49.41496227968968,178,0.1,1,1,-3.9639593331140714
103740,9,48.96718159921785,178,0.1,1,1,-3.9631017671288635
103890,9,49.313526744729,167,0.1,1,1,-3.9641524852968155
104020,9,49.02668322165166,167,0.1125,1,1,-3.964688809391947
104170,9,48.74179752113383,167,0.1125,1,1,-3.6757238307711493
104310,9,49.07562167695049,169,0.1125,1,1,-3.733662739012085
104460,1,48.66187326645774,169,0.1,1,1,-3.7321147564354553
104610,9,49.55127708837228,173,0.1,1,1,-3.9578822790579893
104750,9,49.325236082466276,167,0.1,1,1,-3.9622110419590135
104880,9,49.07075302145884,167,0.1125,1,1,-3.962301753779151
105030,9,49.46904770347451,169,0.1125,1,1,-3.674016396319746
105170,9,49.18216779432568,169,0.1125,1,1,-3.7052260554610377
105310,9,48.874402181422084,169,0.1125,1,1,-3.7155401623074615
105460,9,49.16189972834073,171,0.1125,1,1,-3.733691320303328
105610,9,48.77618464532474,171,0.1,1,1,-3.7490447811926
105760,9,49.09124612510288,173,0.1,1,1,-3.954903377624003
105900,9,49.41086898581572,175,0.1,1,1,-3.9598445118668932
106040,9,49.52131150459686,177,0.1,1,1,-3.9578478235655203
106190,9,49.272327236640514,167,0.1,1,1,-3.962448890996589
106320,9,48.985816010436785,167,0.1125,1,1,-3.9671699517678545
106460,9,49.2255614254282,169,0.1125,1,1,-3.699709889402171
106610,9,48.877690575900296,169,0.1125,1,1,-3.733401403938567
106760,9,49.12024318107764,171,0.1,1,1,-3.7594916215268515
106910,9,49.43872192529502,173,0.1,1,1,-3.956050666409535
107050,9,49.020596472078445,173,0.1,1,1,-3.9594081708110447
107190,9,48.573014952111464,173,0.1,1,1,-3.959607975133717
107340,9,49.143178359443056,167,0.1,1,1,-3.962552136712084
107470,9,48.89537032104944,167,0.1125,1,1,-3.964675396974422
107610,9,49.22859813012474,169,0.1125,1,1,-3.6697487247202387
107760,9,48.93571530827757,169,0.1125,1,1,-3.698500359824396
107900,9,49.151350165015664,171,0.1125,1,1,-3.7285369575741947
108050,9,48.72060294474965,171,0.1,1,1,-3.738315137712303
108200,9,48.98530291628412,173,0.1,1,1,-3.958907952323925
108340,9,49.31123660453331,168,0.1,1,1,-3.9634972181256742
108480,9,49.055715611947946,168,0.1125,1,1,-3.9645736351330094
108620,9,48.78933668224184,168,0.1125,1,1,-3.687745170667469
108760,9,49.16073121141773,170,0.1125,1,1,-3.7062424215236334
108910,9,48.84626882373176,170,0.1125,1,1,-3.7164306596618264
109050,3,49.14412421450965,172,0.1125,1,1,-3.7444317998625816
109200,3,48.72902388474173,172,0.1,1,1,-3.75355979645368
109350,9,49.00827999015846,174,0.1,1,1,-3.955514304779172
109490,9,48.546814255551894,174,0.1,1,1,-3.962317155983549
109630,9,49.10750645032859,167,0.1,1,1,-3.963210710746528
109770,9,49.49663799472715,169,0.1125,1,1,-3.96558290189087
109910,9,49.230713141307675,169,0.1125,1,1,-3.697281564519497
110060,9,48.961771253484706,169,0.1125,1,1,-3.6902699016678886
110200,9,49.199196894160735,171,0.1125,1,1,-3.7160201792042455
110350,9,48.81828591856185,171,0.1,1,1,-3.7187232235352905
110500,9,49.08074307848067,173,0.1,1,1,-3.9550830304515787
110640,9,49.38253311970032,175,0.1,1,1,-3.959404306645869
110780,9,49.10634238650679,167,0.1,1,1,-3.96058306034355
110920,9,48.82776331796042,167,0.1125,1,1,-3.9661169701281525
111060,9,49.12086802143278,169,0.1125,1,1,-3.7249913647732034
111220,9,48.76075692468142,169,0.1,1,1,-3.7269895674366733
111360,9,49.11565527923853,171,0.1,1,1,-3.9571584302061202
111500,9,48.72555673991765,171,0.1,1,1,-3.9573641604689547
111650,9,49.02474156410374,173,0.1,1,1,-3.954395191207414
111790,9,48.565843733447814,173,0.1,1,1,-3.9602367949929005
111930,9,49.12778230099371,167,0.1,1,1,-3.961819859929787
112070,9,49.50344327860258,169,0.1125,1,1,-3.9654191659383096
112210,9,49.242123820824226,169,0.1125,1,1,-3.6843918101661166
112350,9,48.94440939329895,169,0.1125,1,1,-3.695605989629381
112500,9,49.214782781539654,171,0.1125,1,1,-3.7117816506172403
112640,9,48.96533598916687,171,0.1125,1,1,-3.741909196850541
112800,9,49.20152112485208,173,0.1,1,1,-3.75461402837739
112940,9,49.47900417336869,175,0.1,1,1,-3.9408667605478676
113080,9,49.238531694604426,167,0.1,1,1,-3.9549965521051327
113220,9,48.98479257642425,167,0.1125,1,1,-3.958728454384719
113360,9,49.30015118341179,169,0.1125,1,1,-3.690709124365345
113500,9,49.041189840079696,169,0.1125,1,1,-3.7044928003768893
113650,9,48.77339298555873,169,0.1125,1,1,-3.699362640688183
113790,9,49.166738033199614,171,0.1125,1,1,-3.709556901655842
113930,9,49.45853109585913,173,0.1125,1,1,-3.7177040662028995
114090,9,49.070704674079515,173,0.1,1,1,-3.7346483405541875
114230,9,48.63752680932636,173,0.1,1,1,-3.9597835893905597
114380,4,49.535856919763496,177,0.1,1,1,-3.960034556504131
114520,4,49.08981467524941,177,0.1,1,1,-3.963672943176023
114660,4,48.85205796359671,166,0.1,1,1,-3.9640704763884904
114800,9,49.254074733688746,168,0.1125,1,1,-3.964571333893284
114940,9,49.01309547023482,168,0.1125,1,1,-3.687711484352394
115080,9,48.75686333989861,168,0.1125,1,1,-3.6854313208317246
115230,5,49.14653834929746,170,0.1125,1,1,-3.691261559683102
115370,5,48.901323231600294,170,0.1125,1,1,-3.7069343491035234
115530,9,49.15922891495826,172,0.1,1,1,-3.7442598714739397
115670,9,49.457313145090986,174,0.1,1,1,-3.9399444152076284
115810,9,49.0831068515157,174,0.1,1,1,-3.95655482704458
115960,9,48.66370602522698,174,0.1,1,1,-3.9593451437734957
116100,9,49.179690775145914,166,0.1,1,1,-3.9587712268233344
116230,9,49.53205035804414,168,0.1125,1,1,-3.9626501955372
116380,9,49.27637450906227,168,0.1125,1,1,-3.6744564759893743
116520,9,49.01791698089805,168,0.1125,1,1,-3.681814865824564
116660,9,49.438680447152294,170,0.1125,1,1,-3.7063934005279178
116810,9,49.06451025859312,170,0.1125,1,1,-3.709076667191982
116950,9,48.72835643375882,170,0.1125,1,1,-3.7288893655408306
117110,9,49.09656888870263,172,0.1,1,1,-3.7870063148906143
117250,9,48.75229608844191,172,0.1,1,1,-3.9547046146810776
117390,9,49.037526476637986,174,0.1,1,1,-3.954952930807692
117540,9,49.3608287973371,176,0.1,1,1,-3.9556469742351936
117680,9,49.109988909331065,165,0.1,1,1,-3.961747070747042
117810,9,48.847541465919605,165,0.1125,1,1,-3.966456398243664
117960,9,49.151254023354596,167,0.1125,1,1,-3.7015965582040073
118110,9,48.75303980096047,167,0.1,1,1,-3.7128326334694157
118250,9,49.070596194234234,169,0.1,1,1,-3.9547507160105373
118400,9,49.486567897363635,166,0.1,1,1,-3.960940479618927
118530,9,49.250693989768074,166,0.1125,1,1,-3.9588664018413713
118680,9,49.000864811259795,166,0.1125,1,1,-3.673743492722728
118820,9,48.73365307748754,166,0.1125,1,1,-3.685595680381096
118960,9,49.166551255662526,168,0.1125,1,1,-3.700572173903245
119110,9,48.88702404849426,168,0.1125,1,1,-3.717180114462104
119250,9,49.208694016682266,170,0.1125,1,1,-3.720209182039487
119390,9,49.51328178781488,172,0.1125,1,1,-3.727773945392601
119540,9,49.14545911126914,172,0.1125,1,1,-3.7411268777866153
119680,9,48.78644273971679,172,0.1125,1,1,-3.7462897112161593
119840,9,49.086538076285336,174,0.1,1,1,-3.7839418496812893
119980,9,48.660072391201886,174,0.1,1,1,-3.9572502985501674
120120,9,48.920081370162585,176,0.1,1,1,-3.958761311190989
120270,9,49.284486386009796,165,0.1,1,1,-3.9631828487641916
120400,9,49.036017316110616,165,0.1125,1,1,-3.9669685274974764
120540,9,48.78107016931396,165,0.1125,1,1,-3.6852282747107146
120690,9,49.19103830798991,167,0.1125,1,1,-3.6991814178180813
120830,9,48.923899802754235,167,0.1125,1,1,-3.7056814526978323
120980,9,49.183671915814145,169,0.1,1,1,-3.71718313545384
121130,9,49.47353867681361,171,0.1,1,1,-3.944410435849785
121270,9,49.06998423756089,171,0.1,1,1,-3.9549300435839934
121420,9,48.6463255324748,171,0.1,1,1,-3.9581856750914017
121560,9,48.93526674309737,173,0.1,1,1,-3.9613882035638897
121700,9,49.28244306162791,165,0.1,1,1,-3.962973327090625
121840,9,49.03691733165175,165,0.1125,1,1,-3.965686178210246
121980,9,48.7640528378344,165,0.1125,1,1,-3.694873394302134
122120,9,49.1592247551044,167,0.1125,1,1,-3.6961226856610945
122270,9,48.865923720844286,167,0.1125,1,1,-3.722153868324966
122410,9,49.198148537792505,169,0.1125,1,1,-3.737239502663396
122550,9,48.90358303070036,169,0.1125,1,1,-3.738630635456105
122710,9,49.15794200529269,171,0.1,1,1,-3.74198471657411
122850,9,48.819709644054065,171,0.1,1,1,-3.9490723228697395
123000,9,49.090849449712394,173,0.1,1,1,-3.956801148485678
123140,9,48.61279736086166,173,0.1,1,1,-3.9549501331048833
123280,9,49.13436669651165,164,0.1,1,1,-3.9597412188252252
123420,9,48.868054241484316,164,0.1125,1,1,-3.9665984163917454
123560,9,49.22166949240135,166,0.1125,1,1,-3.699827092835828
123700,9,48.93808611772307,166,0.1125,1,1,-3.7163706490134474
123850,9,49.229517820895694,168,0.1125,1,1,-3.7241898631118096
123990,9,49.51299514988764,170,0.1125,1,1,-3.7310739368677863
124140,9,49.135473645933004,170,0.1125,1,1,-3.742498106052259
124290,9,48.74156895212029,170,0.1,1,1,-3.76048067543892
124430,9,49.02761628694727,172,0.1,1,1,-3.959087045908382
124580,9,48.60280186691982,172,0.1,1,1,-3.9605703937527044
124720,9,49.15536263595396,164,0.1,1,1,-3.962158403986782
124850,9,48.895723864738365,164,0.1125,1,1,-3.9630599258631105
125000,9,49.10850284869686,166,0.1125,1,1,-3.6710715642706586
125140,9,48.82786381134437,166,0.1125,1,1,-3.7101998799205993
125290,9,49.13297433398129,168,0.1,1,1,-3.7988129600733016
125440,9,48.74222877330143,168,0.1,1,1,-3.946817679672192
125580,9,48.9868328356872,170,0.1,1,1,-3.955850355639121
125730,9,49.299171197884505,165,0.1,1,1,-3.960293959099779
125860,9,49.02333892422267,165,0.1125,1,1,-3.9651120983322556
126000,9,48.74673655190472,165,0.1125,1,1,-3.7012856080136043
126150,9,49.16513341839042,167,0.1125,1,1,-3.724688659796175
126290,3,49.1488567718348,168,0.1125,1,1,-3.7253380704614334
126430,3,48.776439230786735,168,0.1125,1,1,-3.7263918519119543
126590,9,49.06544834370951,170,0.1,1,1,-3.814425158687182
126730,9,49.402924150620336,172,0.1,1,1,-3.958598509654469
126880,9,48.99682247251468,172,0.1,1,1,-3.9602940745851454
127020,9,49.10871199619329,174,0.1,1,1,-3.961822262245191
127160,9,48.86920685755502,164,0.1,1,1,-3.9615976510396496
127300,9,49.25810962472038,166,0.1125,1,1,-3.964529834682815
127440,9,49.000966236043055,166,0.1125,1,1,-3.689648620689636
127580,9,48.722215933898674,166,0.1125,1,1,-3.6894399450141786
127730,7,49.48878056709087,169,0.1125,1,1,-3.7078157712782467
127870,7,49.13691703152385,169,0.1125,1,1,-3.727131596237864
128020,7,48.792029027912804,169,0.1,1,1,-3.742401303393096
128170,9,49.04874512570523,171,0.1,1,1,-3.956489065132172
128310,9,48.64172998452347,171,0.1,1,1,-3.9557165896138535
128460,9,48.91694603556881,173,0.1,1,1,-3.9622606143641126
128600,9,49.28917062858342,165,0.1,1,1,-3.961672127520437
128730,9,49.04571914769595,165,0.1125,1,1,-3.96667660833817
128880,9,48.75855433418527,165,0.1125,1,1,-3.678161161837011
129020,9,49.15086225723482,167,0.1125,1,1,-3.6939258155114
129160,9,49.485874859628346,169,0.1125,1,1,-3.7339148776395596
129310,9,49.17251248685838,169,0.1125,1,1,-3.7416669901851103
129450,9,48.751553930829644,169,0.1125,1,1,-3.748960952508545
129590,9,49.106732605843476,171,0.1125,1,1,-3.7528306685967046
129750,9,48.7586252956661,171,0.1,1,1,-3.8068631958216432
129890,9,49.065630563717164,173,0.1,1,1,-3.954970094843642
130040,9,49.4219577663336,175,0.1,1,1,-3.9560769073183293
130180,9,49.00096810169782,175,0.1,1,1,-3.9595646762088617
130320,9,48.57708691295076,175,0.1,1,1,-3.957987723420452
130470,9,49.534085724302656,179,0.1,1,1,-3.9627715311735576
130610,9,49.290861764645385,165,0.1,1,1,-3.9629900344024236
130740,9,49.036893344356315,165,0.1125,1,1,-3.9623797027746726
130890,9,48.78148077824709,165,0.1125,1,1,-3.693682724291262
131030,9,49.173874743847534,167,0.1125,1,1,-3.7047192352557867
131180,9,48.727232207581494,167,0.1125,1,1,-3.7061366082606533
131330,9,49.20910237591609,164,0.1,1,1,-3.731856218588236
131460,9,49.5371908584987,166,0.1125,1,1,-3.964612001426901
131610,9,49.26045730532008,166,0.1125,1,1,-3.673011059268559
131750,9,48.909495073853186,166,0.1125,1,1,-3.701174906588584
131900,9,49.131178299241284,168,0.1,1,1,-3.725448355184692
132050,9,48.709062658403795,168,0.1,1,1,-3.9563909648002267
132190,9,49.021730983640616,170,0.1,1,1,-3.959702559737023
132330,9,49.364669404947655,172,0.1,1,1,-3.962856970608824
132480,9,49.13275550526239,164,0.1,1,1,-3.961467829699847
132610,9,48.87005506319414,164,0.1125,1,1,-3.9649188956789168
132760,9,49.11272817333123,166,0.1125,1,1,-3.6810417522710748
132910,9,48.74173618949598,166,0.1,1,1,-3.7130672030067946
133050,9,49.075732980637156,168,0.1,1,1,-3.9597864052335647
133200,2,49.11294869138343,169,0.1,1,1,-3.958459679986734
133340,2,49.100365207780435,170,0.1,1,1,-3.9578682976463884
133480,2,48.84642455738118,163,0.1,1,1,-3.961614660565476
133620,9,49.227234110399934,165,0.1125,1,1,-3.9656420806761945
133760,9,48.95467463760461,165,0.1125,1,1,-3.704691832896063
133900,9,49.24662570687772,167,0.1125,1,1,-3.7106034842378985
134050,9,48.95410684672257,167,0.1125,1,1,-3.721890418610329
134190,9,49.17518572193089,169,0.1125,1,1,-3.7351785023206174
134350,9,48.7803397295411,169,0.1,1,1,-3.738039875810735
134490,9,49.045946381296396,171,0.1,1,1,-3.957349822088321
134630,9,48.58021367026967,171,0.1,1,1,-3.9606519125057833
134780,9,49.14024627090947,164,0.1,1,1,-3.96207138393389
134910,9,48.90017220640856,164,0.1125,1,1,-3.965851011311538
135050,9,49.21382615094997,166,0.1125,1,1,-3.677283587791755
135200,9,49.50965260556902,168,0.1125,1,1,-3.6902733005423
135340,9,49.15095253982044,168,0.1125,1,1,-3.7416503873408438
135500,9,48.79604145418623,168,0.1,1,1,-3.755293686138439
135640,9,49.08688188658642,170,0.1,1,1,-3.9572172715239295
135780,9,48.72140956348654,170,0.1,1,1,-3.9568171132673884
135930,9,49.038307465123154,172,0.1,1,1,-3.959134570774463
136070,9,49.38614686629477,174,0.1,1,1,-3.957912020858185
136210,9,49.15990146136943,164,0.1,1,1,-3.9605291477561377
136350,9,48.92114286292894,164,0.1125,1,1,-3.9626560347642776
136490,9,49.27133344923118,166,0.1125,1,1,-3.674266570176895
136630,9,49.0127825013781,166,0.1125,1,1,-3.688824727839919
136780,9,48.73318195051895,166,0.1125,1,1,-3.699904497792522
136920,9,49.159867489332974,168,0.1125,1,1,-3.7091658463817114
137080,9,48.78255223649441,168,0.1,1,1,-3.7278344133361117
137220,8,49.09365846752436,170,0.1,1,1,-3.946209445845915
137360,8,48.67440139195816,170,0.1,1,1,-3.9590675581081913
137510,9,49.30869211737184,173,0.1,1,1,-3.9578899852301
137650,9,49.05199673902746,163,0.1,1,1,-3.9626391726535655
137780,9,48.729066573594544,163,0.1125,1,1,-3.9646905733853317
137930,9,49.08116940528304,165,0.1125,1,1,-3.70738315923794
138080,9,48.71307736019583,165,0.1,1,1,-3.759015212965418
138220,9,49.03732231942405,167,0.1,1,1,-3.9567165476684845
138370,9,49.38647459410028,169,0.1,1,1,-3.958173977792285
138510,9,49.30726865334512,170,0.1,1,1,-3.9602910041883357
138660,9,48.899415063607364,170,0.1,1,1,-3.962523502639827
138800,9,49.28847112563447,164,0.1,1,1,-3.9631164101129754
138930,9,49.06271898985678,164,0.1125,1,1,-3.961740196727629
139080,9,48.80920276418775,164,0.1125,1,1,-3.669463603862272
139220,9,49.221285921699916,166,0.1125,1,1,-3.6736621199389314
139360,9,48.9493269539943,166,0.1125,1,1,-3.7042723289480604
139510,9,49.195311813670976,168,0.1125,1,1,-3.700207153916182
139660,9,48.7693837916372,168,0.1,1,1,-3.721370138956377
139810,9,49.050402472254135,170,0.1,1,1,-3.9548901716264777
139950,9,48.576098109904386,170,0.1,1,1,-3.9631429280470494
140090,9,49.132174516122184,163,0.1,1,1,-3.9613137846299815
140230,9,48.866698367859435,163,0.1125,1,1,-3.966375124900373
140370,9,49.211999928993,165,0.1125,1,1,-3.6845803703819926
140510,9,48.903266488843165,165,0.1125,1,1,-3.7156132643383537
140660,9,49.193861491363144,167,0.1125,1,1,-3.7316561254121026
140800,9,49.45698137408147,169,0.1125,1,1,-3.7497087238969637
140940,9,49.1225888649197,169,0.1125,1,1,-3.7563250573850797
141100,9,48.74565781743804,169,0.1,1,1,-3.8048268663674576
141240,9,49.059100010846166,171,0.1,1,1,-3.9544942018595486
141390,9,48.64528478890792,171,0.1,1,1,-3.9590311998069456
141530,9,48.981755660902294,173,0.1,1,1,-3.9596350782121164
141670,9,48.90737887249023,174,0.1,1,1,-3.9622163022341
141820,9,49.080858934745855,176,0.1,1,1,-3.9623989724756226
141960,9,48.83072608617299,163,0.1,1,1,-3.962214440086604
142090,9,49.197883568241714,165,0.1125,1,1,-3.9636983591429074
142240,9,49.483051368932436,167,0.1125,1,1,-3.700880762894339
142390,9,49.097457513653694,167,0.1,1,1,-3.7301520248875923
142540,9,48.69128443973606,167,0.1,1,1,-3.9574579678184194
142680,9,48.994092709076526,169,0.1,1,1,-3.9598335373619284
142820,9,49.076432146633636,171,0.1,1,1,-3.961603484050681
142970,9,48.85092801798833,164,0.1,1,1,-3.9630181361945582
143100,9,49.25978614115434,166,0.1125,1,1,-3.9665062429973785
143240,9,49.01038404690996,166,0.1125,1,1,-3.6733572893455344
143390,9,48.741347754074816,166,0.1125,1,1,-3.678212552954832
143530,9,49.09116329503802,168,0.1125,1,1,-3.700136987458256
143680,1,48.660850847839285,168,0.1,1,1,-3.7188068881046474
143830,9,49.53555786796884,172,0.1,1,1,-3.956223670627801
143970,9,49.311455318079304,165,0.1,1,1,-3.9634655782700206
