sysTime,Action,ChannelUsed,TransJob,CPU,JobFaultProb,RunningJob,ActionQos
150,9,21.264483878511935,21,0.25,0.0,1,0.0
260,9,17.499380512206233,11,0.075,0.0,1,1.997258718923207
390,9,3.6045189914683036,1,0.225,0.0,1,1.9945021689484352
520,9,2.398081733190338e-14,0,0.25,0.0,1,1.9966451040301612
640,9,3.6415315207705135e-14,0,0.075,0.0,1,1.9975554523630838
760,9,3.6415315207705135e-14,0,0.075,0.0,1,1.9945757751144855
890,9,3.9968028886505635e-14,0,0.075,0.0,1,1.9945757751144855
1010,9,3.9968028886505635e-14,0,0.075,0.0,1,1.9945757751144855
1130,2,3.730349362740526e-14,0,0.075,0.0,1,1.9945757751144855
1260,9,4.3520742565306136e-14,0,0.075,0.0,1,1.9945757751144855
1390,9,38.06998330953014,12,0.25,0.0,1,-1.9945757751144855
1510,9,47.713263846101135,24,0.225,1,1,-1.9979255586874363
1630,9,38.82862138649911,27,0.075,1,1,-1.9967605036810798
1770,9,42.02336319442517,33,0.25,1,1,-1.9945757751144855
1880,9,44.869222903011625,35,0.225,1,1,-1.9977513739229065
2010,9,48.94526793644305,44,0.075,1,1,-1.9963799581153756
2140,9,45.7108145658265,47,0.25,1,1,-1.993708071240314
2260,9,47.05086782441234,53,0.25,1,1,-1.9966351355440257
2390,9,45.40239018791817,56,0.25,1,1,-1.9969809907165366
2510,9,49.09258963705617,65,0.25,1,1,-1.99630444737328
2640,9,49.1169584857198,62,0.25,1,1,-1.9968967882691604
2750,9,46.46584366561539,62,0.225,1,1,-1.9963666203493982
2880,9,47.207202550359725,68,0.225,1,1,-1.9939431527703246
3000,9,47.86481432409299,70,0.225,1,1,-1.9946978271107056
3130,9,47.6523002768997,73,0.075,1,1,-1.9945140643762593
3250,9,49.30351591507483,79,0.225,1,1,-1.9898776249407326
3370,9,49.26842369134235,82,0.075,1,1,-1.993221863199862
3500,8,49.27649323230012,85,0.225,1,1,-1.989459672680201
3630,9,49.37617483470584,83,0.25,1,1,-1.993357451891709
3750,9,48.1979015813261,83,0.075,1,1,-1.9953391343983262
3880,9,48.362698877084185,86,0.25,1,1,-1.9881618128017868
4010,9,47.982337137331,89,0.25,1,1,-1.994040371498757
4120,9,48.48090518983799,88,0.225,1,1,-1.9937570528733741
4260,9,48.40652975707665,91,0.25,1,1,-1.992724517454637
4370,9,48.34613669756718,94,0.075,1,1,-1.9928770229321757
4490,9,49.51697592316716,100,0.075,1,1,-1.9865234555577236
4620,9,49.50530440049351,103,0.225,1,1,-1.9868313198229206
4750,9,49.42980027331428,106,0.25,1,1,-1.9911179619916088
4870,9,49.53977961919558,109,0.075,1,1,-1.994069560241849
5000,9,49.560915125879724,112,0.25,1,1,-1.9884247561037802
5130,9,49.56743065705716,115,0.25,1,1,-1.9932120473792876
5250,9,48.805185272424204,106,0.25,1,1,-1.993401089516999
5380,9,48.858164840661516,109,0.25,1,1,-1.9933970645103836
5500,9,48.7085261526019,112,0.25,1,1,-1.9917655838165638
5610,9,48.623919378687184,115,0.225,1,1,-1.991974479927137
5750,1,47.90456080766325,116,0.25,1,1,-1.989888470315284
5870,9,48.593613625943355,114,0.25,1,1,-1.9932642506438079
5990,9,49.658586341413695,120,0.225,1,1,-1.994039588221764
6110,5,49.66445549444325,121,0.225,1,1,-1.9882911024657588
6240,5,49.029020615306436,121,0.225,1,1,-1.9876750150301907
6370,8,49.43647055765719,124,0.25,1,1,-1.9883545862795895
6480,8,48.61344721041733,124,0.075,1,1,-1.9904821514477455
6620,9,49.6371035348637,130,0.25,1,1,-1.9843616723073676
6740,9,49.022924350344624,125,0.25,1,1,-1.9922409259994391
6860,9,48.26280922486487,125,0.225,1,1,-1.9921744215978106
6980,9,48.82991410168122,128,0.075,1,1,-1.985762673331088
7110,9,48.86793980767193,131,0.225,1,1,-1.98175324084389
7230,9,49.04395310235311,134,0.225,1,1,-1.9864904604825837
7370,9,48.33222454371744,134,0.25,1,1,-1.9882893989142294
7490,9,48.72327773488284,137,0.25,1,1,-1.990298152589256
7610,9,48.83816732590595,140,0.25,1,1,-1.9913089260795653
7740,9,49.1305426278849,135,0.25,1,1,-1.9919327055823075
7850,9,48.62379921089839,135,0.225,1,1,-1.9919405308890572
7990,9,48.91110942366147,138,0.25,1,1,-1.9838034782283702
8100,9,49.7027579208744,144,0.075,1,1,-1.9885261586013625
8230,9,49.040476785164245,144,0.075,1,1,-1.9801082438866786
8350,9,49.50775510346913,147,0.225,1,1,-1.9800950055994897
8490,9,48.999591513713824,141,0.25,1,1,-1.9866038897450322
8600,9,49.10288319783872,144,0.225,1,1,-1.9912115046098329
8730,9,49.5349122697133,147,0.25,1,1,-1.9833503151706329
8860,9,49.011235268211195,144,0.25,1,1,-1.9900364433799225
8970,9,49.58151467124542,147,0.075,1,1,-1.990907749048969
9110,9,49.035747630273484,147,0.25,1,1,-1.975364048924341
9230,9,49.524229018593196,150,0.25,1,1,-1.9866347954277814
9360,9,49.65207386305608,153,0.25,1,1,-1.98921629127579
9480,9,49.30295586205468,148,0.25,1,1,-1.9905547440647118
9610,9,49.64817180625142,151,0.25,1,1,-1.9911782653326275
9720,9,49.12080577447295,151,0.075,1,1,-1.9841794029295559
9840,9,48.66672085476117,151,0.075,1,1,-1.9739746477459226
9970,9,49.15124914586473,154,0.225,1,1,-1.9755072798924935
10090,9,48.73750137554765,154,0.225,1,1,-1.9816893356433476
10230,9,49.10421528391775,157,0.25,1,1,-1.9816762833839094
10340,9,48.58185222022388,157,0.225,1,1,-1.9863598756830987
10470,9,49.03112583375828,160,0.225,1,1,-1.983712847237149
10590,9,48.488495757983365,160,0.225,1,1,-1.983729824189524
10720,9,49.00085912377673,163,0.225,1,1,-1.98438164829867
10850,9,49.54295023328586,166,0.25,1,1,-1.9842373211436939
10970,9,48.986417683841054,166,0.25,1,1,-1.9893060716235962
11100,9,49.348101959211704,156,0.25,1,1,-1.9891772758112547
11220,9,48.824523243006574,156,0.25,1,1,-1.9893897218435184
11340,9,49.177224884763355,159,0.075,1,1,-1.9842769463867846
11460,9,48.67085994804268,159,0.225,1,1,-1.9753602055640624
11600,9,49.07502397770486,162,0.25,1,1,-1.98236006713918
11720,9,48.55727604929988,162,0.25,1,1,-1.9885189468684024
11840,9,49.0858857260189,165,0.25,1,1,-1.9889697292416404
11970,9,48.67643293633952,158,0.25,1,1,-1.988731255353796
12080,9,49.170923510680204,161,0.075,1,1,-1.988127661521621
12210,9,48.82187103321012,161,0.075,1,1,-1.969668890785418
12340,9,49.183055876610155,164,0.25,1,1,-1.9713063098316777
12460,9,48.54908525397449,164,0.225,1,1,-1.984176785453452
12590,9,49.26737605470311,162,0.25,1,1,-1.9821488809478818
12720,9,48.825855297563,162,0.25,1,1,-1.9904643450215573
12830,9,49.20373574831444,165,0.075,1,1,-1.9820447268152979
12950,9,48.70976526492913,165,0.225,1,1,-1.9715616468359154
13080,9,49.15901468620806,168,0.225,1,1,-1.9814905685254438
13210,9,48.82118574155039,163,0.25,1,1,-1.9829493304175043
13330,9,49.25025538593925,166,0.225,1,1,-1.9875159511589038
13450,9,48.81976410347321,166,0.225,1,1,-1.9763372644987633
13590,9,49.18150501708429,169,0.25,1,1,-1.97960354781019
13710,9,48.60244142537258,169,0.25,1,1,-1.9868185979063744
13840,4,49.02998341838657,172,0.25,1,1,-1.98774543720612
13960,4,48.69120769188304,166,0.25,1,1,-1.9897319107956686
14070,9,49.18455989146957,169,0.075,1,1,-1.9893801147783097
14200,9,48.78628831561097,169,0.225,1,1,-1.9642522822497808
14330,9,49.259770003364494,172,0.25,1,1,-1.9807258176054985
14460,9,48.79411684951188,172,0.25,1,1,-1.9859017844343825
14570,9,49.18051702555003,175,0.225,1,1,-1.9853338422881022
14710,9,48.626741516952805,175,0.25,1,1,-1.982076831799151
14830,9,49.229263903634354,171,0.25,1,1,-1.9875963784598527
14950,9,48.89995024804414,171,0.225,1,1,-1.989345945834479
15080,9,49.28996896684423,174,0.25,1,1,-1.97782908700434
15200,9,48.88171044356589,174,0.25,1,1,-1.9833412100269334
15330,9,49.38623944440316,173,0.25,1,1,-1.9854498199202921
15440,9,49.020451290074334,173,0.225,1,1,-1.9862013461606272
15570,9,48.65869790622439,173,0.075,1,1,-1.9722550316182739
15690,9,49.2484726589724,176,0.075,1,1,-1.966565955696217
15820,9,48.880947480654,176,0.225,1,1,-1.966241991764642
15940,9,49.30616082553211,179,0.225,1,1,-1.9772959675567179
16070,9,48.935139125902246,179,0.225,1,1,-1.9780232497395038
16190,8,49.30699809818266,182,0.225,1,1,-1.977744716947844
16320,8,48.881424009810274,182,0.25,1,1,-1.9782041737377294
16450,9,49.20983648061362,185,0.25,1,1,-1.9852278734395645
16570,9,48.68661278404108,185,0.25,1,1,-1.9866876035133054
16700,9,49.075605878225815,188,0.25,1,1,-1.987516880964569
16820,9,48.72779851184059,176,0.25,1,1,-1.988830110699667
16940,9,49.27480936845314,179,0.075,1,1,-1.9890400271085105
17060,9,48.93723274397269,179,0.075,1,1,-1.9650652332545444
17190,9,49.33994071261081,182,0.225,1,1,-1.9651033120063326
17310,9,48.94991207983789,182,0.225,1,1,-1.9763216817039664
17440,9,49.311509441027795,185,0.25,1,1,-1.976780484082981
17570,9,48.924231882996445,185,0.25,1,1,-1.9856430510076208
17690,9,49.3311134553482,181,0.25,1,1,-1.985223283409211
17800,9,49.05528160847015,181,0.2,1,1,-1.9855542631443859
17930,9,48.730854601263026,181,0.225,1,1,-1.8756933310310044
18060,9,49.15316092404386,184,0.225,1,1,-1.9716624152367124
18190,9,48.63897993649045,184,0.25,1,1,-1.9754764084493244
18310,9,49.2804109921591,182,0.25,1,1,-1.9877897213953812
18430,9,48.85776391040199,182,0.075,1,1,-1.9886657334497124
18550,9,49.275517282681676,185,0.075,1,1,-1.9620336379748862
18680,9,48.9125537572355,185,0.225,1,1,-1.9704819920993444
18810,9,49.23336732410128,188,0.25,1,1,-1.9789444679123067
18940,9,48.76065139750924,188,0.25,1,1,-1.9847114371775012
19060,9,49.15187761569529,191,0.25,1,1,-1.9871741695510277
19190,9,48.91913228169435,184,0.25,1,1,-1.9878318706579572
19300,9,49.44535799526715,187,0.225,1,1,-1.9880079529186359
19420,9,49.13344541262007,187,0.225,1,1,-1.9669689897662033
19550,9,48.820915107274146,187,0.075,1,1,-1.9671786926036963
19670,9,49.280024745203626,190,0.225,1,1,-1.9615608386153565
19800,9,48.94562740618732,190,0.225,1,1,-1.974651086194019
19930,9,49.29617640147508,193,0.25,1,1,-1.9781833940592506
20060,9,48.85312971748931,193,0.25,1,1,-1.9835657724485067
20180,9,49.176548334284625,196,0.25,1,1,-1.9856873850596886
20310,9,48.87763531759292,187,0.25,1,1,-1.987139956947615
20420,9,49.38045331319832,190,0.075,1,1,-1.9880653193791835
20540,9,49.01126964080017,190,0.225,1,1,-1.9600878376609279
20670,9,48.67780014537145,190,0.225,1,1,-1.9726513430283115
20800,9,49.212430362142904,193,0.25,1,1,-1.9781094899802514
20930,9,48.708595614804025,193,0.25,1,1,-1.9835252936801266
21040,9,49.17617264242548,196,0.075,1,1,-1.985825538732669
21180,9,48.943470990778756,189,0.25,1,1,-1.9745580563760132
21290,9,49.37651893173641,192,0.225,1,1,-1.9870935560313616
21420,9,49.06839608960693,192,0.075,1,1,-1.966963362942999
21540,9,48.64756321478948,192,0.225,1,1,-1.9613995655290926
21660,9,49.20745240390278,195,0.225,1,1,-1.9743293302863587
21800,9,48.97402544662944,190,0.25,1,1,-1.980457885871012
21910,9,49.42902999623481,193,0.075,1,1,-1.9857003767126145
22040,9,49.143930132891946,193,0.075,1,1,-1.9502298349451586
22160,9,48.878415748986214,193,0.075,1,1,-1.9558723829695928
22290,9,49.219753389489135,195,0.225,1,1,-1.9583782251617416
22410,9,48.87093759177411,195,0.225,1,1,-1.9706753814798557
22540,9,49.30863475410019,198,0.225,1,1,-1.9721976705925688
22660,9,48.970773982047206,198,0.225,1,1,-1.9769941514829061
22790,9,49.149856558646576,200,0.25,1,1,-1.9774479506410985
22920,9,48.71977831362295,200,0.25,1,1,-1.983714921046042
23040,9,49.609086227419105,204,0.25,1,1,-1.9857283886346053
23170,9,49.35534508089944,193,0.25,1,1,-1.9868077091385972
23280,9,49.09928483695971,193,0.225,1,1,-1.9876796118394167
23410,9,48.82711248810749,193,0.225,1,1,-1.9694523956438328
23530,9,49.36876171533915,196,0.225,1,1,-1.9697020711092037
23650,9,49.062939317761014,196,0.225,1,1,-1.9713207766911809
23780,9,48.605186490078616,196,0.225,1,1,-1.9723688866112714
23910,9,49.36150262654781,193,0.25,1,1,-1.9741577513642001
24030,9,49.04763862998188,193,0.075,1,1,-1.987494068155254
24150,9,48.71174879842263,193,0.225,1,1,-1.948599616561001
24280,9,49.27550861523777,196,0.225,1,1,-1.974746688268609
24400,9,49.66890978639641,199,0.225,1,1,-1.9762169136944603
24540,9,49.27549782088748,199,0.25,1,1,-1.9766388778207602
24660,9,49.65606924983165,202,0.25,1,1,-1.985735606135569
24780,9,49.25149868836864,202,0.25,1,1,-1.9857505522847723
24910,9,49.65912226317213,205,0.25,1,1,-1.98696863910291
25030,9,49.416559133851266,196,0.25,1,1,-1.9860924364252768
25150,9,49.16921133409802,196,0.075,1,1,-1.986014174625898
25270,9,49.676797702394886,199,0.075,1,1,-1.9519175935483424
25400,9,49.41861266370732,199,0.225,1,1,-1.9527528167006214
25520,9,49.10346871264596,199,0.225,1,1,-1.9701181328422404
25650,9,48.71208714516696,199,0.225,1,1,-1.9699269446291248
25770,9,49.17129549323538,202,0.225,1,1,-1.9748376860393422
25900,9,48.926278707689775,195,0.25,1,1,-1.9791940448813592
26020,9,49.44034831941758,198,0.075,1,1,-1.9872398870304024
26140,9,49.18877938778912,198,0.075,1,1,-1.9523498951099671
26270,9,48.8924951332916,198,0.225,1,1,-1.9517297776046607
26390,9,49.351245087486376,201,0.225,1,1,-1.9692144173883583
26520,9,48.97848190200834,201,0.225,1,1,-1.9734182638131084
26650,9,49.49551245109353,198,0.25,1,1,-1.9752178862176988
26770,9,49.25944278547526,198,0.075,1,1,-1.9850642741218123
26890,9,49.02933259507304,198,0.075,1,1,-1.943242267694859
27010,9,48.73396813908253,198,0.075,1,1,-1.9507311558799947
27140,9,49.30245394950026,201,0.225,1,1,-1.9495847296911442
27260,9,48.93577069884831,201,0.225,1,1,-1.9733444577842139
27400,9,49.311655293210094,204,0.25,1,1,-1.9753417700429705
27520,9,48.93879662981352,204,0.25,1,1,-1.9848475717491307
27650,9,49.24777363314362,207,0.25,1,1,-1.9850731857721058
27760,9,48.82370647042382,207,0.225,1,1,-1.9850676211753933
27900,9,49.1977952293261,210,0.25,1,1,-1.981109268131712
28020,9,48.97274414633913,199,0.25,1,1,-1.9866468542880797
28130,9,49.443969516044035,202,0.075,1,1,-1.9873981264160439
28260,9,49.18660791972772,202,0.075,1,1,-1.9485649918539163
28380,9,49.687298440325016,205,0.075,1,1,-1.9534786664510484
28510,9,49.42635383761708,205,0.225,1,1,-1.9544024325503058
28630,9,49.00330537137142,205,0.225,1,1,-1.9681130711014916
28770,9,48.8150283701457,199,0.25,1,1,-1.9702136055002473
28880,9,49.253803505226834,201,0.075,1,1,-1.9866191439120118
29000,9,49.03751883375541,201,0.075,1,1,-1.93955230190471
29130,9,48.79044098838022,201,0.075,1,1,-1.9474024985193594
29250,9,49.41768559033241,204,0.075,1,1,-1.9466878339867895
29390,9,49.12355957618564,204,0.25,1,1,-1.9527065352084039
29500,9,48.86263853119964,204,0.225,1,1,-1.9764143779727288
29640,9,49.30874825723524,207,0.25,1,1,-1.9732443629607153
29760,9,48.95871895051453,207,0.25,1,1,-1.9794773143418505
29890,1,48.8926964328461,208,0.25,1,1,-1.984381647623007
30010,9,49.44897849483242,201,0.25,1,1,-1.9842157060838896
30120,9,49.16842324495412,201,0.225,1,1,-1.9863418491475555
30250,9,48.90720618784447,201,0.075,1,1,-1.9656503346594123
30370,9,49.38949041082705,204,0.225,1,1,-1.957779653011668
30500,9,49.07892183868763,204,0.225,1,1,-1.9702415837582905
30620,9,48.69817647548829,204,0.225,1,1,-1.9726278624796907
30760,9,49.17354122637961,207,0.25,1,1,-1.97450898959472
30880,9,48.98965332846091,200,0.25,1,1,-1.9853383368355653
31000,9,49.45451557498224,203,0.075,1,1,-1.9870821131777503
31120,9,49.23220257802976,203,0.075,1,1,-1.9382427894394703
31240,9,48.97039614096534,203,0.225,1,1,-1.952541942411619
31370,9,49.38976363812739,206,0.225,1,1,-1.965563381709446
31490,9,49.02728155720589,206,0.225,1,1,-1.9703019104718191
31630,9,48.634253259630604,206,0.25,1,1,-1.9741085176000759
31750,9,49.213044204979575,209,0.25,1,1,-1.984693614429528
31880,9,48.782576076580916,209,0.25,1,1,-1.9857384541629786
32000,9,49.00811043896579,211,0.25,1,1,-1.9853900609012343
32130,9,48.79975690206851,201,0.25,1,1,-1.986817988053149
32240,9,49.38050127011627,204,0.075,1,1,-1.9873298084598556
32360,9,49.15526075541428,204,0.075,1,1,-1.9448569228990593
32490,9,48.86441802027718,204,0.225,1,1,-1.9554089966626769
32610,9,49.30324202583209,207,0.225,1,1,-1.9659707584018689
32750,9,48.951784494561196,207,0.25,1,1,-1.9729749227142157
32870,9,49.31529606721577,210,0.25,1,1,-1.9846118384883378
33000,9,48.87551807306227,210,0.25,1,1,-1.9842722253435663
33120,9,49.434276304652876,205,0.25,1,1,-1.9851117333485138
33240,9,49.19639081394948,205,0.075,1,1,-1.987058050736821
33360,9,49.00935398069728,205,0.075,1,1,-1.9500598312216817
33490,9,48.747395256597365,205,0.25,1,1,-1.9510693067989926
33610,9,49.36658321013401,208,0.225,1,1,-1.972169336509975
33730,9,49.096869502492005,208,0.225,1,1,-1.9703174544660882
33860,9,48.8288954690502,208,0.225,1,1,-1.970349643709147
33980,9,49.298052440204515,211,0.225,1,1,-1.971086108118796
34110,9,48.939463067869994,211,0.075,1,1,-1.9709174954777218
34230,5,49.259026272798764,214,0.075,1,1,-1.9656796069393812
34370,5,48.794088436158304,214,0.25,1,1,-1.96598292045004
34490,9,49.45136341109904,206,0.25,1,1,-1.9867189500078435
34600,9,49.245948183012715,206,0.075,1,1,-1.9876589740570036
34730,9,48.89377184660563,206,0.075,1,1,-1.9404285846747757
34860,9,49.29587455921526,209,0.25,1,1,-1.944143651984087
34990,9,49.01316311740205,205,0.25,1,1,-1.984300498476637
35100,9,48.71071421439993,205,0.225,1,1,-1.9851889961749118
35230,9,49.22702689289507,208,0.225,1,1,-1.9722810300699276
35360,9,49.071863336894445,205,0.25,1,1,-1.97390147418371
35470,9,48.915606734886005,205,0.075,1,1,-1.9856729083650289
35600,9,49.5109260390397,208,0.075,1,1,-1.9279062329591035
35720,9,49.30704444065428,208,0.225,1,1,-1.928366765656609
35850,9,49.07851955729721,208,0.075,1,1,-1.9554287257096448
35970,9,48.83406405686258,208,0.075,1,1,-1.9437634134017172
36100,9,49.406028708010965,211,0.225,1,1,-1.9492699311418566
36220,9,49.10796157606083,211,0.225,1,1,-1.968405928815641
36350,9,49.64921414823472,214,0.075,1,1,-1.9688722038757323
36470,9,49.41015456667837,214,0.075,1,1,-1.9599876173562925
36600,9,49.128122255847934,214,0.25,1,1,-1.9592352267780706
36720,9,49.640335033498594,217,0.225,1,1,-1.977780713301461
36850,9,49.26785854319456,217,0.25,1,1,-1.9722212880873042
36980,9,49.66842561459412,220,0.25,1,1,-1.9838888849154157
37100,9,49.28493816066277,220,0.25,1,1,-1.9850542135528315
37230,9,49.66092855576842,223,0.25,1,1,-1.9855426994138519
37350,9,49.48391896649793,207,0.25,1,1,-1.9854298686799499
37470,9,49.29477492722132,207,0.075,1,1,-1.98678724939631
37590,9,49.08553226284403,207,0.075,1,1,-1.9360639051631368
37710,9,49.65536412598862,210,0.075,1,1,-1.9398040012894047
37840,9,49.40679168372424,210,0.225,1,1,-1.9450689103467667
37960,9,49.25165724929309,205,0.225,1,1,-1.968891381481511
38090,9,49.082496484946645,205,0.075,1,1,-1.9688794066116475
38210,9,49.51157700105711,207,0.075,1,1,-1.9278938774552619
38340,9,49.30148103368287,207,0.075,1,1,-1.9333679231641718
38460,9,49.08774415209766,207,0.075,1,1,-1.9374883120689794
38590,9,48.85110840229816,207,0.075,1,1,-1.9452707121002628
38710,9,49.38417687420151,210,0.225,1,1,-1.9461141171445488
38830,3,49.69029920207676,213,0.225,1,1,-1.9674619165617573
38960,3,49.326696617271004,213,0.075,1,1,-1.9716235639897697
39090,9,49.675462517619316,216,0.25,1,1,-1.9708800422590513
39220,9,49.50475568832616,206,0.25,1,1,-1.984735022306452
39330,9,49.32884159145187,206,0.075,1,1,-1.9865907758601555
39460,9,49.11389125870735,206,0.225,1,1,-1.9339179759143332
39580,9,48.91931537486158,206,0.075,1,1,-1.9573326625429028
39720,9,49.44644427696,209,0.25,1,1,-1.9463890187280226
39830,9,49.152622087042545,209,0.225,1,1,-1.9731661076391118
39950,9,48.86564333477677,209,0.225,1,1,-1.9670470329289151
40080,4,49.36335281359077,212,0.225,1,1,-1.9732196795833024
40200,4,48.989491396586175,212,0.225,1,1,-1.9726500279322943
40330,9,49.342682945996195,215,0.075,1,1,-1.9737540575086463
40460,9,48.973514657093396,215,0.25,1,1,-1.9671934921744838
40590,9,49.303758351502275,218,0.25,1,1,-1.9845218753477645
40710,9,49.13041229249208,206,0.25,1,1,-1.9849370007956624
40820,9,48.9328894561604,206,0.075,1,1,-1.9857090166197306
40950,9,49.429988855988704,209,0.075,1,1,-1.9348349749650202
41070,9,49.167969990938516,209,0.225,1,1,-1.9421255694447168
41200,9,48.91310992815836,209,0.225,1,1,-1.9694620708241375
41320,9,49.334883157914504,212,0.225,1,1,-1.9703235881659131
41450,9,48.994377125250615,212,0.075,1,1,-1.9695734182392264
41580,9,49.3483032100121,215,0.25,1,1,-1.9646445507169255
41710,9,48.94511687280551,215,0.25,1,1,-1.9838268071097183
41830,9,49.515318677261774,209,0.25,1,1,-1.9843613930737247
41940,9,49.318409039934764,209,0.075,1,1,-1.9860510475780044
42070,9,49.07675431932043,209,0.075,1,1,-1.9344135367439872
42190,9,48.8275133746507,209,0.225,1,1,-1.9419621853361195
42330,9,49.35941122601639,212,0.25,1,1,-1.9680747336257347
42440,9,49.04945266825608,212,0.225,1,1,-1.9786075224481243
42570,9,48.697663413621726,212,0.225,1,1,-1.9731677755835852
42700,9,49.23500200332484,215,0.25,1,1,-1.9744644412813228
42830,9,48.8010608284876,215,0.25,1,1,-1.9842852874463863
42950,9,49.189509850539864,218,0.25,1,1,-1.985283477334205
43070,9,49.02179722945422,208,0.25,1,1,-1.986908741228119
43190,9,48.82571322002304,208,0.075,1,1,-1.987435383379601
43310,9,49.44501746154351,211,0.075,1,1,-1.9328438016434297
43440,9,49.20482463525337,211,0.075,1,1,-1.941740630223289
43560,9,48.97051961440611,211,0.225,1,1,-1.9445418862329884
43690,9,49.445554400770604,214,0.225,1,1,-1.9678988404789581
43810,9,49.21683750789221,214,0.225,1,1,-1.9671685425607381
43950,9,49.66649448592748,217,0.25,1,1,-1.9689743370366508
44070,9,49.31940080276566,217,0.25,1,1,-1.9768662388579488
44190,9,48.95029961371436,217,0.25,1,1,-1.983906634272848
44320,9,49.283169688849746,220,0.25,1,1,-1.9840980841370621
44440,9,49.10920662037779,209,0.25,1,1,-1.9849346017873537
44560,9,48.9104951990777,209,0.075,1,1,-1.9861291979801554
44680,9,49.441013261350285,212,0.225,1,1,-1.9350454644846322
44810,9,49.154735216555316,212,0.075,1,1,-1.9618484595021792
44930,9,48.790470612503476,212,0.225,1,1,-1.9507500672157514
45070,9,49.24153988957942,215,0.25,1,1,-1.9725901826704568
45190,9,49.0802227671589,209,0.25,1,1,-1.9847593681132238
45300,9,48.88907688048174,209,0.075,1,1,-1.985957162231893
45430,9,49.46739189302463,212,0.075,1,1,-1.9304202548646259
45550,9,49.232607668753246,212,0.075,1,1,-1.940376654666533
45680,9,49.698282936702135,215,0.225,1,1,-1.9436543209909587
45800,9,49.437641267392685,215,0.225,1,1,-1.967229329442503
45930,9,49.15143841076312,215,0.225,1,1,-1.969140620332603
46050,9,49.6468850739017,218,0.225,1,1,-1.9701824296257646
46180,9,49.26835774732743,218,0.25,1,1,-1.9725837438888119
46310,9,49.672157166917984,221,0.25,1,1,-1.9839390464501288
46430,9,49.270186645637416,221,0.25,1,1,-1.9852633341871269
46560,9,49.09604194089765,210,0.25,1,1,-1.9851362560423553
46670,9,49.685417710922856,213,0.075,1,1,-1.9860144605000636
46810,9,49.427469648296594,213,0.25,1,1,-1.9351071532404054
46920,9,49.17181134567569,213,0.225,1,1,-1.9674085824047447
47050,9,49.649501702308676,216,0.225,1,1,-1.9699020457506882
47170,9,49.254511159023906,216,0.075,1,1,-1.9696591178514478
47290,9,49.679327091904455,219,0.075,1,1,-1.9656618563484558
47430,9,49.329921923424855,219,0.25,1,1,-1.9687161031215619
47550,9,49.685793702649356,222,0.25,1,1,-1.9836688011680779
47680,9,49.51125607793974,213,0.25,1,1,-1.9841908629440215
47790,9,49.317360921181674,213,0.075,1,1,-1.9856539232034673
47920,9,49.089366575988215,213,0.075,1,1,-1.9352401739435152
48040,9,49.65660708615867,216,0.225,1,1,-1.9411443766015504
48170,9,49.37526667262146,216,0.225,1,1,-1.9663445651975142
48290,9,49.69117978019376,219,0.225,1,1,-1.9688505540732113
48410,9,49.337667469483755,219,0.225,1,1,-1.9721601302161007
48550,9,49.67641645657789,222,0.25,1,1,-1.9803251497912042
48670,9,49.50246909325389,214,0.25,1,1,-1.9843527437257953
48790,9,49.26597369299796,214,0.075,1,1,-1.9867993561216681
48920,9,49.00264666414145,214,0.25,1,1,-1.9350401247109166
49050,9,48.63390394634333,214,0.25,1,1,-1.977561374694999
49170,9,49.19060771160245,217,0.25,1,1,-1.9796469876555904
49300,9,49.04198667203965,212,0.25,1,1,-1.9849217707393068
49410,9,48.867347522639704,212,0.075,1,1,-1.9860940014258956
49530,9,49.48954950351891,215,0.075,1,1,-1.925013096077302
49660,9,49.3097403650909,215,0.075,1,1,-1.9352744501713608
49780,9,49.131091009463034,215,0.075,1,1,-1.9353454331562059
49910,9,48.92945840746162,215,0.075,1,1,-1.9369702568885354
50030,9,49.4404007678959,218,0.075,1,1,-1.9365981219124853
50160,9,49.19428857529403,218,0.225,1,1,-1.9431956276589268
50280,9,48.932890013165995,218,0.225,1,1,-1.9681638049371288
50410,9,49.295173948781155,221,0.225,1,1,-1.9685983374481
50540,9,48.90053986554521,221,0.25,1,1,-1.9702601905232948
50660,1,48.89400539344854,222,0.25,1,1,-1.985598562078614
50790,7,49.29084251959459,225,0.25,1,1,-1.9857889332384682
50910,7,49.1426338549596,212,0.25,1,1,-1.9850733145338322
51030,7,48.954159560417466,212,0.075,1,1,-1.9853621626867297
51150,9,49.499269321371486,215,0.075,1,1,-1.9248224897476702
51290,9,49.260664589746995,215,0.25,1,1,-1.9396097735216018
51400,9,48.99187369827593,215,0.225,1,1,-1.9726834768785981
51530,9,49.41200179404211,218,0.225,1,1,-1.9677053569324099
51650,9,49.10850251840447,218,0.225,1,1,-1.970996935181089
51770,9,48.747038096699804,218,0.225,1,1,-1.9728457397528678
51910,9,49.05541268471489,220,0.25,1,1,-1.9739818723709301
52030,9,48.90525234158023,211,0.25,1,1,-1.984655786198375
52150,9,49.44862630165525,214,0.075,1,1,-1.9855684764265091
52270,9,49.2128033305027,214,0.225,1,1,-1.925715665370452
52400,9,48.93444672085767,214,0.225,1,1,-1.9662111660357908
52530,9,49.30131664398314,217,0.25,1,1,-1.9673602589389216
52650,9,49.143869643090206,212,0.25,1,1,-1.9806410886857169
52770,9,48.98449658871931,212,0.225,1,1,-1.98541249174608
52890,9,49.51108855980765,215,0.225,1,1,-1.9527373405892456
53020,9,49.27656239005141,215,0.075,1,1,-1.9532652604596534
53140,9,49.023815396984666,215,0.225,1,1,-1.9394777120017899
53270,9,48.777747937617136,215,0.225,1,1,-1.9671966256665092
53390,6,49.271533991568276,218,0.225,1,1,-1.969343981112576
53530,9,49.680924620416185,221,0.25,1,1,-1.9685931756623638
53650,9,49.31581995273791,221,0.25,1,1,-1.9848342986337317
53770,9,49.15014742585878,212,0.25,1,1,-1.9841512047932603
53890,9,48.96654022548978,212,0.075,1,1,-1.9847901352705593
54010,9,49.34480308471715,214,0.075,1,1,-1.9320903892475498
54140,9,49.14444207950078,214,0.075,1,1,-1.9381569735966486
54260,9,48.91616300090947,214,0.075,1,1,-1.9416859990617232
54390,9,49.41214242295137,217,0.225,1,1,-1.94286910741334
54510,9,49.051914214571894,217,0.225,1,1,-1.9663827086317185
54650,9,49.59045985751481,220,0.25,1,1,-1.9707946738230726
54770,9,49.427489523891715,212,0.25,1,1,-1.9846095483610409
54880,9,49.26170396547008,212,0.075,1,1,-1.986913172817781
55010,9,49.0959890039605,212,0.075,1,1,-1.9310643685355944
55130,9,49.675457729120986,215,0.075,1,1,-1.932132601780505
55260,9,49.468818690614114,215,0.075,1,1,-1.9321062433344494
55380,9,49.22597562124622,215,0.075,1,1,-1.940425676143715
55510,9,49.691257858881734,218,0.225,1,1,-1.9444431316350361
55630,9,49.31313897047399,218,0.225,1,1,-1.9682161765412511
55760,7,49.695104352445966,221,0.225,1,1,-1.9709181113565097
55890,7,49.33940083783277,221,0.25,1,1,-1.9785612189213515
56010,9,49.69691974732412,224,0.25,1,1,-1.9838959659585393
56140,9,49.34529203825929,224,0.25,1,1,-1.984437590143623
56260,9,49.690211307597885,227,0.25,1,1,-1.9846867388604135
56390,9,49.290564917093754,227,0.25,1,1,-1.9842789294054488
56510,9,49.09510803080331,213,0.25,1,1,-1.9856686447296426
56630,9,49.651724261082855,216,0.075,1,1,-1.9859439056389068
56750,9,49.39937271003334,216,0.075,1,1,-1.9415711266814921
56880,9,49.14948783738051,216,0.225,1,1,-1.9563907669461913
57000,9,49.670886632906175,219,0.225,1,1,-1.9693006232031232
57120,9,49.384378680550604,219,0.225,1,1,-1.969027112579862
57250,9,49.04917105563414,219,0.225,1,1,-1.9701415454768731
57380,8,49.602293964140785,222,0.25,1,1,-1.9726098502309084
57510,8,49.2271002608092,222,0.25,1,1,-1.983600940603707
57630,9,49.65153297727714,225,0.25,1,1,-1.985687767633054
57760,9,49.48231281585522,215,0.25,1,1,-1.9851489510369558
57870,9,49.30763357248842,215,0.075,1,1,-1.9860507513056562
57990,9,49.08311208992418,215,0.075,1,1,-1.9333892350414057
58120,9,48.85431123236092,215,0.225,1,1,-1.935287975843659
58240,9,49.323700460302334,218,0.225,1,1,-1.9658716706428465
58370,9,48.98054033177104,218,0.225,1,1,-1.9664523645769114
58500,5,49.34803774731843,221,0.25,1,1,-1.9762758212799219
58630,5,49.17813103879833,214,0.25,1,1,-1.9839373456630771
58740,5,48.94519425981193,214,0.075,1,1,-1.9842105715190101
58870,9,49.45179009206353,217,0.225,1,1,-1.9336345228560232
58990,9,49.20596161353145,217,0.225,1,1,-1.9669936257160159
59110,9,48.9362128886554,217,0.225,1,1,-1.9673416614003842
59240,9,49.32163555188676,220,0.225,1,1,-1.9685655682021348
59370,9,48.95132784538067,220,0.25,1,1,-1.971089480023213
59500,9,49.533713743792475,216,0.25,1,1,-1.9847190023451735
59610,9,49.37261059671626,216,0.075,1,1,-1.9849776063291666
59740,9,49.113513720463494,216,0.075,1,1,-1.9280776109176678
59860,9,48.85042433163954,216,0.225,1,1,-1.9303359527262847
59990,9,49.29056179993518,219,0.225,1,1,-1.9700223316750625
60120,9,49.13043324907509,214,0.25,1,1,-1.9704323066524485
60230,9,48.9641569998296,214,0.075,1,1,-1.98492465320213
60360,9,49.502281651085354,217,0.075,1,1,-1.9299492250189907
60480,9,49.25360086203095,217,0.075,1,1,-1.9323152100765484
60610,9,48.99929727885727,217,0.225,1,1,-1.9402790853627792
60730,9,49.44501858452325,220,0.225,1,1,-1.9688916585743843
60860,9,49.19293932558475,220,0.225,1,1,-1.9695133603600092
60990,9,48.85350762937466,220,0.25,1,1,-1.9699575489535235
61120,9,49.306393481639965,223,0.25,1,1,-1.9788262272851105
61240,9,48.952911397120495,223,0.25,1,1,-1.9837815748994454
61360,9,49.30343449700125,226,0.25,1,1,-1.9843680288541337
61490,9,49.14723114976974,215,0.25,1,1,-1.9843515660220499
61600,9,48.97347003689677,215,0.075,1,1,-1.985522967168075
61730,9,49.4548666927589,218,0.075,1,1,-1.9283444721340686
61850,9,49.19955744882515,218,0.225,1,1,-1.934976727931384
61980,9,48.80524686392242,218,0.225,1,1,-1.9679933661871445
62100,9,49.2985763235098,221,0.225,1,1,-1.9696217076711044
62240,9,49.684309581380724,224,0.25,1,1,-1.9793281153783684
62360,9,49.22894423016184,224,0.25,1,1,-1.9841113670048565
62470,9,49.06167572523948,216,0.225,1,1,-1.9847508052249945
62600,9,48.83711825781419,216,0.075,1,1,-1.9817331870919237
62730,9,49.36603431645347,219,0.25,1,1,-1.932681303559497
62850,9,48.96878002459288,219,0.225,1,1,-1.9764749807929438
62970,9,49.33369631901263,222,0.075,1,1,-1.9728552971394606
63100,9,48.95614549322587,222,0.225,1,1,-1.9688697584263288
63230,9,49.534186959589704,219,0.25,1,1,-1.9776631721164613
63340,9,49.36222158450553,219,0.075,1,1,-1.9852300363525777
63470,9,49.19178271609159,219,0.075,1,1,-1.928477988514441
63590,9,49.00422244040011,219,0.075,1,1,-1.9343586593726227
63720,9,49.63283535662655,222,0.075,1,1,-1.9338233344862388
63840,9,49.27598815911376,222,0.225,1,1,-1.9393425309563739
63980,7,49.68008439412417,225,0.25,1,1,-1.9682823636147364
64100,7,49.31359768263924,225,0.25,1,1,-1.984481464096929
64230,9,49.68738750038185,228,0.25,1,1,-1.984437582998262
64350,9,49.52184239358006,219,0.25,1,1,-1.984840447490714
64460,9,49.36417879340944,219,0.075,1,1,-1.9849189809537897
64590,9,49.16184594298434,219,0.225,1,1,-1.932042736299781
64710,9,49.68283565764205,222,0.075,1,1,-1.9527973384929342
64840,9,49.442683518722404,222,0.225,1,1,-1.943373731145097
64960,9,49.18213093531145,222,0.225,1,1,-1.966908372770637
65090,9,49.678725928387756,225,0.225,1,1,-1.967893914852386
65210,9,49.41388973381403,225,0.225,1,1,-1.9701732478963394
65350,9,49.11031283300144,225,0.25,1,1,-1.9707661163617634
65470,9,49.63309610463425,228,0.25,1,1,-1.9797518572918633
65590,9,49.225678750506624,228,0.25,1,1,-1.9820898473703663
65720,9,49.634058100803195,231,0.25,1,1,-1.9841592235641765
65840,9,49.45979239271784,219,0.25,1,1,-1.9861766779982504
65960,9,49.26692964834573,219,0.075,1,1,-1.9875630803266122
66080,9,49.038821794366484,219,0.075,1,1,-1.9351481801681103
66210,9,48.801686117957686,219,0.225,1,1,-1.9408585752923233
66330,9,49.40341290787451,222,0.225,1,1,-1.9663597822895613
66460,9,49.16899443516462,222,0.225,1,1,-1.9675241035171045
66580,9,48.90804181739196,222,0.225,1,1,-1.9680599442044036
66700,9,49.40767252645024,225,0.225,1,1,-1.9671829560266665
66830,9,49.14479880318175,225,0.225,1,1,-1.9702144293874653
66960,9,48.80875670260706,225,0.25,1,1,-1.9709962968732329
67090,1,48.840921915598116,226,0.25,1,1,-1.9796152551694737
67210,9,49.30138503009274,229,0.25,1,1,-1.9836369826708453
67340,9,49.149388799963766,217,0.25,1,1,-1.9847832334424858
67450,9,48.987787651161206,217,0.075,1,1,-1.9844175843069018
67580,9,49.52089130232631,220,0.075,1,1,-1.9265356423699174
67700,9,49.276679802854865,220,0.075,1,1,-1.9305318222317542
67820,9,49.02655066730048,220,0.075,1,1,-1.93677343869416
67950,9,48.78604598622882,220,0.225,1,1,-1.952208951050396
68080,9,49.222655954078846,223,0.25,1,1,-1.9690544342082992
68200,9,48.863696152047055,223,0.075,1,1,-1.9779022865811255
68330,9,49.2158980880427,226,0.25,1,1,-1.9701802540980327
68460,9,49.05182329297479,217,0.25,1,1,-1.984561777654255
68570,9,48.82835154303048,217,0.075,1,1,-1.98724766389913
68700,9,49.14076621536442,219,0.225,1,1,-1.9314876832946257
68830,9,48.79627962386102,219,0.25,1,1,-1.9657258831790092
68950,9,49.282063111076795,222,0.25,1,1,-1.9837421656998084
69080,9,49.1229932899938,217,0.25,1,1,-1.9839919567654027
69190,9,48.95449529461597,217,0.075,1,1,-1.9846488709309933
69320,9,49.461447409013495,220,0.075,1,1,-1.9295239212859627
69440,9,49.22818065650557,220,0.225,1,1,-1.9331291322787973
69570,9,48.98606847852284,220,0.225,1,1,-1.9664487094052447
69690,9,49.45270404115086,223,0.225,1,1,-1.9670359946308564
69810,9,49.206821916339344,223,0.225,1,1,-1.9681293443367094
69940,9,48.84171186160045,223,0.225,1,1,-1.968685707872654
70070,4,49.313795911049986,226,0.25,1,1,-1.968571770112611
70200,4,48.9652836320976,226,0.25,1,1,-1.9847903321167473
70320,9,49.30160716619157,229,0.25,1,1,-1.983931039253407
70450,9,48.93135462821102,229,0.25,1,1,-1.9841551688392198
70570,9,49.29133893372153,232,0.25,1,1,-1.9856998883023382
70700,9,49.134123619619835,219,0.25,1,1,-1.9849756460023869
70810,9,48.95630982733369,219,0.075,1,1,-1.985706718866685
70930,9,49.50518739426144,222,0.075,1,1,-1.928765605608674
71060,9,49.24764270888045,222,0.075,1,1,-1.9363270994469097
71180,9,48.86574645300075,222,0.225,1,1,-1.938752086216622
71320,9,49.344551297927495,219,0.25,1,1,-1.9698595593121666
71430,9,49.18820051809001,219,0.075,1,1,-1.9853769130312988
71560,9,49.02415554517832,219,0.075,1,1,-1.926242975623821
71680,9,48.845501980164734,219,0.075,1,1,-1.9284061544771693
71810,9,49.466921211071025,222,0.075,1,1,-1.9314763256007503
71930,9,49.24063341359763,222,0.075,1,1,-1.9365994810377367
72050,9,49.00469669678977,222,0.225,1,1,-1.9403368194956443
72180,4,49.63527169593387,225,0.225,1,1,-1.9661139725601708
72300,4,49.47337631635527,217,0.225,1,1,-1.9673745271003955
72430,4,49.29987934880715,217,0.075,1,1,-1.9673391291558495
72550,4,49.057191691240575,217,0.075,1,1,-1.9306469986636967
72680,9,49.638149840808715,220,0.225,1,1,-1.9348865906834978
72800,9,49.290814932050665,220,0.225,1,1,-1.9681977562700965
72930,9,49.68918371633808,223,0.225,1,1,-1.9719001291191245
73060,9,49.337581802942054,223,0.25,1,1,-1.976908009739117
73180,9,49.70015538313154,226,0.25,1,1,-1.9837979515514383
73310,9,49.31696349367805,226,0.25,1,1,-1.9842779136134527
73430,9,49.16477744128385,217,0.25,1,1,-1.9841969298733522
73550,9,49.702679429308894,220,0.075,1,1,-1.9854200652325535
73670,9,49.536089514207006,220,0.075,1,1,-1.9266193349638132
73800,9,49.30447434935232,220,0.075,1,1,-1.933033642484769
73920,9,49.05277379882781,220,0.225,1,1,-1.9324313937114292
74050,9,48.80699721959415,220,0.225,1,1,-1.9668227376682328
74170,9,49.33936258783067,223,0.225,1,1,-1.9692289522261945
74290,9,49.69102176719671,226,0.225,1,1,-1.968559565716321
74430,9,49.511189283946,218,0.25,1,1,-1.9742574611847417
74540,9,49.27329115227081,218,0.075,1,1,-1.9853858584353115
74670,9,49.03615559964103,218,0.225,1,1,-1.9369776996282873
74790,9,48.764544030222616,218,0.225,1,1,-1.9676184512103874
74920,9,49.29297368765744,221,0.225,1,1,-1.96752408815193
75040,9,48.947692687600636,221,0.075,1,1,-1.971267621388194
75170,8,49.28995419541136,224,0.25,1,1,-1.9644532597805147
75300,8,49.13742029036919,217,0.25,1,1,-1.9840244634692208
75410,8,48.96202736448655,217,0.075,1,1,-1.9859011532361603
75540,9,49.394173025546046,220,0.075,1,1,-1.9267721812662633
75660,9,49.060605451831805,220,0.225,1,1,-1.9355277328245837
75800,9,48.70545373088512,220,0.25,1,1,-1.9735768214828415
75920,9,49.228803487681795,223,0.25,1,1,-1.9835295830791453
76050,9,48.81574326388666,223,0.25,1,1,-1.9844163218835122
76170,9,49.499428126849516,219,0.25,1,1,-1.9855656184517776
76280,9,49.34413694085858,219,0.075,1,1,-1.9863402487826447
76410,9,49.1870203583208,219,0.075,1,1,-1.9254983727135557
76530,9,49.02313470596608,219,0.075,1,1,-1.9279603301592938
76660,9,48.85040345513091,219,0.075,1,1,-1.9287247488948176
76780,9,49.48984307940448,222,0.075,1,1,-1.9314155810033766
76910,9,49.257434092830586,222,0.075,1,1,-1.9346237867021314
77030,9,49.03340602578079,222,0.225,1,1,-1.9335022167477836
77160,9,48.79012876835418,222,0.225,1,1,-1.9669256103646224
77280,9,49.404730017480716,225,0.225,1,1,-1.9658033122893934
77400,9,49.17317341164201,225,0.225,1,1,-1.9682675160219087
77540,9,49.65362866882201,228,0.25,1,1,-1.9674810840628174
77660,9,49.309888677019636,228,0.25,1,1,-1.9771253688103467
77790,2,49.51031290685477,230,0.25,1,1,-1.9838965841932314
77910,2,49.344525714151835,216,0.25,1,1,-1.9839612703881382
78030,2,49.17220777714615,216,0.075,1,1,-1.9863007852606067
78150,2,48.97926902360863,216,0.075,1,1,-1.9321332117073045
78280,9,49.458254657492475,219,0.075,1,1,-1.9344809913392125
78400,9,49.23094446798556,219,0.225,1,1,-1.9408797182260267
78530,9,49.66706630050489,222,0.25,1,1,-1.9677911722125518
78650,9,49.318036766211726,222,0.075,1,1,-1.9767355019152748
78770,9,48.958131709601425,222,0.225,1,1,-1.965649416087224
78910,9,49.33960922225594,225,0.25,1,1,-1.9770065245655724
79030,9,49.17895836816498,216,0.25,1,1,-1.9845974095692007
79150,9,49.008752205542486,216,0.075,1,1,-1.9842813447937393
79270,9,49.65398362740543,219,0.075,1,1,-1.9301570434261006
79400,9,49.42831620267639,219,0.225,1,1,-1.9337409106292542
79520,9,49.18746353621183,219,0.225,1,1,-1.9574757746708176
79640,9,49.68185384652562,222,0.225,1,1,-1.9660292955970098
79770,9,49.42050357948348,222,0.225,1,1,-1.967978492037707
79890,9,49.06369369433078,222,0.225,1,1,-1.970240531931435
80030,9,49.615484552227265,225,0.25,1,1,-1.9702552421007924
80150,9,49.216046591546494,225,0.25,1,1,-1.9844800371282874
80280,9,49.6500638496046,228,0.25,1,1,-1.9846546271538121
80400,9,49.26370448813731,228,0.25,1,1,-1.9859375383539233
80520,9,49.66194167413736,231,0.25,1,1,-1.9858650767505346
80650,9,49.432283946468424,218,0.25,1,1,-1.9855243497314394
80760,9,49.18887724330916,218,0.225,1,1,-1.986094842981979
80890,9,49.68653102755223,221,0.225,1,1,-1.9665660781099266
81010,9,49.43193352363243,221,0.225,1,1,-1.9682827870828727
81140,9,49.08398202137439,221,0.225,1,1,-1.9686814897657088
81260,9,49.62073954385335,224,0.225,1,1,-1.969545113917147
81400,9,49.2419715945357,224,0.25,1,1,-1.9769439645088351
81520,9,49.656513027898086,227,0.25,1,1,-1.9847491353862516
81640,9,49.49424428670774,219,0.25,1,1,-1.9852715130201608
81760,9,49.32619144741541,219,0.075,1,1,-1.9859923750199961
81880,9,49.15248972514144,219,0.075,1,1,-1.9307925691780192
82010,9,48.974869107139604,219,0.075,1,1,-1.9329677217828771
82130,9,49.46758577756102,222,0.075,1,1,-1.9349564845749287
82260,9,49.235244258259435,222,0.225,1,1,-1.936264089605344
82380,9,49.65110440769569,225,0.225,1,1,-1.96643515632625
82510,9,49.49100298174926,218,0.075,1,1,-1.9669168940829855
82630,9,49.31703456990083,218,0.075,1,1,-1.9698779470021084
82750,9,49.13784503101245,218,0.075,1,1,-1.9299383965189278
82880,9,48.93546043047073,218,0.075,1,1,-1.9350472810275074
83000,9,49.429119608651966,221,0.075,1,1,-1.9367720299319275
83130,9,49.19643325245652,221,0.225,1,1,-1.9433868458232872
83260,9,48.85902913617692,221,0.25,1,1,-1.9696380122654569
83390,9,49.275838512734055,224,0.25,1,1,-1.9772267207743937
83510,9,49.120988113772434,216,0.25,1,1,-1.983695429685509
83630,9,48.95996736238849,216,0.075,1,1,-1.98551574524398
83750,9,49.465295588508674,219,0.075,1,1,-1.9277731334240458
83870,9,49.230894312911325,219,0.225,1,1,-1.9303034326392965
84000,9,48.99449717705697,219,0.225,1,1,-1.9661491615698123
84120,9,49.44729715528532,222,0.225,1,1,-1.9671807721070316
84250,9,49.05674766962881,222,0.225,1,1,-1.9674321435169981
84370,9,48.70824610116747,222,0.225,1,1,-1.9695643712546826
84510,9,49.08098170010697,224,0.25,1,1,-1.9791555943975545
84630,9,48.72476657617731,224,0.25,1,1,-1.9841547395748635
84760,9,49.24406854394167,227,0.25,1,1,-1.9840091149681909
84880,9,48.83374920186727,227,0.25,1,1,-1.9844572510811191
85000,9,49.496353757021474,218,0.25,1,1,-1.9852482558925897
85120,9,49.34007477521488,218,0.075,1,1,-1.986261356947051
85240,9,49.173322018178624,218,0.075,1,1,-1.9291255952611794
85370,9,48.94028376159655,218,0.075,1,1,-1.9283761299105782
85490,9,49.42050930652989,221,0.225,1,1,-1.9324915444260826
85620,9,49.188541638357854,221,0.225,1,1,-1.9670066681174678
85750,9,48.850564464532134,221,0.25,1,1,-1.970674021826129
85880,9,49.31152978378742,224,0.25,1,1,-1.9771623590112235
86000,9,48.926697110509,224,0.25,1,1,-1.9837198810401002
86120,9,49.27490289994951,227,0.25,1,1,-1.9841304555130133
86250,9,49.12519792166598,217,0.25,1,1,-1.9854742986400908
86360,9,48.97312601901315,217,0.075,1,1,-1.986166798332504
86490,9,49.520491893824904,220,0.075,1,1,-1.9255092793048831
86610,9,49.26207372889473,220,0.075,1,1,-1.9265690305408325
86740,9,48.986700246364634,220,0.225,1,1,-1.9354795841746477
86860,9,49.55078186933035,218,0.225,1,1,-1.9699513950637708
86980,9,49.3893737506752,218,0.075,1,1,-1.971620114882613
87110,9,49.2247925477836,218,0.075,1,1,-1.9251787201353796
87230,9,48.9946052144124,218,0.075,1,1,-1.9304560401054622
87360,9,49.465337434750325,221,0.225,1,1,-1.9316799393374249
87480,9,49.190159513226014,221,0.225,1,1,-1.9666359442229469
87610,9,49.67872684113434,224,0.225,1,1,-1.9674783694507907
87730,9,49.32905852201468,224,0.225,1,1,-1.971602025116418
87870,9,49.683375089939574,227,0.25,1,1,-1.971535065142043
87990,9,49.271556433347115,227,0.25,1,1,-1.9842013481049812
88110,9,49.11904082066654,217,0.25,1,1,-1.9858831882722452
88230,9,49.692897674763834,220,0.075,1,1,-1.9863046416145815
88350,9,49.528976258222826,220,0.075,1,1,-1.9267641603756378
88480,9,49.35727980130216,220,0.075,1,1,-1.928053370473621
88600,9,49.15250973005956,220,0.075,1,1,-1.9314292268607463
88730,9,49.68300188076545,223,0.075,1,1,-1.9342650228331735
88850,9,49.454884111186956,223,0.225,1,1,-1.9439843717467373
88980,9,49.194517787415954,223,0.225,1,1,-1.9655725956249654
89110,9,49.66139039805598,226,0.25,1,1,-1.9663611108758583
89230,9,49.31378988615228,226,0.25,1,1,-1.9794377539732424
89360,9,49.66882206314488,229,0.25,1,1,-1.9836920557487734
89480,9,49.50848560909711,218,0.25,1,1,-1.984118532190221
89600,9,49.27932561456219,218,0.075,1,1,-1.986845507571844
89720,9,49.03938891015532,218,0.225,1,1,-1.9300321041328412
89850,9,48.80492953544171,218,0.225,1,1,-1.9665001268484228
89970,9,49.3796130737511,221,0.225,1,1,-1.9678678068506514
90100,9,49.12204016610624,221,0.225,1,1,-1.9671881490431422
90220,9,48.85227260749042,221,0.225,1,1,-1.9707524000629273
90340,7,49.32544698241411,224,0.225,1,1,-1.9698625361430238
90480,7,48.974677878280986,224,0.25,1,1,-1.9710912932178322
90600,9,49.30144860745288,227,0.25,1,1,-1.983569613201422
90730,9,48.89815819690428,227,0.25,1,1,-1.9842450392099615
90850,9,49.51623721009973,219,0.25,1,1,-1.9857926316327328
90970,9,49.35913406142441,219,0.075,1,1,-1.9860541692293208
91090,9,49.19734228971336,219,0.075,1,1,-1.9287969518147186
91220,9,48.959469032944895,219,0.075,1,1,-1.928719185910697
91340,9,49.29658623871077,221,0.225,1,1,-1.9306064876539917
91460,9,49.029092821791,221,0.225,1,1,-1.9676153825430878
91590,9,48.683101943286516,221,0.225,1,1,-1.9679908731728415
91720,9,49.22660913490631,224,0.25,1,1,-1.9708705316675237
91850,9,48.836941387331066,224,0.25,1,1,-1.9840533858562375
91970,9,49.504531509041755,218,0.25,1,1,-1.9854202962198368
92090,9,49.336731142025414,218,0.075,1,1,-1.9856314748337272
92210,9,49.15565676241314,218,0.075,1,1,-1.9260297721523965
92330,9,48.95680374448353,218,0.075,1,1,-1.9328758085442315
92460,9,49.53330672261073,221,0.075,1,1,-1.9373709527641805
92590,9,49.29064934869783,221,0.25,1,1,-1.9424766195633882
92710,9,48.92338402883891,221,0.225,1,1,-1.9673779603750698
92840,9,49.30645226327954,224,0.25,1,1,-1.9681941641763798
92970,9,48.87387238453521,224,0.25,1,1,-1.9848686264780717
93090,9,49.51192244847768,218,0.25,1,1,-1.9851266456203898
93210,9,49.34807139565524,218,0.075,1,1,-1.986873342258378
93330,9,49.09067403156645,218,0.075,1,1,-1.9275851178163927
93450,9,48.701405612397565,218,0.225,1,1,-1.9314023740352013
93590,9,49.221553123367414,221,0.25,1,1,-1.9698440096903418
93710,9,48.84123750677194,221,0.25,1,1,-1.9856186406527792
93840,9,49.49806421051933,218,0.25,1,1,-1.9857589326603076
93950,9,49.33997384209948,218,0.075,1,1,-1.9853238728939142
94080,9,49.156521894416606,218,0.075,1,1,-1.9293329242168165
94210,9,48.93158581689688,218,0.25,1,1,-1.9291255614982339
94330,9,49.40988660658651,221,0.225,1,1,-1.971667004681574
94450,9,49.06964294778939,221,0.225,1,1,-1.965928880894818
94580,9,48.71172852513071,221,0.25,1,1,-1.9714500952337974
94710,9,49.23186708975741,224,0.25,1,1,-1.983815786695515
94830,9,49.069682251473,216,0.25,1,1,-1.9845221538125069
94950,9,48.918142125135056,216,0.075,1,1,-1.985526422426257
95070,9,49.42693755234677,219,0.225,1,1,-1.9307599126238193
95200,9,49.18946080306033,219,0.075,1,1,-1.9510365578206006
95320,9,48.93290568754138,219,0.225,1,1,-1.9536195232120848
95450,9,49.4124362880262,222,0.225,1,1,-1.9675663823068064
95570,9,49.059783694022464,222,0.225,1,1,-1.9697547730102252
95700,9,49.605118860053366,225,0.25,1,1,-1.9712463329792405
95830,9,49.45017953567077,217,0.25,1,1,-1.9843191683222745
95940,9,49.292319790612645,217,0.075,1,1,-1.9857219956634344
96070,9,49.11818192115407,217,0.075,1,1,-1.9278109817694917
96190,9,49.68709582512374,220,0.075,1,1,-1.929031068247452
96320,9,49.45476144614951,220,0.075,1,1,-1.9351048340469115
96440,9,49.229443330265696,220,0.225,1,1,-1.9351372690653819
96570,9,49.703557439887625,223,0.225,1,1,-1.9669159713128381
96690,9,49.356268009754764,223,0.225,1,1,-1.9659814151836779
96810,6,49.68284444343401,226,0.225,1,1,-1.9666029556139393
96940,6,49.30252082215965,226,0.075,1,1,-1.9769053527879956
97070,9,49.66739052273148,229,0.25,1,1,-1.970719911940772
97200,9,49.51803847803162,218,0.25,1,1,-1.9853241426034745
97310,9,49.358500788239716,218,0.075,1,1,-1.9866742151689405
97440,9,49.197932343930006,218,0.075,1,1,-1.9253484833511185
97560,9,49.693629983540326,221,0.075,1,1,-1.9297125423880417
97680,9,49.42851825456125,221,0.225,1,1,-1.9301243403926405
97810,9,49.15397248349961,221,0.225,1,1,-1.9668637697245277
97930,9,49.66408756586886,224,0.225,1,1,-1.9706353242165577
98060,9,49.32237726824873,224,0.225,1,1,-1.971543375982075
98190,9,49.69408318372513,227,0.25,1,1,-1.972709372348868
98320,9,49.531812048285616,218,0.25,1,1,-1.983877173961121
98430,9,49.3672553647387,218,0.075,1,1,-1.9844045301684854
98560,9,49.19752369545884,218,0.075,1,1,-1.9307935005844492
98680,9,48.94546735168123,218,0.075,1,1,-1.931670657030271
98800,9,49.403100539869634,221,0.075,1,1,-1.9335721678435862
98940,9,49.05642299399913,221,0.25,1,1,-1.9535444537383577
99060,9,48.67327781550984,221,0.25,1,1,-1.9810141730000301
99190,3,49.45645218070207,217,0.25,1,1,-1.9840812506573682
99300,3,49.22333996795563,217,0.075,1,1,-1.9854185145220478
99430,3,48.99845650530428,217,0.225,1,1,-1.9258440461745283
99550,9,49.440078208361264,220,0.225,1,1,-1.967016166284217
99680,9,49.171217934662195,220,0.225,1,1,-1.9659216320341184
99800,9,48.83605032701452,220,0.225,1,1,-1.9704402722632357
99930,9,49.22454138987494,223,0.25,1,1,-1.971003660677361
100050,9,48.8357911238307,223,0.075,1,1,-1.983599207730273
100170,9,49.30181047574128,226,0.225,1,1,-1.9709474412410166
100310,9,48.94404284591094,226,0.25,1,1,-1.9790718949068575
100430,9,49.5327527356367,219,0.25,1,1,-1.9843420775313698
100550,9,49.38030491185968,219,0.075,1,1,-1.9845165713942485
100670,9,49.22541056565862,219,0.075,1,1,-1.9275683969488184
100800,9,49.055103059234845,219,0.075,1,1,-1.9267344198887417
100920,9,48.82336938463238,219,0.075,1,1,-1.9277918434482582
101040,9,49.41752263713566,222,0.225,1,1,-1.9337768331943224
101170,9,49.162056738275865,222,0.225,1,1,-1.96683813961701
101290,9,48.90227823989237,222,0.225,1,1,-1.967110094623315
101420,9,49.44322282136101,225,0.225,1,1,-1.969638509549144
101550,9,49.154836235531455,225,0.25,1,1,-1.970093204562112
101670,9,48.984985513957334,215,0.225,1,1,-1.9771226353454572
101790,9,49.522254502494384,218,0.075,1,1,-1.9727693983684114
101920,9,49.338672180807656,218,0.075,1,1,-1.9336145919177847
102040,9,49.11568175278932,218,0.075,1,1,-1.9360609055925866
102160,9,48.8708382062167,218,0.225,1,1,-1.9381493553052764
102290,8,49.37837712061994,221,0.225,1,1,-1.9656585852441761
102420,8,49.03608579362432,221,0.25,1,1,-1.9684512267201437
102550,9,49.614316802690134,224,0.25,1,1,-1.9811693582146306
102670,9,49.25288449896627,224,0.25,1,1,-1.983901348938558
102800,9,49.673090807451345,227,0.25,1,1,-1.9837109051395658
102920,9,49.29215500526433,227,0.25,1,1,-1.9846545888709375
103050,9,49.67987550408957,230,0.25,1,1,-1.9844567867263476
103170,9,49.24090948518508,230,0.25,1,1,-1.9853447360550052
103290,9,49.08464196812018,217,0.25,1,1,-1.9850576784237235
103410,9,49.67456919067312,220,0.075,1,1,-1.9870375163323195
103530,9,49.42486891605179,220,0.075,1,1,-1.9283713331064438
103660,9,49.165356636605864,220,0.225,1,1,-1.9379615103318222
103780,9,49.674934673721275,223,0.225,1,1,-1.969006429709548
103910,9,49.33980307852541,223,0.225,1,1,-1.9700655676712349
104040,9,49.702018655595474,226,0.25,1,1,-1.9703676926159654
104160,9,49.34539577145661,226,0.25,1,1,-1.9835976479267974
104290,9,49.68801154072212,229,0.25,1,1,-1.9840329956808578
104410,9,49.30543574321893,229,0.25,1,1,-1.9844728810204844
104540,9,49.15440468125908,219,0.25,1,1,-1.9859044045708514
104650,9,49.703420990677834,222,0.075,1,1,-1.985399581968542
104780,9,49.531142214057716,222,0.075,1,1,-1.9261069596979825
104900,9,49.36280090324987,222,0.075,1,1,-1.927988970182162
105030,9,49.10925715885289,222,0.225,1,1,-1.9344674274209561
105150,9,49.6597457569708,225,0.225,1,1,-1.955567658401613
105270,9,49.400578912941306,225,0.225,1,1,-1.9694309352265351
105410,9,49.0332983119094,225,0.25,1,1,-1.9698669989218107
105530,9,49.59869988375894,228,0.25,1,1,-1.9793516386241534
105660,9,49.37187077789419,219,0.25,1,1,-1.9848691783388537
105770,9,49.1332611627884,219,0.225,1,1,-1.9855675309254521
105900,9,48.871589468560174,219,0.225,1,1,-1.96618748525767
106020,9,49.38227093353871,222,0.225,1,1,-1.9677059557943368
106150,9,49.040496892965706,222,0.225,1,1,-1.9702881423392624
106280,9,48.69365323728067,222,0.25,1,1,-1.972340020476884
106400,9,49.23755842070601,225,0.25,1,1,-1.9838798301091645
106530,9,48.80469362483853,225,0.25,1,1,-1.9840879748988105
106650,9,49.49237692585284,220,0.25,1,1,-1.9851552537282438
106770,9,49.337252688389206,220,0.075,1,1,-1.9868807695256858
106890,9,49.179407479079565,220,0.075,1,1,-1.9271750750857688
107020,9,49.00187949655478,220,0.075,1,1,-1.9278895500952735
107140,9,48.822034457477564,220,0.075,1,1,-1.9290251035793722
107270,9,49.42031258691629,223,0.075,1,1,-1.9362338264557726
107390,9,49.185210857580465,223,0.075,1,1,-1.9369817018710074
107510,9,48.83747877240831,223,0.225,1,1,-1.94969303466099
107650,9,49.269295101489405,226,0.25,1,1,-1.967269470486431
107770,9,48.839871276532975,226,0.25,1,1,-1.9841238308492588
107900,9,49.21201687356981,229,0.25,1,1,-1.9855209135526009
108020,9,49.04030160180657,218,0.25,1,1,-1.9867904142413633
108140,9,48.861972657193384,218,0.075,1,1,-1.9871695918860204
108260,9,49.40925763239291,221,0.075,1,1,-1.9342715833544246
108390,9,49.2610053774088,218,0.225,1,1,-1.9364944849926402
108510,9,49.10892686435647,218,0.075,1,1,-1.969431515808115
108630,9,48.95615353466653,218,0.075,1,1,-1.9248426862401884
108760,9,49.53606704630503,221,0.075,1,1,-1.9265719456529222
108880,9,49.37610924336712,221,0.075,1,1,-1.9268769939557984
109010,9,49.21980299355804,221,0.075,1,1,-1.9276855989137407
109130,9,49.05916595775192,221,0.075,1,1,-1.9298810017979173
109260,1,49.22090606178122,222,0.075,1,1,-1.9283875360073932
109380,1,48.98434171299694,222,0.225,1,1,-1.9301515621199303
109500,9,49.44363409226549,225,0.225,1,1,-1.9663193987503562
109630,9,49.08476210187846,225,0.225,1,1,-1.9674530137059814
109750,9,48.72862404084409,225,0.225,1,1,-1.9696346738036288
109890,9,49.464713840922975,216,0.25,1,1,-1.9775604910919633
110000,9,49.302942258314374,216,0.075,1,1,-1.984454293174075
110130,9,49.6866142123534,219,0.075,1,1,-1.9293261804353925
110260,9,49.330916108200526,219,0.25,1,1,-1.9305985878070915
110390,8,49.69088309519213,222,0.25,1,1,-1.9846242100158507
110510,8,49.248642367028744,222,0.25,1,1,-1.9844373819217016
110630,8,49.07704412430289,216,0.25,1,1,-1.9851139644702485
110750,9,49.672497769561424,219,0.075,1,1,-1.9871198732983117
110870,9,49.44137940564776,219,0.075,1,1,-1.934230754030069
111000,9,49.20588690822477,219,0.225,1,1,-1.9377738618568987
111120,9,49.69403708296431,222,0.225,1,1,-1.9667580023914608
111250,9,49.34201988622852,222,0.225,1,1,-1.9673187275668962
111380,9,49.699324410397566,225,0.25,1,1,-1.967693950370315
111510,9,49.32142292200004,225,0.25,1,1,-1.9842942488364186
111630,9,49.1404978424044,217,0.25,1,1,-1.984479659075717
111740,7,49.679126746856085,220,0.075,1,1,-1.9852420133188338
111870,7,49.386482734253086,220,0.225,1,1,-1.9373239532149904
111990,7,49.052984854126656,220,0.225,1,1,-1.9657221605328035
112130,9,49.617430647649606,223,0.25,1,1,-1.973123482916491
112250,9,49.44639390397031,218,0.25,1,1,-1.983526535326536
112370,9,49.26336338992922,218,0.075,1,1,-1.9839784024508882
112490,9,49.071578757467755,218,0.075,1,1,-1.9340341041154965
112620,9,48.88194852939443,218,0.075,1,1,-1.937979865164568
112740,9,49.440531272193866,221,0.225,1,1,-1.9405569299955072
112860,9,49.21535354916379,221,0.225,1,1,-1.9601773025805103
112990,9,48.974398680014545,221,0.225,1,1,-1.9663713503455902
113110,9,49.458649444866396,224,0.225,1,1,-1.965962130082476
113240,9,49.20469224340838,224,0.225,1,1,-1.9679907908294267
113360,9,48.956308790767046,224,0.225,1,1,-1.9675653837491478
113490,9,49.42518694588099,227,0.225,1,1,-1.969475846181921
113610,9,49.170136414212195,227,0.225,1,1,-1.9688580102597533
113740,9,48.818625531439274,227,0.225,1,1,-1.970681025483622
113870,9,49.261979896097955,230,0.25,1,1,-1.9695939151681774
113990,9,48.87391027070819,230,0.25,1,1,-1.9842743277907013
114120,9,49.51638639890039,218,0.25,1,1,-1.9855771570412004
114230,9,49.35806856604276,218,0.075,1,1,-1.9855799544614956
114360,9,49.18132741339004,218,0.075,1,1,-1.925623827560012
114480,9,48.94357882396413,218,0.075,1,1,-1.9292184998049624
114610,9,49.442132584190325,221,0.225,1,1,-1.9359755358628123
114730,9,49.18367511470834,221,0.225,1,1,-1.9675999935553077
114850,9,48.94442712111699,221,0.225,1,1,-1.9684524140284814
114990,9,49.398661134937825,224,0.25,1,1,-1.9699555130657456
115100,9,49.04667541690814,224,0.225,1,1,-1.9777966464296675
115240,9,48.6544652117856,224,0.25,1,1,-1.9727854157417382
115360,9,49.167429428740654,227,0.25,1,1,-1.9842930119582527
115490,9,49.01253984275783,216,0.25,1,1,-1.9857125788742
115600,9,48.85924852899451,216,0.075,1,1,-1.986907507744169
115730,9,49.43857850068261,219,0.075,1,1,-1.9277898173361032
115850,9,49.20825175675548,219,0.225,1,1,-1.927102669627051
115970,9,48.921969206784524,219,0.225,1,1,-1.9657188096907152
116100,9,49.38442261371692,222,0.225,1,1,-1.96665428280541
116220,9,49.050574782151685,222,0.225,1,1,-1.9725905683677218
116360,9,49.610271860379996,225,0.25,1,1,-1.9734083883535103
116480,9,49.23388459578556,225,0.25,1,1,-1.9835418262114493
116610,9,49.639236137782035,228,0.25,1,1,-1.9848193987318605
116730,9,49.48902406052616,218,0.25,1,1,-1.9851901357986148
116850,9,49.33440329420523,218,0.075,1,1,-1.987345413781591
116970,9,49.18062957042546,218,0.075,1,1,-1.925739036577992
117090,9,49.0051841280383,218,0.225,1,1,-1.9276752029545654
117220,9,49.652131539428815,221,0.075,1,1,-1.9516946948318492
117340,9,49.459873815542444,221,0.075,1,1,-1.9355453006889174
117470,9,49.23202445516044,221,0.075,1,1,-1.9367882821104794
117590,9,49.69830337005809,224,0.225,1,1,-1.9406897013992268
117720,9,49.44080059378519,224,0.225,1,1,-1.9663251066927918
117840,9,49.07302775216795,224,0.225,1,1,-1.9690679987447683
117980,9,49.61863339089444,227,0.25,1,1,-1.9698551376316216
118100,9,49.44544772530544,216,0.25,1,1,-1.9848869306347785
118210,9,49.10078145678831,216,0.075,1,1,-1.9846062392445227
118340,9,49.633316531784914,219,0.075,1,1,-1.934780019518512
118470,9,49.267206871292174,219,0.25,1,1,-1.964787254889414
118600,9,49.67452100125292,222,0.25,1,1,-1.9837352415554619
118720,9,49.323533984565316,222,0.25,1,1,-1.9848267586720318
118850,9,49.686147544046655,225,0.25,1,1,-1.9848117992629744
118970,9,49.25069862314021,225,0.25,1,1,-1.9842536560782527
119100,9,49.09529048130925,217,0.25,1,1,-1.9854065787312376
119210,9,49.68147552061315,220,0.075,1,1,-1.9869476915971138
119330,9,49.449654130498374,220,0.075,1,1,-1.9280098276584876
119460,9,49.15482697838945,220,0.225,1,1,-1.9337779288299948
119580,9,49.650251249165734,223,0.225,1,1,-1.9668495294513197
119720,9,49.27411440535246,223,0.25,1,1,-1.9733011331969994
119840,2,49.5003017542068,225,0.25,1,1,-1.983601866582905
119970,2,49.350379445772575,218,0.25,1,1,-1.9851815163596804
120080,2,49.195890329370926,218,0.075,1,1,-1.985906820589428
120210,2,49.022882143073645,218,0.075,1,1,-1.925607931224895
120330,9,49.658641205296576,221,0.075,1,1,-1.9276189319701729
120450,9,49.421215831273656,221,0.075,1,1,-1.9347190948486417
120580,9,49.08756444578622,221,0.225,1,1,-1.935385235457551
120710,9,49.61330644887271,224,0.25,1,1,-1.9675600215745042
120840,9,49.22579937300882,224,0.25,1,1,-1.9835332465566808
120960,9,49.65602660696883,227,0.25,1,1,-1.9857266662156776
121090,9,49.50012922735411,218,0.25,1,1,-1.9855617184716652
121200,9,49.33366237760656,218,0.075,1,1,-1.985535775777115
121320,9,49.164633214675234,218,0.075,1,1,-1.9282161028210025
121450,9,48.97570974447928,218,0.075,1,1,-1.9323858601252542
121570,9,49.4652774871668,221,0.075,1,1,-1.933320652439397
121700,9,49.224864626085704,221,0.075,1,1,-1.9397401834561054
121820,9,48.98773255665046,221,0.225,1,1,-1.949804376986704
121950,9,49.45061179772282,224,0.225,1,1,-1.9679254495024157
122070,9,49.071269350120616,224,0.225,1,1,-1.9675236557628804
122210,9,48.64747736373531,224,0.25,1,1,-1.968979138593756
122330,9,49.45059226687231,217,0.25,1,1,-1.9852909986860647
122440,9,49.278848780821356,217,0.075,1,1,-1.9866393820533366
122570,9,49.104400984669205,217,0.075,1,1,-1.9250311829623417
122690,9,48.869722853512016,217,0.075,1,1,-1.9342814187445023
122820,9,49.42723640028277,220,0.225,1,1,-1.9352098142496463
122940,9,49.17530207468442,220,0.225,1,1,-1.9672158926200716
123070,9,48.78575510557503,220,0.225,1,1,-1.9676145695495197
123200,9,49.38156825209953,216,0.25,1,1,-1.9692547313826692
123320,9,49.12285516850635,216,0.225,1,1,-1.9856275958428127
123440,9,48.83359277052395,216,0.225,1,1,-1.9699762404795549
123560,9,49.5000470000962,216,0.225,1,1,-1.9699822640631226
123690,9,49.340973923359016,216,0.075,1,1,-1.9728430795689451
123810,9,49.17194120279263,216,0.075,1,1,-1.927559736466654
123940,9,48.949609282708344,216,0.075,1,1,-1.929525237507546
124060,9,49.45899560845772,219,0.225,1,1,-1.9333219312658887
124190,9,49.229557996251565,219,0.225,1,1,-1.9655660488440596
124310,9,48.995217407736284,219,0.225,1,1,-1.9665819079729498
124440,9,49.44081316924757,222,0.225,1,1,-1.9665369468393477
124560,9,49.139838082066774,222,0.225,1,1,-1.9671730627260575
124680,9,48.80128531973242,222,0.225,1,1,-1.9702678621924046
124820,9,49.292266268818295,225,0.25,1,1,-1.973787729667814
124940,9,49.68726214841762,228,0.25,1,1,-1.983744357664842
125070,9,49.25687162702342,228,0.25,1,1,-1.9843155037191078
125190,9,49.10565222311359,215,0.25,1,1,-1.9841248143550678
125310,9,49.68856821833769,218,0.075,1,1,-1.9868159434923196
125430,9,49.515790322318026,218,0.075,1,1,-1.9261910270954499
125560,9,49.2811331769649,218,0.075,1,1,-1.9285661626054698
125680,9,49.037195008052095,218,0.225,1,1,-1.934639860516671
125800,9,49.61273680781836,221,0.225,1,1,-1.967213233324748
125940,9,49.16422521174689,221,0.25,1,1,-1.968345318126355
126060,9,49.701907693556045,217,0.25,1,1,-1.9839805332615903
126180,9,49.50681168515405,217,0.075,1,1,-1.9872742437614002
126300,9,49.255886842091094,217,0.075,1,1,-1.9337694777770797
126430,9,49.0107049476796,217,0.225,1,1,-1.9414731054444612
126550,9,49.62086093839268,220,0.225,1,1,-1.9691430731181052
126670,9,49.28260090008994,220,0.225,1,1,-1.9684906078573554
126810,9,49.68047955268238,223,0.25,1,1,-1.9729297437656146
126930,9,49.30779572914719,223,0.25,1,1,-1.9837319200499735
127060,9,49.678223478407986,226,0.25,1,1,-1.984637795015086
127180,9,49.30286023531072,226,0.25,1,1,-1.985061490729855
127310,9,49.66353068984836,229,0.25,1,1,-1.9857624966880814
127430,9,49.50582112399217,218,0.25,1,1,-1.9851548169939033
127550,9,49.283255902948675,218,0.075,1,1,-1.9870242788107055
127670,9,49.04316253101586,218,0.225,1,1,-1.9289693917787902
127790,9,49.64417464415428,221,0.225,1,1,-1.9655988949466572
127920,9,49.400375649445245,221,0.225,1,1,-1.9678867975980256
128040,9,49.14518496717334,221,0.225,1,1,-1.9683611519141482
128170,9,48.77674495792995,221,0.225,1,1,-1.9683289691731833
128290,9,49.289656991864554,224,0.225,1,1,-1.969608977927351
128430,9,48.88379764686934,224,0.25,1,1,-1.978070915234079
128550,9,49.517402133463456,218,0.25,1,1,-1.9841304694094166
128670,9,49.29184335878731,218,0.075,1,1,-1.9861307192991013
128790,9,49.05785201432891,218,0.225,1,1,-1.9264804254961496
128910,9,48.792228375404136,218,0.225,1,1,-1.9660144183722328
129040,9,49.29419291908266,221,0.225,1,1,-1.9671286199744389
129160,9,48.952325812420845,221,0.075,1,1,-1.9706862298149956
129300,9,49.18222663573064,223,0.25,1,1,-1.9650776353945438
129420,9,48.8303690094363,223,0.25,1,1,-1.9838837063766839
129550,9,49.27319217912745,226,0.25,1,1,-1.9842990873797453
129670,9,48.84415474388369,226,0.25,1,1,-1.9842879766426245
129800,9,49.50344842224531,219,0.25,1,1,-1.9853216781111307
129910,9,49.34645342396332,219,0.075,1,1,-1.9867801781724308
130030,9,49.18744558848317,219,0.075,1,1,-1.9274430021636302
130160,9,49.018140787511165,219,0.075,1,1,-1.928674367145299
130280,9,48.841093311280304,219,0.075,1,1,-1.929498851317664
130410,9,49.46423588666047,222,0.075,1,1,-1.933419578980516
130530,9,49.21347799078495,222,0.075,1,1,-1.936076356614627
130660,9,48.95170787022441,222,0.225,1,1,-1.940725131892656
130780,9,49.431056873935006,225,0.225,1,1,-1.969124521782592
130910,9,49.17325049094234,225,0.225,1,1,-1.9702982009982783
131030,9,48.8907225000188,225,0.225,1,1,-1.9699429975255462
131150,9,49.311981587452266,228,0.225,1,1,-1.9698871380260126
131290,9,48.92062956930968,228,0.25,1,1,-1.9722649201677966
131410,7,49.267667637312755,231,0.25,1,1,-1.9845762675044625
131540,7,49.11870425613601,217,0.25,1,1,-1.9856853199091977
131650,7,48.95806767670319,217,0.075,1,1,-1.9863247502891845
131780,9,49.5256903431882,220,0.075,1,1,-1.925170558656138
131900,9,49.35565665540901,220,0.075,1,1,-1.9301513810745454
132020,9,49.16480162209504,220,0.075,1,1,-1.9320591478159437
132150,9,48.967361052121724,220,0.075,1,1,-1.933679679410264
132270,9,49.470546896028964,223,0.075,1,1,-1.9402941775025762
132400,9,49.31223444099875,216,0.225,1,1,-1.9421037072947336
132520,9,49.139929461344096,216,0.075,1,1,-1.96572787241739
132650,9,49.699776134256076,219,0.075,1,1,-1.9292163054905052
132780,9,49.47734187726446,219,0.25,1,1,-1.934476503984329
132900,9,49.22444691219632,219,0.225,1,1,-1.9665034913419108
133020,9,49.66964094918864,222,0.225,1,1,-1.9655804650561852
133150,9,49.303477075598174,222,0.25,1,1,-1.9693601710062485
133280,9,49.68900535189649,225,0.25,1,1,-1.9837806039615873
133400,9,49.295538007207945,225,0.25,1,1,-1.9848287285997028
133530,5,49.680226466033496,228,0.25,1,1,-1.9843360372671075
133650,5,49.2451962210153,228,0.25,1,1,-1.9857522966086276
133780,9,49.64277195326234,231,0.25,1,1,-1.9851343959634722
133900,9,49.49064247459762,219,0.25,1,1,-1.9869369026544337
134020,9,49.340523992577566,219,0.075,1,1,-1.9873304960545384
134140,9,49.18202493296029,219,0.075,1,1,-1.9265944127066064
134260,9,49.01878911027944,219,0.075,1,1,-1.925696742979418
134390,9,49.62425543585679,222,0.075,1,1,-1.9292923615976325
134510,9,49.26591539654658,222,0.225,1,1,-1.9311666303938726
134650,9,49.66870718592748,225,0.25,1,1,-1.9726456190196573
134770,9,49.28173711876742,225,0.25,1,1,-1.9845383140079857
134900,9,49.13278974312481,217,0.25,1,1,-1.985447780313213
135010,9,49.69755217200199,220,0.075,1,1,-1.9855442612802197
135140,9,49.53071845119239,220,0.075,1,1,-1.9251632123479616
135260,9,49.35904993367712,220,0.075,1,1,-1.927215327054021
135380,9,49.162498498937836,220,0.075,1,1,-1.932521408591322
135510,9,49.494884785877126,222,0.075,1,1,-1.9342552781096753
135630,9,49.09013648773547,222,0.225,1,1,-1.941866284984165
135770,9,48.85817060655025,215,0.25,1,1,-1.9736341686118037
135880,9,49.43597833816236,218,0.225,1,1,-1.9860977304372531
136010,9,49.20093899742741,218,0.225,1,1,-1.9668682730812652
136130,9,49.651608873658695,221,0.225,1,1,-1.9660340052809662
136270,9,49.49970930007069,217,0.25,1,1,-1.9672615913480829
136380,9,49.340210637676456,217,0.075,1,1,-1.9852029115504177
136500,9,49.10837295907056,217,0.075,1,1,-1.926492948951262
136630,9,48.8458452993904,217,0.225,1,1,-1.9296968494037805
136750,9,49.36573213214141,220,0.225,1,1,-1.9668516435729435
136880,9,49.02430204696784,220,0.225,1,1,-1.970375368555766
137010,9,48.68687956585133,220,0.25,1,1,-1.9730949301792076
137140,9,49.222124868945414,223,0.25,1,1,-1.9838654859217073
137260,9,49.06757727553557,215,0.25,1,1,-1.983696214559501
137380,9,48.838105087758805,215,0.075,1,1,-1.9856036302619415
137500,9,49.4302281486156,218,0.225,1,1,-1.9276439381639041
137620,9,49.18957320875766,218,0.225,1,1,-1.9665415264000103
137750,9,48.941117326400864,218,0.225,1,1,-1.96600728182464
137870,9,49.43601482353541,221,0.225,1,1,-1.9679546689411787
138000,9,49.165441926871935,221,0.225,1,1,-1.9688662141404878
138120,9,48.87941697004276,221,0.225,1,1,-1.9690670588098909
138250,9,49.268403838442,224,0.225,1,1,-1.9711685930612082
138380,9,48.83273274723764,224,0.25,1,1,-1.9725684960248346
138500,9,49.49585945353662,217,0.25,1,1,-1.985941620417728
138620,9,49.33558421281588,217,0.075,1,1,-1.9869534083740785
138740,9,49.16927947418162,217,0.075,1,1,-1.929204522244912
138870,9,48.976437875526685,217,0.075,1,1,-1.9300077234741582
138990,9,49.49607227536885,220,0.075,1,1,-1.932325780227536
139120,9,49.144242192338666,220,0.075,1,1,-1.9408526904558312
139250,9,48.717710748030434,220,0.25,1,1,-1.942943684117001
139380,9,49.4619743975707,216,0.25,1,1,-1.9842868934349491
139490,9,49.294018180505134,216,0.075,1,1,-1.9867133429530752
139610,9,49.04839150767621,216,0.075,1,1,-1.929124611380584
139740,9,48.82048010323499,216,0.075,1,1,-1.9329325777988149
139860,7,49.241008673429796,218,0.225,1,1,-1.9524560381970082
139990,7,49.006436922566905,218,0.225,1,1,-1.9663334366490324
140110,7,48.7529365956768,218,0.225,1,1,-1.9672262955538735
140240,9,49.369598386624,221,0.225,1,1,-1.9672024074065575
140360,9,49.094585785462684,221,0.225,1,1,-1.9694262107050766
140490,9,49.63249133472833,224,0.225,1,1,-1.9702091581215448
140620,9,49.28213058035823,224,0.25,1,1,-1.971586712859501
140740,9,49.67514151301855,227,0.25,1,1,-1.9835888030163134
140870,9,49.274837987692116,227,0.25,1,1,-1.9842288632641432
140990,9,49.66432186874136,230,0.25,1,1,-1.9852633562044648
141120,9,49.507869781303235,216,0.25,1,1,-1.9859639371911135
141230,9,49.34929200302024,216,0.075,1,1,-1.986186494587007
141360,9,49.1768550144298,216,0.075,1,1,-1.92844847409592
141480,9,49.00437962536768,216,0.075,1,1,-1.9293243937843942
141610,9,49.653352289969355,219,0.075,1,1,-1.9345221903728267
141730,9,49.41378989147703,219,0.075,1,1,-1.934535467496183
141850,9,49.12376972813156,219,0.225,1,1,-1.9351650960715585
141980,9,49.651321227346656,222,0.225,1,1,-1.9678223355839084
142100,9,49.30119098824944,222,0.225,1,1,-1.9729064749351164
142230,9,49.686438662227296,225,0.225,1,1,-1.9737555411431533
142360,9,49.32444007543628,225,0.25,1,1,-1.977070006932772
142490,9,49.689591888708954,228,0.25,1,1,-1.9845806750568085
142610,9,49.287001347177,228,0.25,1,1,-1.984675668419644
142740,9,49.0934684934408,215,0.25,1,1,-1.9850398330807482
142850,9,49.659069405742365,218,0.075,1,1,-1.9860331459731198
142970,9,49.396757842616665,218,0.225,1,1,-1.9410444184563307
143100,9,49.0068808457621,218,0.225,1,1,-1.9683653899361198
143230,9,48.85392243762466,214,0.25,1,1,-1.970353400463894
143350,9,49.50419440398971,217,0.075,1,1,-1.9856381895514303
143470,9,49.349550483199565,217,0.075,1,1,-1.9269577984889925
143610,9,49.18579936798028,217,0.25,1,1,-1.9283544001757589
143730,9,48.95386798815073,217,0.25,1,1,-1.9667980160446528
143840,9,49.463762486995634,220,0.075,1,1,-1.968519702700526
143970,9,49.22837314503063,220,0.225,1,1,-1.949941179153988
