sysTime,Action,ChannelUsed,TransJob,CPU,JobFaultProb,RunningJob,ActionQos
130,1,0.0,0,0.225,0.0,1,0.0
280,1,0.0,0,0.2,0.0,1,1.9922429708926448
420,0,0.0,0,0.175,0.0,1,1.9990116338182071
500,1,0.0,0,0.225,0.0,1,1.9998269653717866
660,1,0.0,0,0.2,0.11428571428571428,1,1.9922429708926448
750,1,1.7763568394002505e-15,0,0.225,0.11428571428571428,1,1.9990116338182071
880,1,1.7763568394002505e-15,0,0.225,0.11428571428571428,1,1.9916910156204504
1030,1,1.7763568394002505e-15,0,0.2,1,1,1.9916910156204504
1120,6,1.7763568394002505e-15,0,0.225,1,1,1.9990116338182071
1250,8,1.7763568394002505e-15,0,0.225,1,1,1.9916910156204504
1370,6,1.7763568394002505e-15,0,0.225,1,1,1.9916910156204504
1500,6,1.7763568394002505e-15,0,0.225,1,1,1.9916910156204504
1620,6,1.7763568394002505e-15,0,0.225,1,1,1.9916910156204504
1750,6,1.7763568394002505e-15,0,0.225,1,1,1.9916910156204504
1870,6,1.7763568394002505e-15,0,0.225,1,1,1.9916910156204504
2000,6,1.7763568394002505e-15,0,0.225,1,1,1.9916910156204504
2120,6,1.7763568394002505e-15,0,0.225,1,1,1.9916910156204504
2240,6,1.7763568394002505e-15,0,0.225,1,1,1.9916910156204504
2370,6,1.7763568394002505e-15,0,0.225,1,1,1.9916910156204504
2490,6,1.7763568394002505e-15,0,0.225,1,1,1.9916910156204504
2620,6,1.7763568394002505e-15,0,0.225,1,1,1.9916910156204504
2740,8,1.7763568394002505e-15,0,0.225,1,1,1.9916910156204504
2870,6,1.7763568394002505e-15,0,0.225,1,1,1.9916910156204504
2990,6,1.7763568394002505e-15,0,0.225,0.4,1,1.9916910156204504
3120,1,1.7763568394002505e-15,0,0.225,0.4,1,1.9916910156204504
3270,1,1.7763568394002505e-15,0,0.2,1,1,1.9916910156204504
3360,6,1.7763568394002505e-15,0,0.225,0.4,1,1.9990116338182071
3520,1,1.7763568394002505e-15,0,0.2,1,1,1.9916910156204504
3610,6,1.7763568394002505e-15,0,0.225,1,1,1.9990116338182071
3740,6,1.7763568394002505e-15,0,0.225,1,1,1.9916910156204504
3860,6,1.7763568394002505e-15,0,0.225,1,1,1.9916910156204504
3990,6,1.7763568394002505e-15,0,0.225,1,1,1.9916910156204504
4140,1,1.7763568394002505e-15,2,0.2,1,1,1.9916910156204504
4240,0,18.518518518518515,5,0.225,1,1,1.9990116338182071
4360,0,24.897119341563787,7,0.225,1,1,1.9916910156204504
4510,0,17.48971193415638,7,0.2,1,1,1.9922429708926448
4610,1,6.995884773662551,7,0.225,1,1,1.9989410501273008
4760,1,-1.7763568394002505e-15,1,0.2,1,1,1.9908636559255006
4860,1,11.11111111111111,3,0.225,1,1,1.9989285946992679
5010,0,31.20713305898491,7,0.2,1,1,1.9907177226225226
5110,0,28.684651729919217,9,0.225,1,1,1.9990116338182071
5260,0,20.042676421277243,9,0.2,1,1,1.9916910156204504
5360,7,30.924317092584126,11,0.225,1,1,1.9989712996701874
5510,0,35.257629727476804,13,0.2,1,1,1.9912181544679677
5630,0,25.271855201235887,13,0.2,1,1,1.9987444504117944
5760,0,32.65115245363288,15,0.2,1,1,1.998777232742122
5880,0,24.40843752071151,15,0.2,1,1,1.9989171881854912
6010,1,36.41435572087154,19,0.2,1,1,1.998782800109035
6130,0,42.276894725043256,21,0.2,1,1,1.9988673678347033
6260,1,40.77517981046833,23,0.2,1,1,1.9988769970679017
6380,0,36.93430189551634,10,0.2,1,1,1.9985323302178157
6470,0,40.01683041111502,12,0.225,1,1,1.9987466363545594
6600,0,33.359647393621074,12,0.225,1,1,1.9885624885399142
6720,0,38.36524708440584,14,0.225,1,1,1.9889458621227725
6850,2,41.05752251417267,17,0.225,1,1,1.9905840960341374
6970,0,40.33855167756819,19,0.225,1,1,1.9890109832353002
7100,0,44.23001312599189,23,0.225,1,1,1.9900006461344495
7220,0,41.65564470100631,23,0.225,1,1,1.990113390414326
7380,0,44.355738666449675,25,0.2,1,1,1.9885880478813094
7500,0,38.808954464323364,25,0.2,1,1,1.9982391436491669
7620,0,34.93070349245864,25,0.2,1,1,1.9986126454086577
7750,0,31.710220718314705,25,0.2,1,1,1.9987286594232498
7870,0,40.34761013859716,28,0.2,1,1,1.9985462305732458
8000,0,39.61345585659252,30,0.2,1,1,1.9984223836370625
8120,0,36.395992569458244,30,0.2,1,1,1.9985970774238624
8250,0,39.41910533180086,32,0.2,1,1,1.9987669037544153
8370,0,39.41910533180086,33,0.2,1,1,1.9984216984000573
8500,0,36.891543605451375,16,0.2,1,1,1.9986340143686283
8590,0,33.1936874707005,16,0.225,1,1,1.9984858347407306
8710,0,40.80686066614924,18,0.225,1,1,1.9860851093449665
8870,8,45.03095264314511,20,0.2,1,1,1.9883778687753688
8990,0,40.96655724721505,20,0.2,1,1,1.9977885160430182
9090,0,38.256960316595006,20,0.225,1,1,1.9979693461003396
9240,8,45.19056314461637,24,0.2,1,1,1.9888250549882924
9370,0,44.12773639109628,26,0.2,1,1,1.99828472272222
9490,0,47.1836975755859,30,0.2,1,1,1.9987328470301806
9620,2,46.555975648305825,33,0.2,1,1,1.9985229286290418
9740,0,45.712621251954786,37,0.2,1,1,-1.9985215852722904
9860,0,42.80913278429175,26,0.2,1,1,1.9985518224342356
9960,7,47.430470385480426,30,0.225,1,1,1.998500643483612
10080,5,46.51161276605369,34,0.225,1,1,-1.9870224562259897
10210,0,47.01827999640433,36,0.225,1,1,1.9862472804666396
10360,0,45.19005599749439,37,0.2,1,1,1.9871860596215063
10460,0,44.83913434765489,39,0.225,1,1,1.997510093243631
10580,0,43.23598872919368,39,0.225,1,1,1.9868407013105887
10740,0,41.27856752622577,39,0.2,1,1,1.987271986582856
10860,5,48.55078746042937,46,0.2,1,1,1.997686025772909
10980,0,47.63389336212152,48,0.2,1,1,1.9979513420549269
11110,0,48.18562122020643,40,0.2,1,1,1.9980393493381965
11200,0,46.03863270411047,40,0.225,1,1,1.997787205791535
11330,4,47.286069857490794,42,0.225,1,1,1.9826702282019006
11450,0,46.30928514712402,44,0.225,1,1,1.9848032499131387
11580,0,43.699720773034024,44,0.225,1,1,1.984795265529694
11700,0,41.29500234534221,44,0.225,1,1,1.9859597680089363
11820,6,48.72554941031403,50,0.225,1,1,1.9863125258026602
11980,0,48.02441451808381,53,0.2,1,1,-1.9857155206169013
12100,0,47.19481479714757,55,0.2,1,1,-1.997105100001577
12230,0,47.4611869507657,57,0.2,1,1,1.9981715506071525
12350,0,46.933542539501595,59,0.2,1,1,1.9979324793474635
12480,0,48.219900028754175,50,0.2,1,1,1.9983436878211354
12600,0,48.692046348491296,52,0.2,1,1,1.9979393692167133
12730,0,48.05915445399295,53,0.2,1,1,-1.9966492588228173
12850,0,48.05049257487445,55,0.2,1,1,-1.9971311150960391
12970,0,46.015044967992544,55,0.2,1,1,1.9969536690717278
13100,0,47.52964330093737,58,0.2,1,1,1.9969901157425258
13220,0,45.62553351401165,58,0.2,1,1,1.9979973724811837
13350,0,44.769023642505125,51,0.2,1,1,1.998342160826407
13470,0,43.7751169746399,51,0.2,1,1,1.9979177238706936
13600,0,42.913740927847385,51,0.2,1,1,1.9964091518462197
13720,0,46.24575859688987,53,0.2,1,1,1.9967879849636518
13850,4,47.96879216906598,57,0.2,1,1,-1.9964246304883009
13970,3,47.24447343973236,59,0.2,1,1,-1.9974250098422164
14090,0,47.47037406012466,55,0.2,1,1,1.997329765722849
14190,0,46.06222284791762,55,0.225,1,1,1.997883519811107
14310,0,45.77684473956547,56,0.225,1,1,1.9793285008685826
14440,0,44.1735300720636,56,0.225,1,1,1.9803492785473773
14560,0,46.505814428969636,58,0.225,1,1,1.9818844637113393
14720,0,44.57137050571235,58,0.2,1,1,1.9819224543430356
14810,0,43.61553256344788,58,0.225,1,1,1.9965549447425328
14970,3,48.29985163383549,62,0.2,1,1,1.9838688926010677
15090,0,48.868258052188466,64,0.2,1,1,1.9966939152723358
15210,5,48.903636921668486,66,0.2,1,1,1.996773365301417
15340,0,48.18440917673907,68,0.2,1,1,-1.9963760029363267
15460,0,45.368728124406466,68,0.2,1,1,1.9973917673447608
15590,0,44.414511006141595,56,0.2,1,1,1.9973828175111439
15680,5,47.04255433800035,58,0.225,1,1,1.9983174155041705
15810,0,48.175353875897315,60,0.225,1,1,1.9742250256380511
15960,0,47.904281359805694,62,0.2,1,1,-1.9762569700428538
16060,0,46.61221728961692,62,0.225,1,1,1.994551346370214
16180,6,49.03812902285033,66,0.225,1,1,1.979109841588783
16330,0,48.057163784218794,66,0.2,1,1,-1.979189704844684
16460,0,47.88510343639386,68,0.2,1,1,-1.9955857626808553
16580,0,48.71906192403784,72,0.2,1,1,1.9967568242099873
16710,0,46.5909061118538,72,0.2,1,1,1.9972741460075207
16830,0,48.001776314300365,64,0.2,1,1,1.997941904677566
16960,0,46.64481124304576,64,0.2,1,1,1.9980476788981234
17050,5,47.9446243193016,66,0.225,1,1,1.9942933115431765
17180,3,48.4395511821317,68,0.225,1,1,-1.9798622778698576
17330,0,47.42934649050347,70,0.2,1,1,-1.9789388247284536
17420,0,47.54489494508519,72,0.225,1,1,1.9955220305863741
17580,0,46.269783670461806,72,0.2,1,1,1.983580845516334
17700,0,44.05169942396207,72,0.2,1,1,1.9973616304397852
17830,0,47.9815063482744,69,0.2,1,1,1.9973090281995438
17920,0,48.72485852991811,72,0.225,1,1,1.9980924610340054
18080,0,47.806349676495564,72,0.2,1,1,1.9785425015569114
18200,3,48.64779698472752,74,0.2,1,1,1.9956832729169105
18320,9,49.03356652265728,76,0.2,1,1,1.9965941110630296
18450,0,47.90430561919626,76,0.2,1,1,-1.996384285985519
18570,0,46.76794098981419,76,0.2,1,1,1.9962950751612023
18700,0,44.78517413113488,76,0.2,1,1,1.997071140622721
18820,0,47.34214906058398,70,0.2,1,1,1.9970841402798256
18920,0,48.438061861812194,72,0.225,1,1,1.9979666913538523
19070,0,48.39861588201975,74,0.2,1,1,1.9695620192722532
19170,5,48.86345686211345,76,0.225,1,1,-1.992990143628735
19320,6,49.528304802187996,80,0.2,1,1,-1.9732437193512389
19440,0,48.542489581521444,80,0.2,1,1,-1.9936287821738874
19570,0,47.58178602454983,80,0.2,1,1,1.9949307678213724
19690,0,46.04025426402603,80,0.2,1,1,1.9967685978759349
19820,0,45.26505710092685,72,0.2,1,1,1.996706353472644
19910,0,44.540450831141534,72,0.225,1,1,1.9976274440038664
20040,2,48.42129416824997,77,0.225,1,1,-1.9698609461464756
20160,0,47.98530961774707,77,0.225,1,1,1.9682417835349584
20320,0,46.690538522650094,77,0.2,1,1,1.9721462823749243
20410,0,47.110357690832906,79,0.225,1,1,1.9937698985864503
20530,0,47.950483626448644,83,0.225,1,1,1.9792190958787457
20660,8,48.36770060111492,85,0.225,1,1,-1.980445941216028
20810,0,47.72008852918785,85,0.2,1,1,1.9809657757902184
20940,7,48.844681595674565,89,0.2,1,1,-1.9958961469319052
21060,0,48.62964065046763,91,0.2,1,1,-1.995525744014088
21190,0,47.748410935499045,91,0.2,1,1,1.9958203376152488
21310,0,45.75502273093703,91,0.2,1,1,1.9964103497363326
21440,0,48.535640988339985,82,0.2,1,1,-1.996486013165725
21530,0,47.645591002717076,82,0.225,1,1,1.997973007638277
21650,0,47.03737562801618,82,0.225,1,1,1.9643375946958341
21810,0,47.99815282999661,84,0.2,1,1,1.972860560513802
21930,4,48.096137885210794,86,0.2,1,1,-1.9952912569329122
22060,5,47.33398933714086,88,0.2,1,1,-1.9957239990887947
22180,0,47.980830504704805,84,0.2,1,1,1.9968351395254842
22280,0,46.65898593225193,84,0.225,1,1,1.9978605753688028
22400,0,47.84227364153677,86,0.225,1,1,1.9715059280585439
22560,0,47.11744853352973,86,0.2,1,1,1.9795064648106542
22680,0,46.23149822039106,86,0.2,1,1,1.9956614569673161
22800,0,48.15245076096061,90,0.2,1,1,1.995911496631023
22930,0,47.763874581850395,92,0.2,1,1,1.996500203805208
23050,0,47.19286800084605,85,0.2,1,1,1.9970219285038728
23150,8,49.19028225790761,89,0.225,1,1,1.9974911470576517
23270,8,48.587186670683344,89,0.225,1,1,-1.9615958883427038
23400,0,47.94996137584036,89,0.225,1,1,1.9617724231614606
23520,4,48.23879753951346,91,0.225,1,1,-1.9632598169445594
23640,5,48.85178899145103,93,0.225,1,1,-1.9648482853231328
23800,0,48.96953439024436,95,0.2,1,1,1.9719074851200198
23920,5,49.436974749094624,99,0.2,1,1,-1.9927343676913858
24050,0,48.473760646038926,99,0.2,1,1,-1.9946389381915022
24170,0,47.9095799684313,90,0.2,1,1,1.9962476217618583
24270,0,47.25560314267695,90,0.225,1,1,1.9967127222131307
24390,0,46.22791530232775,90,0.225,1,1,1.9612179207407752
24520,6,47.925971380134506,94,0.225,1,1,-1.9655681230815798
24640,0,47.39217667414109,94,0.225,1,1,1.9755799514416252
24790,0,48.80170228025149,98,0.2,1,1,-1.9795797060284408
24920,0,48.04173178998077,98,0.2,1,1,1.9947540700835842
25040,0,47.05419033265283,98,0.2,1,1,1.9957142133967392
25170,0,47.80208103800377,100,0.2,1,1,1.9960611619718773
25290,0,46.688409682087745,100,0.2,1,1,1.9967727605620367
25420,0,47.96988552098582,102,0.2,1,1,1.9965083117815763
25540,0,48.344886295908566,93,0.2,1,1,-1.9970420313931394
25640,0,47.58730987632052,93,0.225,1,1,1.9972812484223277
25760,3,48.83657470741521,96,0.225,1,1,-1.9691719332390307
25910,0,48.962276046121936,98,0.2,1,1,-1.9693212415636685
26040,0,48.32555620519676,100,0.2,1,1,-1.9939203464166255
26130,0,47.6966706838541,100,0.225,1,1,1.9946432325009227
26290,0,48.30901569171181,102,0.2,1,1,1.9782767251587106
26410,8,49.22681684097459,98,0.2,1,1,-1.9954179411584743
26510,8,48.56960669386356,98,0.225,1,1,-1.9956324754819392
26630,0,48.177949042766414,98,0.225,1,1,1.9637072603032046
26790,0,48.55557886963311,100,0.2,1,1,-1.9657028972291162
26910,0,47.61986820324846,100,0.2,1,1,1.9931624980339384
27030,0,47.15588390294156,101,0.2,1,1,1.9954516314190807
27160,0,45.633298043680924,101,0.2,1,1,1.9966410904003036
27280,0,45.06742706977516,94,0.2,1,1,1.997283024469954
27380,0,47.167276326363435,96,0.225,1,1,1.997608478094523
27500,0,46.78842861373459,96,0.225,1,1,1.961312352524901
27660,0,46.360333456820946,96,0.2,1,1,1.9649905716495633
27780,0,45.41700517480695,96,0.2,1,1,1.9929605754127027
27880,0,47.40481685108325,98,0.225,1,1,1.9936709684679588
28030,0,47.6540281543757,99,0.2,1,1,1.9740064332732161
28150,0,48.27399963833599,101,0.2,1,1,1.9949467108480974
28280,0,47.40472519638302,101,0.2,1,1,1.9953390353697051
28400,0,46.42278864060063,101,0.2,1,1,1.9957150878799297
28530,6,49.44220709749841,96,0.2,1,1,1.9964493857875911
28620,6,48.89402555833266,96,0.225,1,1,-1.9967591914521194
28750,6,48.832354296067166,98,0.225,1,1,-1.9522467567404296
28870,6,49.12727495544863,100,0.225,1,1,-1.9602957320467018
29020,9,49.45235487420627,102,0.2,1,1,-1.9664649227513313
29150,9,49.06724873943113,102,0.2,1,1,-1.992523107512162
29270,0,48.459960432861834,102,0.2,1,1,-1.9926279812369727
29400,0,47.87289294603299,102,0.2,1,1,1.9930608998715218
29520,0,48.75386138653108,104,0.2,1,1,1.995285373396317
29650,0,48.64193057500954,106,0.2,1,1,1.9951524306298598
29770,0,47.75222261215152,108,0.2,1,1,-1.9956814075813674
29900,8,48.80929937863455,99,0.2,1,1,1.99623105769127
29990,4,49.270186604732984,101,0.225,1,1,1.9977226163313198
30110,4,48.69893026928931,101,0.225,1,1,-1.9515265084202087
30240,0,48.11144379264359,101,0.225,1,1,1.9533496785396525
30360,7,48.42520580176384,103,0.225,1,1,-1.9616095493129857
30490,0,48.087441139421294,103,0.225,1,1,1.962472782180209
30640,4,49.37384287872208,107,0.2,1,1,-1.968606891988377
30770,0,48.60606644000678,107,0.2,1,1,-1.9922100153897508
30890,0,47.07840149827576,107,0.2,1,1,1.994950697623377
31020,0,46.859863879050714,108,0.2,1,1,1.996092546563938
31140,0,48.12344845766992,100,0.2,1,1,1.997613608657493
31230,0,47.286003617756826,100,0.225,1,1,1.9971812655383938
31360,0,46.863734679577796,100,0.225,1,1,1.9557614202043052
31510,7,48.84433744008659,104,0.2,1,1,-1.9715876775636383
31640,0,48.28067600399053,104,0.2,1,1,1.9935955434061399
31760,6,48.85138442415627,106,0.2,1,1,1.9947733787295223
31890,0,48.51123387090253,100,0.2,1,1,1.9949866607321334
31980,8,49.12944749189681,102,0.225,1,1,1.9964362362712353
32110,0,48.538813949804364,102,0.225,1,1,-1.9406163218773513
32230,4,48.70844124232036,104,0.225,1,1,-1.9549019202301547
32350,6,48.76761291392376,106,0.225,1,1,-1.9626347584098645
32480,3,48.709824835577656,108,0.225,1,1,-1.9650634339089967
32600,6,49.04385181296263,110,0.225,1,1,-1.9657505518903888
32760,0,48.02879457345554,110,0.2,1,1,-1.9688376725227847
32850,9,48.516558380235715,112,0.225,1,1,-1.9930233066880372
33010,0,47.73456776502761,112,0.2,1,1,1.9753608568398007
33130,0,46.79329224205618,112,0.2,1,1,1.9952857675113878
33260,0,47.64019259192328,114,0.2,1,1,1.9961480892161376
33380,3,49.34198014499411,106,0.2,1,1,-1.9966559212716417
33470,3,48.8852299937278,106,0.225,1,1,-1.996638119894927
33600,8,49.02132992520766,108,0.225,1,1,-1.9515684612422655
33720,8,48.67784138862245,108,0.225,1,1,-1.9538106624685447
33880,9,49.36628129180964,112,0.2,1,1,1.9559355338786133
33970,9,48.9799370953861,112,0.225,1,1,-1.9923253147237112
34130,0,48.653613243036396,114,0.2,1,1,-1.971608121018286
34250,0,47.679747075794985,114,0.2,1,1,1.9930803624609656
34380,0,46.63303503547856,114,0.2,1,1,1.9965211919331893
34500,0,46.31098780446286,105,0.2,1,1,1.9967393795299202
34590,5,48.19564379114738,107,0.225,1,1,1.996907153859394
34720,3,48.792586990709346,109,0.225,1,1,-1.9377348133030026
34840,0,48.92415726314406,111,0.225,1,1,-1.9448676083982441
34970,9,48.92940085853977,113,0.225,1,1,-1.9489225487358017
35090,0,48.541592427678175,113,0.225,1,1,1.9597553592742445
35250,0,48.86465115993352,115,0.2,1,1,1.9627273162618064
35340,7,48.44997874205194,117,0.225,1,1,-1.993103220626862
35490,0,48.4496399812514,119,0.2,1,1,-1.9766800556348596
35620,0,47.38073739527013,119,0.2,1,1,1.9969043853645394
35740,0,46.87409040175632,109,0.2,1,1,1.9964249013182593
35840,0,47.98689973430193,111,0.225,1,1,1.9969537227946985
35960,7,48.450664400279265,113,0.225,1,1,-1.9576346932927229
36090,0,48.10475641565324,113,0.225,1,1,1.9642442069615693
36240,2,49.180718625703605,116,0.2,1,1,-1.9655952197452813
36370,2,48.77485022081084,117,0.2,1,1,-1.9923729076213537
36460,0,48.227490174360575,117,0.225,1,1,1.9930842364776888
36610,2,49.055132746323935,120,0.2,1,1,-1.975420120831517
36740,0,48.41761312613103,120,0.2,1,1,-1.9948628512086226
36860,6,48.84126886193572,113,0.2,1,1,-1.9954216909482327
36960,6,48.43413530903996,114,0.225,1,1,-1.9954684303481567
37080,0,48.01579063216377,114,0.225,1,1,1.9536998790248254
37240,7,49.4255090335579,118,0.2,1,1,-1.970392945590879
37360,7,49.01012949573493,118,0.2,1,1,-1.9935435599536966
37490,0,48.557439687404774,118,0.2,1,1,-1.9934399183534035
37610,0,48.08782184644634,118,0.2,1,1,1.9935036320709907
37730,0,48.49722866178765,120,0.2,1,1,-1.993968025006254
37860,7,49.510073752352284,125,0.2,1,1,-1.9941544507850468
37980,7,48.797472028364766,125,0.2,1,1,-1.9955551464116492
38110,8,49.412862513048346,129,0.2,1,1,-1.9955778507949344
38230,8,48.059595356408884,129,0.2,1,1,-1.995855989390017
38360,0,47.48007906177357,117,0.2,1,1,1.9961656796220382
38450,0,47.111420914551125,117,0.225,1,1,1.9974154208200527
38610,0,48.54320252440304,119,0.2,1,1,1.9620548191620462
38730,0,48.078570625081234,119,0.2,1,1,1.99278996906209
38850,0,48.29451975887513,121,0.2,1,1,-1.9931250207317612
38980,0,48.01130851672269,116,0.2,1,1,1.994100949118082
39070,0,47.66454211275196,116,0.225,1,1,1.9963930691935587
39200,9,49.11941797100651,120,0.225,1,1,-1.930349770384439
39320,0,48.674563044339095,120,0.225,1,1,-1.9415962505579611
39450,1,48.18750102760722,120,0.225,1,1,1.950351217653539
39600,8,48.15247503507754,122,0.2,1,1,-1.9527749753321808
39730,4,48.75579732341464,118,0.2,1,1,-1.994333036156226
39820,0,48.99145689392659,120,0.225,1,1,1.9968969450180571
39940,0,48.41156952465754,120,0.225,1,1,1.9507314783435445
40070,8,48.863511313954575,122,0.225,1,1,-1.9537097785484432
40220,0,48.96847707906389,123,0.2,1,1,1.962074529631466
40350,6,49.35040830707694,125,0.2,1,1,-1.9937017547834264
40470,0,48.85689341582252,125,0.2,1,1,-1.9934407760520716
40600,6,49.016663598111684,127,0.2,1,1,-1.993695924982041
40720,0,48.41521152849415,127,0.2,1,1,-1.9943959064594352
40840,0,48.624616146320264,129,0.2,1,1,-1.994213944374836
40970,0,47.53201803962255,129,0.2,1,1,1.9952479186672203
41090,9,49.25871668787413,122,0.2,1,1,-1.9956521194918206
41190,9,48.91161932383239,122,0.225,1,1,-1.997001363902218
41310,3,49.16041211770767,124,0.225,1,1,-1.9233007185404263
41440,3,48.74984562014336,124,0.225,1,1,-1.9416443161432462
41560,6,48.99323928028279,126,0.225,1,1,-1.9428856574216067
41690,8,49.3250614760619,128,0.225,1,1,1.9494611407659483
41810,8,48.69754446074761,128,0.225,1,1,-1.9533285693648585
41930,7,48.798061564708924,130,0.225,1,1,-1.9579913465651007
42060,6,48.767997112993015,132,0.225,1,1,-1.9644137709817926
42180,7,49.01172362420438,134,0.225,1,1,-1.9642102478550767
42340,0,48.495049871555025,134,0.2,1,1,-1.9672902293645709
42460,0,47.8633020101061,134,0.2,1,1,1.9938275773295566
42590,9,48.437781559341474,136,0.2,1,1,-1.9946086407081045
42710,3,49.043086644797775,138,0.2,1,1,-1.9954348317586659
42840,0,48.381683522185696,138,0.2,1,1,-1.9953186858051526
42960,1,49.25059290735756,126,0.2,1,1,-1.9951778995332226
43050,1,48.72926583055216,126,0.225,1,1,-1.995601238473385
43180,0,48.03231798156945,126,0.225,1,1,1.9488562441834403
43300,6,48.75388465638458,128,0.225,1,1,-1.9586228221788555
43460,0,48.54399285396684,130,0.2,1,1,-1.9672584898513457
43550,0,48.95041470977726,132,0.225,1,1,1.9928400135645756
43710,0,48.47798108293923,132,0.2,1,1,1.9731331806414731
43830,0,48.796084856683336,134,0.2,1,1,-1.9933229730064435
43960,0,48.158692138832116,134,0.2,1,1,1.9941841678623797
44080,0,48.809443243964004,127,0.2,1,1,-1.9947013788072652
44170,0,48.41806491941144,127,0.225,1,1,1.995467698153849
44300,0,47.82271460872872,127,0.225,1,1,1.9450466168455574
44420,0,47.48269364052408,127,0.225,1,1,1.9473591425242485
44580,0,47.124079394905436,127,0.2,1,1,1.9628743680196674
44700,0,48.55361323624442,129,0.2,1,1,1.9922559273789207
44830,0,48.143972549096226,129,0.2,1,1,1.9926123444174404
44950,7,49.41074450280236,133,0.2,1,1,-1.9929540818587836
45080,0,48.632258540386346,133,0.2,1,1,-1.9934247167347647
45200,3,49.02648794974542,135,0.2,1,1,-1.9944660983536082
45320,0,48.72745185319348,125,0.2,1,1,-1.996134582709099
45420,7,48.8601152579419,127,0.225,1,1,-1.9962964222572694
45540,1,48.42924703311032,127,0.225,1,1,1.9335836433421993
45700,9,49.511575516915336,131,0.2,1,1,-1.961775512251463
45820,9,49.07122240170159,131,0.2,1,1,-1.9937061535169276
45950,0,48.46705607757066,131,0.2,1,1,-1.9932993597364381
46070,6,48.70284993505725,133,0.2,1,1,-1.9938231579622736
46190,0,48.330298359978514,126,0.2,1,1,1.995265427547614
46290,0,47.92539814725994,126,0.225,1,1,1.9953389853570922
46410,5,48.69171101942744,128,0.225,1,1,-1.945091385097471
46570,0,48.76036266054917,129,0.2,1,1,-1.9488606855369242
46690,6,49.259279268894076,131,0.2,1,1,-1.993078787473746
46820,0,48.54704660559611,131,0.2,1,1,-1.9927690232846915
46940,5,48.63655791941883,133,0.2,1,1,-1.9936567459856154
47070,0,47.55176784660214,133,0.2,1,1,1.9958542838776732
47190,0,48.66826058108284,127,0.2,1,1,1.9958793022536054
47280,0,48.14385893484357,127,0.225,1,1,1.9969858950993973
47410,8,48.480401838098544,129,0.225,1,1,-1.9204907183389714
47530,4,49.21579950650053,132,0.225,1,1,-1.9588228886543682
47690,0,48.68632268138638,132,0.2,1,1,-1.9671731943581807
47810,0,48.19912891169408,132,0.2,1,1,1.9921309702918484
47940,0,48.27115645062744,133,0.2,1,1,1.994718277902251
48060,0,48.191543627608105,134,0.2,1,1,1.9943343364391082
48190,0,47.90614685633234,126,0.2,1,1,1.9947081095434702
48280,6,48.71196302893593,128,0.225,1,1,-1.9955714607904553
48400,0,48.28694994880733,128,0.225,1,1,1.9308170669129634
48530,0,47.7192755287741,128,0.225,1,1,1.9431020555849396
48650,2,48.595831048504955,131,0.225,1,1,-1.9509211378245699
48780,7,48.96119068491819,133,0.225,1,1,-1.9614124955015417
48930,0,48.454986791964615,133,0.2,1,1,1.9683708621785132
49060,0,47.915547966026516,133,0.2,1,1,1.9934948670104853
49180,0,48.459807586733604,135,0.2,1,1,-1.994514871174137
49310,8,48.58533600085733,137,0.2,1,1,-1.99479999372214
49430,7,49.184736374963116,129,0.2,1,1,1.995326132756048
49520,7,48.83874261388933,129,0.225,1,1,-1.9959350268858242
49680,0,48.45770708583017,129,0.2,1,1,1.9503935346907102
49800,0,48.94890952549823,131,0.2,1,1,-1.9923745827517676
49930,6,49.34764062172415,133,0.2,1,1,-1.992996020290261
50050,0,48.91348877530669,133,0.2,1,1,-1.9927373878573051
50180,0,48.51284263020966,133,0.2,1,1,1.993521727359039
50300,5,48.928373539979745,135,0.2,1,1,-1.9937472368841347
50430,4,49.03838585797995,137,0.2,1,1,-1.993296497096932
50550,4,48.53104621895969,137,0.2,1,1,-1.9934389998482984
50670,0,47.912370401991765,137,0.2,1,1,1.9943159340519916
50800,8,48.25608723864149,139,0.2,1,1,-1.9945252297864562
50920,8,48.972362519865875,129,0.2,1,1,-1.995356423387925
51020,0,48.53708626581428,129,0.225,1,1,1.9962734130114215
51140,9,48.911770467796465,131,0.225,1,1,-1.9229754934605172
51270,7,48.87586597182551,133,0.225,1,1,-1.9519006959561471
51390,0,48.513072413102975,133,0.225,1,1,1.9521573166377442
51550,5,49.15453361417682,135,0.2,1,1,1.9649908955123165
51670,5,48.46299966326347,135,0.2,1,1,-1.9926874457435928
51790,0,48.20626224008004,128,0.2,1,1,1.9935035268767054
51890,7,49.18700951975622,131,0.225,1,1,-1.9957557213230597
52010,7,48.82210282212271,131,0.225,1,1,-1.9240793842413435
52140,0,48.44739927580149,131,0.225,1,1,1.9299817307475104
52290,0,48.86801361079132,133,0.2,1,1,-1.9441053770381687
52420,4,48.97331061583292,135,0.2,1,1,-1.9928923046048694
52540,0,48.80455910307883,136,0.2,1,1,-1.993842263909585
52660,0,48.91315238637225,138,0.2,1,1,-1.9946684828373298
52790,2,49.03958732534217,131,0.2,1,1,-1.994558133932952
52880,0,48.61540460974,131,0.225,1,1,-1.994925888668164
53040,0,48.90030647286092,133,0.2,1,1,-1.9181754186063726
53160,7,49.23626345976687,135,0.2,1,1,1.9936205466685586
53290,0,48.63597309699823,135,0.2,1,1,-1.99430579276
53410,0,48.81748463776391,137,0.2,1,1,-1.9953566553235793
53540,0,48.05724314735528,137,0.2,1,1,1.9952403765366347
53660,0,48.82774480119887,139,0.2,1,1,1.9950777077028803
53780,0,48.42677675478718,131,0.2,1,1,1.9960622623373259
53880,8,48.85343405419473,133,0.225,1,1,-1.9957717473129046
54000,0,48.33444341258405,133,0.225,1,1,1.9484342444708753
54130,4,48.53655924593734,135,0.225,1,1,-1.9529971836865352
54250,6,48.65805446831139,136,0.225,1,1,-1.9584692297324517
54410,0,48.89704704306013,138,0.2,1,1,-1.968193353392195
54530,0,48.813922153135096,140,0.2,1,1,-1.9927494578311082
54660,5,49.3727758718104,135,0.2,1,1,-1.9945178750252022
54750,5,49.117617869910625,135,0.225,1,1,-1.995776884919841
54870,5,48.86005507229493,135,0.225,1,1,-1.9147534449867247
55000,0,48.55826186674149,135,0.225,1,1,1.923665603241064
55120,6,49.046148935690596,137,0.225,1,1,-1.9242936690585997
55250,6,48.62498369472465,137,0.225,1,1,-1.9341134093962244
55370,2,49.094924698716696,139,0.225,1,1,1.9361873681929709
55500,0,48.669996220149216,139,0.225,1,1,-1.9505418442875233
55620,0,48.15423475968116,139,0.225,1,1,1.95242172485028
55750,5,48.63121945755219,141,0.225,1,1,-1.9509128706673944
55870,0,48.16591875895938,141,0.225,1,1,1.958254699606485
56020,0,48.71679646459471,143,0.2,1,1,-1.960311075998091
56150,8,48.916289846508846,145,0.2,1,1,-1.994108192088687
56270,8,48.90690332411516,147,0.2,1,1,-1.9941378171307746
56400,8,49.255821809035105,149,0.2,1,1,-1.9945797080732106
56520,0,48.997282855127374,134,0.2,1,1,-1.9953116313736343
56620,3,49.160456863247845,136,0.225,1,1,-1.995112849699335
56740,3,48.64635922519123,136,0.225,1,1,-1.9245453950797466
56900,2,48.608303283087274,137,0.2,1,1,-1.9476457914975542
57020,0,48.88574900255312,139,0.2,1,1,-1.9945859221158861
57140,0,48.25164921318573,139,0.2,1,1,1.9943547301498366
57270,0,47.37245781408488,139,0.2,1,1,1.9944170081142671
57390,5,49.425888664263525,136,0.2,1,1,1.9954485965145268
57490,5,49.11613406471565,136,0.225,1,1,-1.996479838720765
57610,5,48.79142605356107,136,0.225,1,1,-1.9294063953842995
57740,0,48.46241612605812,136,0.225,1,1,1.9355917549454011
57860,0,48.11796695762522,136,0.225,1,1,1.9381779143367255
57980,0,47.78027847720268,136,0.225,1,1,1.938879567994188
58140,0,47.29264056580744,136,0.2,1,1,1.9412571969327832
58260,0,48.19881655371888,138,0.2,1,1,1.9922084545469823
58390,0,48.97048166615158,132,0.2,1,1,1.9943387145529785
58480,5,49.26861373317051,134,0.225,1,1,-1.9952248481345962
58610,5,48.991694041288525,134,0.225,1,1,-1.9160123251951695
58730,0,48.674834687193346,134,0.225,1,1,1.9282602586935584
58860,0,48.32319315966691,134,0.225,1,1,1.9289646995174101
58980,0,47.92041561024629,134,0.225,1,1,1.9368500802067958
59100,5,48.665179167904476,136,0.225,1,1,-1.9422953533134395
59230,0,48.1903573923725,136,0.225,1,1,1.948631494976451
59350,0,47.71190071477139,136,0.225,1,1,1.9494605768465685
59480,0,47.374015607923106,136,0.225,1,1,1.9552867059375805
59630,5,49.06317107493718,139,0.2,1,1,-1.9555703813722503
59760,0,48.490368669762326,139,0.2,1,1,-1.99221248166935
59880,9,49.0695759190204,129,0.2,1,1,-1.9925866956797231
59980,9,48.58281989389311,129,0.225,1,1,-1.9950530092645773
60100,0,47.88486884600389,129,0.225,1,1,1.9247855251657076
60220,9,48.697198531933886,131,0.225,1,1,-1.9562024956758441
60380,0,48.23566673518055,131,0.2,1,1,1.9672954991789513
60500,5,48.66066635316382,133,0.2,1,1,-1.9926865506741953
60630,0,48.430061030079806,127,0.2,1,1,1.9940671021226013
60720,0,48.14304797281766,127,0.225,1,1,1.9949231914338525
60850,0,47.85634238072381,127,0.225,1,1,1.9165324020809626
60970,0,47.56252935597324,127,0.225,1,1,1.9311582164970345
61100,0,47.125266685210896,127,0.225,1,1,1.9310936068080302
61220,6,48.604175576344446,130,0.225,1,1,-1.9325536267554806
61340,0,48.20556718525112,130,0.225,1,1,1.952085086144417
61500,0,47.82823838884823,130,0.2,1,1,1.960049021823843
61620,8,48.636292318292156,132,0.2,1,1,-1.9932666467450848
61750,0,48.18161668395823,132,0.2,1,1,1.99293572640771
61870,0,47.65720893555396,132,0.2,1,1,1.9932647601994689
62000,0,47.16939535086641,132,0.2,1,1,1.9939906114520192
62120,2,47.70276018050675,133,0.2,1,1,1.9946755083768453
62250,0,47.09139976682654,133,0.2,1,1,1.9943404440523382
62370,0,46.53326612360287,133,0.2,1,1,1.9953353562517917
62490,0,48.02864588646558,135,0.2,1,1,1.9953110838887804
62620,0,47.12619274173473,135,0.2,1,1,1.994945485688594
62740,0,46.880420643586426,118,0.2,1,1,1.9967268064198525
62840,0,46.6065568466806,118,0.225,1,1,1.9965486479725973
62960,0,48.08262351826518,120,0.225,1,1,1.9211009275718054
63090,3,48.8028102916293,122,0.225,1,1,-1.9282697385880776
63240,6,49.12568589044622,124,0.2,1,1,-1.9493156666651532
63360,0,48.67837071321669,124,0.2,1,1,-1.992355564161178
63490,0,48.20795261707449,124,0.2,1,1,1.9923002888375887
63610,7,49.43242449721098,128,0.2,1,1,-1.9939058916293806
63740,7,49.54403810168261,130,0.2,1,1,-1.9941629325673478
63860,7,49.19105355160651,121,0.2,1,1,-1.9942681799580058
63960,7,48.838878335716316,121,0.225,1,1,-1.9940317631276954
64080,0,48.81346834583226,122,0.225,1,1,-1.9424846393936654
64210,8,49.01162996420543,124,0.225,1,1,-1.9423707399814483
64330,8,48.643978978558806,124,0.225,1,1,-1.9496572181799259
64480,3,49.196196145740956,126,0.2,1,1,-1.9541698675853116
64610,0,48.76846163393919,126,0.2,1,1,-1.992772593988624
64730,0,48.30456272830161,126,0.2,1,1,1.9939662862357301
64860,0,48.9383857474298,128,0.2,1,1,1.99366635912302
64980,0,48.23576405363268,128,0.2,1,1,1.9940929870074215
65110,4,48.067275225201236,130,0.2,1,1,-1.995763846724253
65230,8,47.66249562604974,132,0.2,1,1,-1.9958092396216403
65360,0,48.692795165068624,122,0.2,1,1,1.9971061895655642
65450,0,48.39922642159279,122,0.225,1,1,1.9975624824615923
65570,0,47.96313009473527,122,0.225,1,1,1.9269684916226577
65700,0,47.45630243446285,122,0.225,1,1,1.9325045834458965
65820,0,47.09506571663246,122,0.225,1,1,1.9519770190188697
65980,0,48.25770450467817,124,0.2,1,1,1.9576471957942938
66100,0,47.65731002258447,124,0.2,1,1,1.9926596720977998
66230,0,46.95226630458576,124,0.2,1,1,1.9939511062775015
66350,0,47.68720725266397,126,0.2,1,1,1.995241053697232
66480,0,46.556059534890835,126,0.2,1,1,1.9958207066062776
66600,0,46.268814051669786,116,0.2,1,1,1.9967000828794739
66690,0,45.94401820520825,116,0.225,1,1,1.9970746093581244
66820,0,47.859872162567946,118,0.225,1,1,1.9312069687632232
66940,0,47.50024627860921,118,0.225,1,1,1.9381924212344155
67070,0,47.87028595596759,119,0.225,1,1,1.9402085239210527
67190,0,47.43970245416523,119,0.225,1,1,1.9434004104685765
67350,0,48.991051769755884,123,0.2,1,1,-1.9543513829507144
67470,3,48.963467476062796,125,0.2,1,1,-1.9937025617341788
67600,1,48.58505778032461,126,0.2,1,1,-1.9944873458031724
67720,0,48.337331112264124,117,0.2,1,1,1.9951595151229595
67810,8,49.008736307658175,119,0.225,1,1,-1.995907453032827
67940,8,48.741507869517015,119,0.225,1,1,-1.9216504542852628
68060,0,48.40328144350351,119,0.225,1,1,1.922904083360119
68190,0,47.990805651246525,119,0.225,1,1,1.9267078533214426
68310,0,47.52688796280025,119,0.225,1,1,1.9403243187920072
68440,0,48.38330551984505,121,0.225,1,1,1.9496598338648292
68560,3,48.93485181388686,124,0.225,1,1,-1.9544095796120582
68690,0,48.60061276559598,124,0.225,1,1,1.958372755372836
68840,9,49.054492974479736,117,0.2,1,1,-1.9624023128354278
68930,0,48.70543675961536,117,0.225,1,1,-1.9921370384744317
69060,0,48.3350763940624,117,0.225,1,1,1.937987129323311
69180,8,48.384705822224326,119,0.225,1,1,-1.9419269834681325
69310,0,47.74558032831272,119,0.225,1,1,1.9448128312351336
69460,0,47.148231200670885,119,0.2,1,1,1.972519592742406
69590,9,49.08281622705356,123,0.2,1,1,-1.995477670757898
69710,0,48.438574635453975,123,0.2,1,1,-1.9952211503034587
69830,4,48.95973622702395,125,0.2,1,1,1.9962016734828971
69960,0,47.99142479923477,125,0.2,1,1,1.9955068028594012
70080,0,46.97551356743003,125,0.2,1,1,1.996137221188585
70210,0,47.30378987614943,127,0.2,1,1,1.9967255516080447
70330,6,49.24073463870791,119,0.2,1,1,-1.99683914775598
70430,6,49.00165847496215,119,0.225,1,1,-1.9974137860708632
70550,6,48.71222391068384,119,0.225,1,1,-1.915254548036576
70680,0,48.37156970569954,119,0.225,1,1,1.9191527863709537
70800,5,48.868621390014695,121,0.225,1,1,-1.9316624145139392
70920,4,49.153992284279276,123,0.225,1,1,-1.9406922250805876
71080,0,48.16831522751207,123,0.2,1,1,-1.9491521904682692
71170,6,48.58306498819997,125,0.225,1,1,-1.9923190541072038
71330,0,47.994986339410865,125,0.2,1,1,1.9748296987881249
71450,0,47.16173509894727,125,0.2,1,1,1.9952569746127482
71580,9,49.06005174114986,129,0.2,1,1,-1.995159295285266
71700,0,48.815088617326005,118,0.2,1,1,-1.9963326756856166
71800,0,48.9335695945317,119,0.225,1,1,-1.9963992722096153
71920,6,49.01123431194188,120,0.225,1,1,-1.920871012099969
72040,6,48.623698142751095,120,0.225,1,1,-1.9288677621275847
72170,0,48.96557709275556,122,0.225,1,1,1.9291648529021164
72290,7,48.89438123296561,124,0.225,1,1,-1.9469138175459566
72420,8,48.90697845149748,126,0.225,1,1,-1.9506972179406685
72540,4,49.08853101801823,128,0.225,1,1,-1.9652245833269655
72700,4,48.26416033895165,128,0.2,1,1,-1.9631878988569569
72820,0,48.96141827613605,121,0.2,1,1,-1.9936399731948253
72920,0,48.68763985680116,121,0.225,1,1,1.9963023389429257
73040,4,49.12210107664614,123,0.225,1,1,-1.9266762604816596
73160,0,48.799222544556386,123,0.225,1,1,-1.9282501068174405
73290,8,49.06725789479038,125,0.225,1,1,-1.9327166253418915
73440,9,49.16296368667289,127,0.2,1,1,-1.9378740128578897
73570,0,48.1548015424829,127,0.2,1,1,-1.9932733359631711
73690,6,48.28117508870887,129,0.2,1,1,-1.9966803561154913
73820,6,48.98205413183117,123,0.2,1,1,-1.9968213848291751
73910,0,48.70513961102774,123,0.225,1,1,1.9965378933577458
74040,9,49.08224151306424,125,0.225,1,1,-1.9233653687448962
74160,0,48.328143034548816,125,0.225,1,1,-1.9289635360660606
74280,0,47.98617161081077,125,0.225,1,1,1.940933517984421
74440,4,48.717924605599116,127,0.2,1,1,-1.9692117715785846
74560,0,48.32241405420987,127,0.2,1,1,1.9922951292810132
74690,6,49.42230368166083,131,0.2,1,1,-1.9930912548139934
74810,6,48.88340552160918,131,0.2,1,1,-1.9932206800778955
74940,0,48.19551769189935,131,0.2,1,1,1.9949158610506137
75060,0,47.41531986216731,131,0.2,1,1,1.9947956361394692
75180,0,46.4692315618164,131,0.2,1,1,1.995737745920536
75310,4,49.31241004856987,124,0.2,1,1,-1.9961411951751302
75400,4,49.06865874384124,124,0.225,1,1,-1.9966686072614341
75530,4,48.785870266773124,124,0.225,1,1,-1.913891273058005
75650,0,48.44313850806872,124,0.225,1,1,1.9205238547190056
75780,0,48.11265909255976,124,0.225,1,1,1.930258569977587
75900,0,47.75037655468385,124,0.225,1,1,1.9410030282231412
76030,0,47.36850828456728,124,0.225,1,1,1.9391151734982266
76150,0,46.729678659058585,124,0.225,1,1,1.9437575676523045
76270,9,48.45268131158871,128,0.225,1,1,-1.9462409060000312
76400,4,48.84584039368253,130,0.225,1,1,-1.9649188370798172
76550,5,48.93206563965748,132,0.2,1,1,-1.9731143369856738
76680,5,49.294699999131915,123,0.2,1,1,-1.9941207239739749
76770,5,49.05283762665022,123,0.225,1,1,-1.994921586791082
76900,5,48.740800081873545,123,0.225,1,1,-1.916550711952883
77020,0,48.41462039273562,123,0.225,1,1,1.9199760383545839
77150,0,48.004450339331434,123,0.225,1,1,1.9360021563516463
77270,3,48.70551543058273,125,0.225,1,1,-1.9384199741841388
77390,2,48.757706946931485,126,0.225,1,1,-1.949419657508168
77550,0,48.6289945331875,127,0.2,1,1,-1.9491460190823315
77670,0,48.78010264614291,129,0.2,1,1,-1.9929679906562487
77800,2,48.009812284700736,130,0.2,1,1,-1.9948269696309744
77920,0,47.68472034377058,120,0.2,1,1,1.995306067263935
78020,0,47.314596657678145,120,0.225,1,1,1.9971553581234434
78140,0,46.85246679328843,120,0.225,1,1,1.938241268101583
78270,4,48.392912147003116,122,0.225,1,1,1.9447825511973873
78390,9,49.38153981220662,126,0.225,1,1,1.9542618945668127
78510,9,49.04522373545858,126,0.225,1,1,-1.9547761529049135
78670,0,48.699712894146174,126,0.2,1,1,-1.9665108416819637
78790,0,48.34044745411174,126,0.2,1,1,1.9921802155542812
78920,0,48.79244696129126,128,0.2,1,1,-1.9923651409960657
79040,0,48.88469654022444,130,0.2,1,1,1.992624160777013
79170,0,48.41420245978595,132,0.2,1,1,-1.9941582305903782
79290,0,48.064597294183095,121,0.2,1,1,1.9950940986363868
79390,6,48.76773192415449,123,0.225,1,1,-1.9969964529426916
79510,0,48.982296154291745,125,0.225,1,1,-1.9420056449105687
79630,3,49.065073488318156,127,0.225,1,1,-1.945032859676314
79760,3,48.4195325364587,127,0.225,1,1,-1.954906102052093
79880,0,48.89813147933712,129,0.225,1,1,-1.9558896640598313
80040,3,49.05151337173353,131,0.2,1,1,-1.9652102249749175
80160,8,49.53295885532984,134,0.2,1,1,-1.9932788439191174
80290,0,48.91789270282414,134,0.2,1,1,-1.9940365342696078
80410,0,48.344951065727095,134,0.2,1,1,1.9954113599001386
80530,0,47.673674935997354,134,0.2,1,1,1.9953341858965215
80660,0,47.429462694455026,123,0.2,1,1,1.9950540035257915
80750,0,47.02919970639255,123,0.225,1,1,1.9956533829945493
80880,0,46.49839258010745,123,0.225,1,1,1.920656293367359
81000,0,47.92428461916992,125,0.225,1,1,1.9483569154525304
81130,8,48.70033362741375,127,0.225,1,1,-1.959232385325999
81280,8,49.17383924984461,129,0.2,1,1,-1.958499232097435
81410,0,48.64568224006464,130,0.2,1,1,-1.9929323969646122
81530,0,48.33799437556242,123,0.2,1,1,1.9949534568252654
81620,0,48.03487728600647,123,0.225,1,1,1.9972023654249076
81750,8,48.700725710108195,125,0.225,1,1,-1.9352151222237106
81870,0,48.13177069992269,125,0.225,1,1,1.9343644642712323
82000,0,47.459662603796026,125,0.225,1,1,1.9510062913164272
82120,0,48.47599069635135,127,0.225,1,1,1.9614832256886028
82280,0,48.61545420855611,128,0.2,1,1,1.9663073616502942
82400,7,49.02030579874632,130,0.2,1,1,-1.9932125924594564
82530,6,49.37015663008002,132,0.2,1,1,-1.9927879286679502
82650,0,48.96989747826548,132,0.2,1,1,-1.9927148087280784
82770,8,49.30969807671496,134,0.2,1,1,-1.9937879242234386
82900,0,48.6445148564921,134,0.2,1,1,-1.9932908514779362
83020,5,49.083950094346136,124,0.2,1,1,-1.9946641416702977
83120,0,48.76356384251091,124,0.225,1,1,-1.9956213856968588
83240,5,49.05839876004497,126,0.225,1,1,-1.9362818233038988
83370,5,48.632315097437235,126,0.225,1,1,-1.9374545830724406
83490,2,48.45448366510724,127,0.225,1,1,-1.947438869774488
83620,0,47.74952247096964,127,0.225,1,1,1.9510254761762786
83740,0,47.39404566914687,127,0.225,1,1,1.964693197310831
83890,3,48.88305774770278,130,0.2,1,1,-1.9675512110622577
84020,0,48.823751702144435,131,0.2,1,1,-1.9925548086318987
84140,0,48.39047946339006,131,0.2,1,1,1.9923513452113657
84270,0,47.905987412880215,131,0.2,1,1,1.9937156160819134
84390,8,48.55355484292078,133,0.2,1,1,-1.9937362924804651
84520,0,48.838378830943675,135,0.2,1,1,1.994307531814944
84640,7,49.35118609457363,124,0.2,1,1,-1.994600721857025
84740,7,48.9216917001739,124,0.225,1,1,-1.9971387402618423
84860,6,49.27649388776127,126,0.225,1,1,1.9334230857202097
84980,6,48.677336082461146,126,0.225,1,1,-1.9513544888769414
85110,0,48.78142383641546,128,0.225,1,1,-1.9603784719625243
85230,0,48.92271464296346,130,0.225,1,1,-1.9630650769616698
85390,0,48.72862558001289,131,0.2,1,1,-1.9645588334184712
85510,3,49.14821837544026,133,0.2,1,1,-1.9947696474979573
85640,3,48.92309272182523,125,0.2,1,1,-1.994907921703176
85730,0,48.657353794429675,125,0.225,1,1,1.995511838498598
85860,0,48.39170026178053,125,0.225,1,1,1.9147364134852585
85980,0,48.08243432468881,125,0.225,1,1,1.9263468804909654
86100,1,47.746960695747106,125,0.225,1,1,1.9263260670905595
86230,6,48.93420004697865,128,0.225,1,1,-1.9355031444572335
86350,2,48.887564770856244,129,0.225,1,1,-1.939900889881142
86480,0,48.36743288436822,129,0.225,1,1,1.948132749521235
86600,3,48.48979940678952,131,0.225,1,1,-1.9485362618507274
86730,0,48.141081536351635,131,0.225,1,1,1.958544422207129
86880,0,48.789094147383786,133,0.2,1,1,-1.9701395857307715
87000,0,48.43311602726961,133,0.2,1,1,1.9924273547278866
87130,0,48.001621170797186,133,0.2,1,1,1.9930548021295476
87250,0,48.69773394710924,135,0.2,1,1,-1.992564069876481
87380,2,48.674820809135326,136,0.2,1,1,-1.993714041828351
87500,0,48.26818835784963,136,0.2,1,1,1.9934861943972984
87630,7,49.02415254089093,138,0.2,1,1,1.994016820117878
87750,7,48.33224741394757,138,0.2,1,1,-1.993382463006287
87880,0,47.655088533979885,138,0.2,1,1,1.994092402001717
88000,0,48.111037994145285,140,0.2,1,1,1.9957575406168204
88120,8,49.05462168035887,122,0.2,1,1,-1.9956837312170093
88220,8,48.81279289542475,122,0.225,1,1,-1.996377666869224
88340,0,48.561240364489485,122,0.225,1,1,1.9188717753964206
88470,0,48.27608402328831,122,0.225,1,1,1.9199662229150272
88590,0,47.88403159076224,122,0.225,1,1,1.9227022532511207
88720,0,47.157293514997484,122,0.225,1,1,1.9307659992672281
88840,2,48.63089410918919,125,0.225,1,1,-1.947436395682188
89000,0,48.01127354657265,125,0.2,1,1,1.968314504390158
89120,0,48.461080671590004,127,0.2,1,1,-1.99469598477856
89240,7,49.30994862685436,131,0.2,1,1,-1.9953622008348397
89370,0,48.438732750062115,131,0.2,1,1,-1.9955668049298552
89490,0,47.9801408635889,120,0.2,1,1,1.9964474495064373
89590,9,48.298740901763296,122,0.225,1,1,-1.996455402037187
89710,6,48.87211702530294,124,0.225,1,1,-1.9539663092103507
89870,5,49.08796265263058,126,0.2,1,1,-1.9706800740879287
89990,0,48.389958456923985,126,0.2,1,1,-1.9928430234698522
90120,0,48.63958330341442,122,0.2,1,1,1.9934402259698965
90210,4,49.02808085018545,124,0.225,1,1,-1.9957871581410176
90360,0,48.52007774896923,124,0.2,1,1,-1.9311671599662834
90490,9,49.502551783780014,128,0.2,1,1,-1.9927663347652906
90610,9,49.03016925634003,128,0.2,1,1,-1.9945312595350595
90740,0,48.51244281387625,128,0.2,1,1,-1.9940669203997012
90860,0,47.93334185146444,128,0.2,1,1,1.9941836317209494
90990,0,48.97255164194075,123,0.2,1,1,1.9946178593909727
91080,9,49.20412167007091,125,0.225,1,1,-1.9950975101168082
91240,9,48.85384081156829,125,0.2,1,1,-1.9209102030890246
91360,4,49.249427212172996,127,0.2,1,1,-1.9922399955272792
91480,1,48.61059099375319,127,0.2,1,1,-1.9924572638981048
91610,6,48.631471784694895,129,0.2,1,1,-1.994825533687763
91730,0,48.72563896124124,131,0.2,1,1,-1.9954760096526372
91860,0,48.70173172177542,133,0.2,1,1,-1.996024345288247
91980,5,48.641354721004596,135,0.2,1,1,-1.995626376436338
92110,0,48.44858882544565,137,0.2,1,1,-1.995942715368949
92230,0,48.207764346892056,127,0.2,1,1,1.9961467325081084
92320,6,48.8339688457885,129,0.225,1,1,-1.9966724838954928
92450,5,49.07472287090868,131,0.225,1,1,-1.9196715118298076
92570,5,48.806377751195626,131,0.225,1,1,-1.9447002622585867
92730,0,48.69136624055527,133,0.2,1,1,-1.9490894720966772
92820,7,49.21757238194932,135,0.225,1,1,1.990421791576111
92980,0,48.80542699611962,135,0.2,1,1,-1.9699485789607512
93100,2,48.747723029892164,136,0.2,1,1,-1.9939581656997045
93230,0,48.26111260082238,136,0.2,1,1,1.9934594285240252
93350,0,48.98529936101264,138,0.2,1,1,1.994004382688425
93470,4,49.27362661027994,140,0.2,1,1,-1.9943285740635188
93600,0,48.56459287054909,140,0.2,1,1,-1.9948379073923996
93720,8,49.0674151345511,142,0.2,1,1,1.9953623163897485
93850,0,48.697432111009405,129,0.2,1,1,-1.9958394266662205
93940,9,49.04876685412733,131,0.225,1,1,-1.9956092910360197
94100,0,48.607878881614376,131,0.2,1,1,-1.9447645373594042
94220,0,48.97508744841155,133,0.2,1,1,-1.992852252104488
94350,8,49.04380790946005,135,0.2,1,1,-1.9938296063490752
94470,8,48.37052153065635,135,0.2,1,1,-1.993376224819667
94590,3,48.99199959556387,131,0.2,1,1,-1.9944637787881172
94690,0,48.63012619683043,131,0.225,1,1,1.9956638131104554
94810,8,49.005425051691674,133,0.225,1,1,-1.930473712927429
94940,8,48.58690689502812,133,0.225,1,1,-1.943702896615174
95060,0,48.17686279335766,133,0.225,1,1,1.9467029142970607
95190,0,47.729345373537825,133,0.225,1,1,1.9502769510502702
95310,0,48.55673148171989,135,0.225,1,1,1.9494064617077702
95470,0,48.84557421573884,137,0.2,1,1,-1.95301147770925
95590,2,48.88535712391974,138,0.2,1,1,1.9937464524718034
95710,7,48.937516800107645,140,0.2,1,1,-1.9945759335895898
95840,4,49.28926057144399,142,0.2,1,1,-1.9946162165341048
95960,0,48.907299480045964,131,0.2,1,1,-1.9950117701953378
96060,0,48.38187819229203,131,0.225,1,1,1.9947776710103788
96180,5,48.859693050647934,133,0.225,1,1,-1.946252083094225
96340,3,49.15071412537933,135,0.2,1,1,1.9588887300609246
96460,3,48.927888093185416,131,0.2,1,1,-1.9935807101528262
96560,8,49.257463661777805,133,0.225,1,1,-1.9961036883686933
96680,8,48.94648872079914,133,0.225,1,1,-1.9139574357094855
96800,0,48.503033240650566,133,0.225,1,1,1.9264206829013677
96930,2,48.43750273905505,134,0.225,1,1,-1.9358118617514546
97050,4,48.95029012190624,136,0.225,1,1,-1.9526495507260413
97210,6,49.040154859392516,138,0.2,1,1,-1.961236889917929
97330,6,48.47722526852226,138,0.2,1,1,-1.9925509186025343
97460,3,48.562185751213825,140,0.2,1,1,-1.9943939105703683
97580,6,49.050109823167624,142,0.2,1,1,-1.9949812557599902
97700,0,48.821327971201306,132,0.2,1,1,-1.9960654412293157
97800,0,48.557654270275144,132,0.225,1,1,1.9957940490502108
97920,8,48.98616057661337,134,0.225,1,1,-1.9159439307429196
98050,0,48.405349992085206,134,0.225,1,1,1.9258398679278652
98170,4,49.1515501172003,137,0.225,1,1,-1.94512236979806
98330,4,48.698077885005105,137,0.2,1,1,-1.962123460733474
98450,9,48.958231613475554,139,0.2,1,1,-1.9929131782599798
98580,0,48.36081972910624,139,0.2,1,1,1.9939769477166427
98700,0,47.77399901556823,139,0.2,1,1,1.9940846769419955
98820,0,48.465886186851385,141,0.2,1,1,-1.99522156250363
98950,0,48.06336850728181,131,0.2,1,1,1.9951507517319527
99040,0,48.709185401943714,133,0.225,1,1,-1.9948425783217456
99170,2,48.67818685000024,134,0.225,1,1,-1.9486032736650387
99290,5,49.039441326723995,136,0.225,1,1,-1.9514113707526022
99450,5,48.58326525495563,136,0.2,1,1,-1.9541904719246443
99570,0,48.15847824203604,136,0.2,1,1,1.9928652497128108
99700,2,49.16585986173855,139,0.2,1,1,-1.9940075470843468
99820,0,48.712978102073414,139,0.2,1,1,-1.9936283950658749
99940,0,48.88483077780697,141,0.2,1,1,-1.9937298497442622
100070,0,48.127945902319574,141,0.2,1,1,1.9939702168533213
100190,0,47.822101045153154,131,0.2,1,1,1.9948297462489974
100290,0,47.47825244772842,131,0.225,1,1,1.9960485777054895
100410,0,48.24751075787874,133,0.225,1,1,1.9348750931431722
100540,0,48.36763346579062,134,0.225,1,1,1.9411685963323657
100690,0,47.810312027750484,134,0.2,1,1,1.9646031660677084
100820,0,47.582331078591785,129,0.2,1,1,1.9940945256419047
100910,0,48.67261158595834,131,0.225,1,1,1.9949393671128526
101030,0,48.30382213131651,131,0.225,1,1,1.915682603671133
101160,0,47.89074175623881,131,0.225,1,1,1.9230570453686227
101280,3,48.625857955218684,133,0.225,1,1,-1.9446111444221899
101410,8,48.92393407184835,135,0.225,1,1,-1.949722376007903
101530,0,48.40284263495499,135,0.225,1,1,1.9520324609136
101660,0,48.06035984893524,135,0.225,1,1,1.9545259598587514
101810,3,49.25254645091244,138,0.2,1,1,1.958607393057411
101940,0,48.85467236797765,138,0.2,1,1,-1.992305333446637
102060,5,48.83825724402497,139,0.2,1,1,-1.9931166995212466
102180,0,48.40406794769478,139,0.2,1,1,1.9932558153971462
102310,0,47.92297844160141,139,0.2,1,1,1.9932604949591584
102430,0,48.543824735961394,141,0.2,1,1,-1.9937477018682794
102560,6,48.81343705785796,143,0.2,1,1,-1.9942733467917027
102680,5,49.189543400841096,145,0.2,1,1,-1.9947479759782973
102810,0,48.477125768216816,145,0.2,1,1,-1.9947994711909032
102930,4,49.05687465018519,130,0.2,1,1,-1.9954652247528515
103030,4,48.76523906280767,130,0.225,1,1,-1.9958551388829926
103150,3,49.128222660907966,132,0.225,1,1,-1.9264814562728863
103270,3,48.77109202690866,132,0.225,1,1,-1.9321136632034275
103400,0,48.28316829735412,132,0.225,1,1,1.9378934095052083
103520,5,48.78033908665642,134,0.225,1,1,-1.9430602350499304
103680,6,49.42930140213977,138,0.2,1,1,-1.9562897395616001
103800,6,49.14045324297019,131,0.2,1,1,-1.994012588140032
103900,6,48.78923825107212,131,0.225,1,1,-1.995986405225074
104020,3,49.035992854863295,133,0.225,1,1,-1.9315410668871207
104140,3,48.69435533766715,133,0.225,1,1,-1.9422349421071559
104300,7,49.04816585804753,135,0.2,1,1,-1.9510067190070222
104420,7,48.54917693826439,135,0.2,1,1,-1.992288449791905
104550,4,48.834357330024744,137,0.2,1,1,-1.9928392958339933
104670,0,48.97434501396286,139,0.2,1,1,-1.9944479680915568
104800,4,49.25724497024746,141,0.2,1,1,-1.9946448425678802
104920,0,48.4166624528236,141,0.2,1,1,-1.9945275213298381
105050,5,49.05678413012087,133,0.2,1,1,-1.995514144483261
105140,5,48.80536666123525,133,0.225,1,1,-1.9963572376037604
105260,6,49.202212414894866,135,0.225,1,1,-1.9192822732353436
105390,6,48.91446566178992,135,0.225,1,1,-1.9226656480024975
105510,0,48.60979778027603,135,0.225,1,1,1.9266139567214287
105640,0,48.22373047200149,135,0.225,1,1,1.9313118523576336
105760,5,48.76646269217782,137,0.225,1,1,-1.9346558557425884
105890,4,48.9790720367029,139,0.225,1,1,-1.9467412819392822
106010,0,48.498290126794615,139,0.225,1,1,1.9527059937797147
106170,0,48.71873280369851,141,0.2,1,1,-1.9551182803071325
106290,6,49.07237473921294,143,0.2,1,1,-1.9942702326136774
106410,7,49.488072898391515,134,0.2,1,1,-1.9953265763830288
106510,7,49.17884280449482,134,0.225,1,1,-1.996237065804211
106630,7,48.833691842852296,134,0.225,1,1,-1.9144283248142102
106760,0,48.42059885093044,134,0.225,1,1,1.935496634209134
106880,9,48.85610472187412,136,0.225,1,1,-1.941360350091539
107010,0,48.49873408626926,136,0.225,1,1,1.949723679272371
107160,0,48.89879666667693,138,0.2,1,1,-1.9525127778309441
107290,7,49.25094826043104,140,0.2,1,1,-1.9925896590249155
107410,0,48.54786217917731,140,0.2,1,1,-1.9937450280982307
107530,0,48.70805869594611,142,0.2,1,1,-1.9951325810713147
107660,7,49.437094820177215,146,0.2,1,1,-1.9958114443585073
107780,7,49.191401760836236,135,0.2,1,1,-1.9955197783247163
107880,7,48.94850808339123,135,0.225,1,1,-1.995759672181381
108000,8,49.17091720316562,137,0.225,1,1,-1.9210785285745502
108130,8,48.72205961729649,137,0.225,1,1,-1.920276148342295
108250,0,48.208335438266865,137,0.225,1,1,1.9436867929362782
108380,0,47.77806390558143,137,0.225,1,1,1.9531294810471314
108530,0,48.571868463591834,139,0.2,1,1,-1.9581179901573378
108650,2,49.298803202384505,142,0.2,1,1,-1.993698620799093
108780,0,48.86979590307564,142,0.2,1,1,-1.9938261892644866
108900,0,48.30920574125997,142,0.2,1,1,1.9935264657522096
109030,9,48.64069343563526,144,0.2,1,1,-1.9936825919151921
109150,9,49.080942064211236,135,0.2,1,1,-1.994963883673302
109250,9,48.721846945199054,135,0.225,1,1,-1.995288892356516
109370,8,49.06913928328141,137,0.225,1,1,-1.9365123692373205
109490,8,48.561788963787734,137,0.225,1,1,-1.943328437627191
109620,6,49.006428426591256,139,0.225,1,1,-1.9438255683752501
109770,0,48.54838107833082,139,0.2,1,1,-1.9576833156161926
109900,0,48.06298932365129,139,0.2,1,1,1.992534207318831
110020,0,48.91349536876603,141,0.2,1,1,1.9940285133483804
110150,0,48.341218134550736,141,0.2,1,1,1.9943164911276325
110270,5,49.03289185819045,134,0.2,1,1,-1.9945278228344105
110370,0,48.77641194567546,134,0.225,1,1,-1.9950492546508516
110490,5,49.148506244423785,136,0.225,1,1,-1.9162967444573253
110610,5,48.682213811699334,136,0.225,1,1,-1.9240122565245632
110740,0,48.12514753938493,136,0.225,1,1,1.935213100461722
110890,0,47.42942859379463,136,0.2,1,1,1.9546040306595984
111020,0,48.62504523917236,132,0.2,1,1,1.9949374412005467
111110,6,49.11507164499982,134,0.225,1,1,-1.9957761215303151
111240,6,48.81385272422029,134,0.225,1,1,-1.917127694991665
111360,2,48.884828196767,135,0.225,1,1,-1.9282636586796178
111490,7,49.170584486821944,137,0.225,1,1,-1.934003839001225
111610,0,48.82555880024912,137,0.225,1,1,-1.9381281335057563
111730,0,48.44750122286319,137,0.225,1,1,1.939637566701161
111860,0,48.46041089825054,138,0.225,1,1,1.9413419664857465
111980,7,48.93396229965945,140,0.225,1,1,-1.945777415828644
112140,0,48.52237532059534,140,0.2,1,1,1.9574917195256463
112260,0,48.11582168281414,140,0.2,1,1,1.993007923003261
112390,0,47.68779773441897,140,0.2,1,1,1.9934517262400222
112510,1,48.48874686138545,142,0.2,1,1,1.993381347609015
112640,0,47.96096767899332,142,0.2,1,1,1.9936700589775167
112760,5,49.33407714231989,146,0.2,1,1,-1.994298692858814
112880,5,49.09675839557711,131,0.2,1,1,-1.9947040456077791
112980,0,48.75477632259711,131,0.225,1,1,-1.9951862962611797
113100,0,48.521507460798496,131,0.225,1,1,1.9186239463978103
113260,3,49.528579980069644,135,0.2,1,1,-1.9408912988554952
113380,3,49.09336509262536,135,0.2,1,1,-1.9891155132930312
113510,0,48.59279513489023,135,0.2,1,1,-1.9933390503666746
113630,6,49.416594468211414,138,0.2,1,1,1.9937604047531348
113760,5,49.41153293484677,140,0.2,1,1,-1.9944627933769568
113880,5,48.59665446142129,140,0.2,1,1,-1.9949728025686781
114000,6,49.12844565845934,133,0.2,1,1,-1.9959806216704916
114100,0,48.834520343450706,133,0.225,1,1,-1.996269182725732
114220,5,49.315215088683196,135,0.225,1,1,1.9216835144780646
114350,0,48.91694049910365,135,0.225,1,1,-1.9325761442764366
114470,0,48.525726690078315,135,0.225,1,1,1.9454345906826949
114600,6,48.81321741517432,137,0.225,1,1,-1.948137391529926
114720,0,48.424669858515905,137,0.225,1,1,1.9473402494685126
114870,6,48.88867416784412,139,0.2,1,1,-1.9592792489983983
115000,5,48.97961035824087,141,0.2,1,1,-1.9931146938863167
115120,8,49.046071521307915,143,0.2,1,1,-1.9934460870854935
115250,8,48.56202558103369,143,0.2,1,1,-1.9946929825128683
115370,0,48.797302171990516,145,0.2,1,1,-1.9944614096821807
115500,8,49.381604665152885,149,0.2,1,1,-1.9943030770987535
115620,8,49.13674499389447,136,0.2,1,1,-1.9949861934217337
115720,8,48.86198140334134,136,0.225,1,1,-1.9964102622629314
115840,8,49.165342345700424,138,0.225,1,1,-1.920841504669747
115960,8,48.80215565084039,138,0.225,1,1,-1.9284759199882062
116090,2,48.77679416324993,139,0.225,1,1,-1.9388572860755415
116210,0,48.70958435375043,140,0.225,1,1,1.9438779591913675
116340,0,48.21491746832115,140,0.225,1,1,1.9508849441346645
116460,9,48.64624164097127,142,0.225,1,1,-1.9552963993309895
116590,9,49.000118505287865,144,0.225,1,1,-1.956785638540296
116740,9,48.56947140393657,144,0.2,1,1,-1.9610040153037873
116870,0,48.94203062799361,146,0.2,1,1,-1.9932607916734042
116990,8,49.31821634778854,148,0.2,1,1,-1.9937033644537128
117110,0,48.76528905930545,148,0.2,1,1,-1.9935943613021119
117240,5,49.21771900957845,137,0.2,1,1,-1.994221756125773
117330,5,48.946924306559666,137,0.225,1,1,-1.9949059536882552
117460,0,48.584817980038856,137,0.225,1,1,1.9174548479579088
117580,5,49.20038784614778,139,0.225,1,1,1.9275565101472585
117740,0,48.74728565802619,139,0.2,1,1,-1.9437340362571132
117860,0,48.267881979288774,139,0.2,1,1,1.9930425380516963
117990,9,48.45943568004578,141,0.2,1,1,-1.993972731589061
118110,0,48.29327967969496,142,0.2,1,1,1.9942562301210423
118230,4,49.42729578356669,137,0.2,1,1,-1.996104272272674
118330,4,49.12498096210323,137,0.225,1,1,-1.9956965637668496
118450,4,48.587721201790295,137,0.225,1,1,-1.9150806339101154
118580,4,48.94626951586204,139,0.225,1,1,-1.9342125807941988
118730,6,48.87534411712097,141,0.2,1,1,-1.959635190944657
118860,3,49.36292736007877,138,0.2,1,1,-1.9936447397245718
118950,3,49.05880997889986,138,0.225,1,1,-1.995573842250606
119080,3,48.75688880578977,138,0.225,1,1,-1.935410669471228
119200,0,48.401519091511766,138,0.225,1,1,1.9345527477493143
119320,0,48.85920148673452,140,0.225,1,1,1.9341377698040785
119450,9,49.14248113301242,142,0.225,1,1,-1.9428173679737573
119600,0,48.79188273420467,142,0.2,1,1,-1.9514374198438356
119730,3,49.28178668863548,144,0.2,1,1,-1.9924613848474744
119850,0,48.823468435026264,144,0.2,1,1,-1.9924633078315417
119980,7,48.95959748985496,146,0.2,1,1,-1.9933998179970036
120100,0,48.79320195932015,147,0.2,1,1,-1.9940315344910855
120230,8,49.53964585421925,151,0.2,1,1,1.9946158759678898
120350,8,49.251141792391564,139,0.2,1,1,-1.9945779201318645
120440,8,48.89155916845646,139,0.225,1,1,-1.9944522275115086
120570,8,49.09813257309977,141,0.225,1,1,-1.9314696386424752
120690,8,48.62940851893062,141,0.225,1,1,-1.9433945520722664
120820,8,48.929287884325035,143,0.225,1,1,-1.9493206681315576
120940,5,49.031297102188404,145,0.225,1,1,-1.9548011367721565
121100,0,48.74810576024201,139,0.2,1,1,-1.9542146133795146
121190,5,49.13424231157742,141,0.225,1,1,-1.9943893196431424
121310,0,48.81351597418184,141,0.225,1,1,-1.9303454833543798
121440,8,49.12545215275971,143,0.225,1,1,-1.9355202673737826
121560,8,48.7755488600618,143,0.225,1,1,-1.9375121899099845
121690,4,49.0604170681009,145,0.225,1,1,-1.9416623379502782
121840,9,49.41719694830662,147,0.2,1,1,-1.942048264027676
121970,0,48.979642799465175,147,0.2,1,1,-1.9932187634384413
122090,2,48.87841156744519,148,0.2,1,1,-1.9928422808908033
122220,9,49.03373440600496,150,0.2,1,1,-1.9937891564315935
122340,0,48.52014572251736,150,0.2,1,1,-1.9938351677226087
122460,0,48.68581419058453,151,0.2,1,1,1.994134881966268
122590,5,48.89080737087621,153,0.2,1,1,-1.9945814067777328
122710,0,48.411482564554106,153,0.2,1,1,1.9943757195475855
122840,4,48.8301957497776,155,0.2,1,1,-1.9946814830765844
122960,7,48.885059489341536,157,0.2,1,1,-1.9942554263665488
123090,3,49.253830223108004,143,0.2,1,1,-1.994091872644622
123180,3,48.9643706922212,143,0.225,1,1,-1.9952058404208726
123310,0,48.659954291516854,143,0.225,1,1,1.9224543746147869
123430,9,49.254026625219566,145,0.225,1,1,1.931667570399697
123550,9,48.84879832564011,145,0.225,1,1,-1.9346087986192313
123680,2,48.83163294109025,146,0.225,1,1,-1.9403499367627344
123830,6,49.003882886241186,148,0.2,1,1,-1.948895900632113
123960,0,48.492545147082595,148,0.2,1,1,-1.9933001839968199
124080,0,47.89283603169343,148,0.2,1,1,1.9942299984907241
124210,0,47.31546335812302,148,0.2,1,1,1.9945613293337177
124330,0,46.67117111463554,148,0.2,1,1,1.995236591967755
124460,0,46.422447006525545,137,0.2,1,1,1.9950853957915067
124550,8,48.82951023509299,141,0.225,1,1,-1.9955070889728443
124670,5,49.126217311760236,143,0.225,1,1,-1.9219276751767327
124830,5,48.755775367708274,143,0.2,1,1,-1.9544009320546945
124950,0,48.348040088791585,143,0.2,1,1,1.9925192504514326
125080,0,47.89678730244867,143,0.2,1,1,1.9928205111632473
125200,0,48.65366848752345,145,0.2,1,1,1.9933980255209058
125330,8,49.14251240463009,140,0.2,1,1,-1.993951556910123
125420,8,48.87726301600689,140,0.225,1,1,-1.9934514960471577
125550,4,49.18048451161976,142,0.225,1,1,-1.9246938598441006
125670,8,49.46967010536711,144,0.225,1,1,-1.9262273887368286
125790,8,49.08815194922358,144,0.225,1,1,-1.9374774684746676
125920,0,48.59438837268612,144,0.225,1,1,-1.9452394671464743
126040,0,48.05113605706913,144,0.225,1,1,1.9461986991639706
126170,8,48.562600157318414,146,0.225,1,1,-1.9567199794755397
126290,3,49.021025744888476,148,0.225,1,1,-1.9600008497229202
126450,3,48.64168621266892,148,0.2,1,1,-1.9616085517435338
126570,3,48.997023533688534,150,0.2,1,1,-1.9922581282028808
126690,3,49.08347308223611,152,0.2,1,1,-1.9929685789138385
126820,3,48.544813098712716,152,0.2,1,1,-1.9932765397467194
126940,0,48.11528493638773,139,0.2,1,1,1.9941665433514109
127070,0,48.26571881098423,140,0.2,1,1,1.9947937137483653
127190,0,48.696381390941355,142,0.2,1,1,-1.9936892071988626
127320,3,49.450453798587446,146,0.2,1,1,-1.994239881654209
127440,3,48.257936134095964,146,0.2,1,1,-1.9947460985579917
127570,0,48.93643336737712,143,0.2,1,1,-1.995577983466206
127660,0,48.5980168714253,143,0.225,1,1,1.9971814536235704
127780,0,48.69396706607394,144,0.225,1,1,1.9316379231664405
127910,0,48.29924050429649,144,0.225,1,1,1.9403533074345358
128030,0,47.89697449073654,144,0.225,1,1,1.9449425334981263
128190,8,48.8370001385364,141,0.2,1,1,-1.947740312399112
128280,6,49.189374917127346,143,0.225,1,1,-1.9933200108618343
128410,6,48.86578041400765,143,0.225,1,1,-1.9157940541980916
128530,3,49.1440496179642,145,0.225,1,1,-1.9325382226530197
128660,3,48.630226892279524,145,0.225,1,1,-1.9379933433214662
128780,0,48.27898339756687,145,0.225,1,1,1.9423252217999116
128930,8,49.0660965451015,147,0.2,1,1,-1.958124627528792
129060,7,49.410630825234186,149,0.2,1,1,-1.9924755527867908
129180,0,48.95376699821106,149,0.2,1,1,-1.9929836022607401
129310,0,48.42426118639576,149,0.2,1,1,1.9931704099681695
129430,0,47.86478115531043,149,0.2,1,1,1.9940152727822544
129560,7,49.266641310053714,153,0.2,1,1,-1.9947185201234188
129680,7,49.01894289314699,141,0.2,1,1,-1.9949555893657689
129780,8,49.43686134530715,143,0.225,1,1,-1.9958018559046702
129900,8,49.131496446466855,143,0.225,1,1,-1.9216425710304508
130020,8,48.75697057668238,143,0.225,1,1,-1.9309458558306674
130150,5,48.99442418496846,145,0.225,1,1,-1.9347858885036004
130270,0,48.64762334825345,145,0.225,1,1,1.9453396398471832
130430,8,49.053678100999306,147,0.2,1,1,-1.9535000972573031
130550,9,49.415199032808054,149,0.2,1,1,-1.9923903037112731
130680,9,49.058294994249735,149,0.2,1,1,-1.9923603362911408
130800,5,49.39599862859129,151,0.2,1,1,-1.9928040820611115
130930,0,48.98784824861189,151,0.2,1,1,-1.992581106913695
131050,8,49.11305248839081,153,0.2,1,1,-1.9935295313308874
131170,0,48.67499055191898,153,0.2,1,1,-1.9934038614831073
131300,0,48.96482147141436,141,0.2,1,1,1.9937836265715971
131390,0,48.64241634658423,141,0.225,1,1,1.993795357155636
131520,5,49.06291618221402,143,0.225,1,1,-1.915609656282414
131640,0,48.71193814908745,143,0.225,1,1,-1.9377948273873613
131770,4,49.051796008763304,145,0.225,1,1,-1.9396265577507747
131890,4,48.65630133349058,145,0.225,1,1,-1.942201319283752
132040,4,49.236639343395105,147,0.2,1,1,-1.945490057097062
132170,6,49.48742426369821,149,0.2,1,1,-1.9932204426541886
132290,6,49.11577742681205,149,0.2,1,1,-1.9928782702742571
132420,0,48.585769575926946,149,0.2,1,1,-1.9931361098659852
132540,0,48.252154928431224,139,0.2,1,1,1.9928409759138435
132640,6,48.85456177586959,141,0.225,1,1,-1.9947227111115982
132760,0,48.51444270902465,141,0.225,1,1,1.9396110993939157
132920,9,48.956018423668766,143,0.2,1,1,-1.9445890549400606
133040,9,49.14655250199398,145,0.2,1,1,-1.992257909749292
133160,2,49.13185022077898,146,0.2,1,1,-1.9930391816260116
133290,0,48.65271693988512,146,0.2,1,1,-1.99312873110492
133410,3,48.47357293871932,147,0.2,1,1,-1.9939229399619167
133540,0,47.8954792090474,147,0.2,1,1,1.9942534735154105
133660,0,48.016298184063594,148,0.2,1,1,1.995414100949122
133790,0,48.944897496923254,151,0.2,1,1,-1.9950904587743366
133910,7,49.29281846378487,142,0.2,1,1,-1.9951085706570078
134010,7,49.007469164854754,142,0.225,1,1,-1.9958015581389001
134130,0,48.717325906558564,142,0.225,1,1,-1.9189042383644745
134250,8,49.10722533162098,144,0.225,1,1,-1.9308069903324132
134380,8,48.59370389163624,144,0.225,1,1,-1.9318084335713943
134500,0,48.203540636667235,144,0.225,1,1,1.9378437242860647
134660,0,48.76849274008969,146,0.2,1,1,-1.9581043272898149
134780,0,48.315721477646,146,0.2,1,1,1.9931396230401737
134910,0,48.539692152946145,148,0.2,1,1,-1.993733905604868
135030,0,48.30344770732914,139,0.2,1,1,1.993968955337985
135130,9,48.97158543943688,141,0.225,1,1,-1.995852002634956
135250,4,49.271891103451146,143,0.225,1,1,-1.9182969398592937
135370,4,48.95452853980489,143,0.225,1,1,-1.9283907753134228
135500,8,48.740334241363406,145,0.225,1,1,-1.927613094407439
135620,4,49.06590289038603,147,0.225,1,1,-1.9369371277545386
135780,4,49.408069097516154,149,0.2,1,1,-1.9704395974333444
135900,0,48.973529561163275,149,0.2,1,1,-1.9928846689616533
136030,5,49.131631265013155,151,0.2,1,1,-1.993253943048786
136150,0,48.66430355548825,151,0.2,1,1,-1.9937520466354683
136280,0,48.11428453802854,151,0.2,1,1,1.9934596250163095
136400,5,48.89284607269538,142,0.2,1,1,-1.994130017922483
136490,0,48.59077794728099,142,0.225,1,1,1.994883546006787
136620,0,48.271175494789375,142,0.225,1,1,1.9271459869587
136740,7,48.897308064469236,144,0.225,1,1,-1.9341657195189108
136900,8,49.04296296787041,146,0.2,1,1,-1.9373213621359202
137020,8,48.78393126343146,141,0.2,1,1,-1.992138846052691
137120,5,49.18540560423128,143,0.225,1,1,-1.9941259838147982
137240,5,48.898307536663744,143,0.225,1,1,-1.9246717672342106
137370,0,48.616854946752355,143,0.225,1,1,1.9283284417935385
137490,9,49.04313795372339,145,0.225,1,1,-1.9311760566157699
137610,9,48.71017652488333,145,0.225,1,1,-1.929968644138742
137740,0,48.31349151784359,145,0.225,1,1,1.9409135189268605
137860,0,48.43363413082136,146,0.225,1,1,1.9395085237481517
138020,7,49.43614084400999,150,0.2,1,1,-1.9479603509769328
138140,0,48.734633913692456,150,0.2,1,1,-1.9938432854888506
138270,0,48.776381134106735,152,0.2,1,1,-1.9950509946357384
138390,4,49.19069531765527,143,0.2,1,1,-1.9958039352503387
138480,4,48.86214142005493,143,0.225,1,1,-1.9956003313779958
138610,0,48.512068055280686,143,0.225,1,1,1.9262822854855972
138730,6,48.938890836531975,145,0.225,1,1,-1.9388060351684078
138860,9,49.14348081163394,147,0.225,1,1,-1.942072545205358
138980,9,48.493859497323655,147,0.225,1,1,-1.9483066602398285
139110,0,48.10619287683579,147,0.225,1,1,1.9466050429166457
139260,0,48.78023474992957,149,0.2,1,1,-1.9653844817128294
139390,8,49.27016922618219,151,0.2,1,1,-1.9931010143538654
139510,0,48.855826085076316,151,0.2,1,1,-1.9929479294171346
139630,4,49.04068604278507,153,0.2,1,1,-1.9935966594088184
139760,4,48.60208531739111,153,0.2,1,1,-1.9934895417927243
139880,0,48.14908428883458,153,0.2,1,1,1.99394625668473
140010,0,47.63149502454176,153,0.2,1,1,1.9938019207870548
140130,0,47.04888000068551,153,0.2,1,1,1.9939715778234626
140260,0,47.748552654945684,139,0.2,1,1,1.9946166602055289
140350,3,49.249724157830045,143,0.225,1,1,-1.9951219205087676
140480,3,48.907331702171646,143,0.225,1,1,-1.9305265075010316
140600,5,49.18675335431592,145,0.225,1,1,-1.9348194872473201
140720,5,48.73422546984399,145,0.225,1,1,-1.9409525192300996
140880,0,48.30487151953981,145,0.2,1,1,1.938654224748262
141000,9,48.75142380058146,147,0.2,1,1,-1.9939661745937314
141130,0,48.223872549043094,147,0.2,1,1,1.9936869963795643
141250,4,48.41670184084367,148,0.2,1,1,1.994411919319587
141380,9,48.969448445391244,151,0.2,1,1,-1.9947021277759398
141500,0,48.713484894587005,141,0.2,1,1,1.9952307872604855
141600,2,48.8227733921766,142,0.225,1,1,-1.994970108306613
141720,5,49.13589634819498,144,0.225,1,1,-1.9238772589060769
141840,5,48.435468757021106,144,0.225,1,1,-1.9373124022016934
141970,7,48.9672688637689,146,0.225,1,1,-1.9407279601303902
142120,7,49.370149805130026,148,0.2,1,1,-1.967386414137287
142250,0,48.93607491551951,148,0.2,1,1,-1.9922022075264276
142370,0,48.486980562147885,148,0.2,1,1,1.993050246649051
142500,9,49.07620583611449,150,0.2,1,1,-1.9937462811248752
142620,0,48.44763401545734,150,0.2,1,1,-1.9939266240183455
142750,0,48.175725558940776,140,0.2,1,1,1.995000305407244
142840,0,47.88402279304648,140,0.225,1,1,1.9954160806823291
142960,4,48.76533215322182,142,0.225,1,1,-1.9278171360164214
143090,0,48.45347758909322,142,0.225,1,1,1.932127332183959
143210,6,49.0034590388401,144,0.225,1,1,-1.932637865381531
143340,6,48.68556379527045,144,0.225,1,1,-1.935969477340142
143460,8,49.20808142036204,146,0.225,1,1,1.9354907432821917
143590,1,48.7805233892149,146,0.225,1,1,-1.9370289814448676
143740,6,48.474303728768454,148,0.2,1,1,-1.9546924855792795
143860,0,48.173468537873184,139,0.2,1,1,1.9936641007274383
143960,0,47.81825055820913,139,0.225,1,1,1.996763493462907
