sysTime,Action,ChannelUsed,TransJob,CPU,JobFaultProb,RunningJob,ActionQos
130,995,-1.7763568394002505e-15,0,0.225,1,1,0.0
290,58,0.0,0,0.025,0.4888888888888889,1,1.9906716079262896
390,580,0.0,0,0.225,0.4888888888888889,1,1.9995499891104223
510,632,0.0,0,0.225,0.4888888888888889,1,1.9967609988755466
640,696,0.0,0,0.225,1,1,1.9966611657571265
770,495,0.0,0,0.25,1,1,1.9965613829948936
890,759,0.0,0,0.225,1,1,1.9976408164019663
1010,20,0.0,0,0.225,0.4,1,1.9962622311167308
1120,426,0.0,0,0.225,0.4,1,1.9964616377810838
1260,139,0.0,0,0.225,0.15,1,1.9911816670985962
1380,484,0.0,0,0.225,0.15,1,1.9965613829948936
1500,830,6.875176187496751,1,0.225,0.15,1,1.9965613829948936
1630,126,0.0,0,0.225,0.05,1,1.9906716079262896
1760,198,0.0,0,0.225,0.5,1,1.9964616377810838
1870,777,0.0,0,0.225,0.5,1,1.9965613829948936
2010,635,0.0,0,0.225,0.5,1,1.9914368904353137
2130,664,0.0,0,0.225,1,1,1.9965613829948936
2250,401,9.632253897119792,1,0.225,1,1,1.9964616377810838
2370,778,0.0,0,0.225,1,1,1.9964616377810838
2490,512,0.0,0,0.225,1,1,1.9914368904353137
2630,222,0.0,0,0.225,1,1,1.9909265796887785
2750,287,7.600154672252503,1,0.225,1,1,1.9964616377810838
2870,40,0.0,0,0.225,1,1,1.9966611657571265
3000,1017,12.553088208385882,2,0.225,1,1,1.9909265796887785
3120,950,0.0,0,0.225,0.4,1,1.9963619222053155
3240,379,0.0,0,0.225,1,1,1.9906716079262896
3370,540,0.0,0,0.225,0.7,1,1.9906716079262896
3490,922,0.0,0,0.225,0.7,1,1.9966611657571265
3610,441,0.0,0,0.225,0.7,1,1.9909265796887785
3740,927,0.0,0,0.225,0.7,1,1.9909265796887785
3870,679,0.0,0,0.225,1,1,1.99041673859866
4000,883,13.750352374993502,2,0.225,1,1,1.9964616377810838
4110,520,0.0,0,0.225,1,1,1.9967609988755466
4250,217,8.496250072115618,1,0.225,1,1,1.9906716079262896
4360,516,0.0,0,0.225,1,1,1.9964616377810838
4480,407,0.0,0,0.225,1,1,1.9914368904353137
4620,882,0.0,0,0.225,1,1,1.9909265796887785
4740,334,0.0,0,0.225,1,1,1.9964616377810838
4870,358,0.0,0,0.225,1,1,1.9965613829948936
4980,133,0.0,0,0.225,1,1,1.9965613829948936
5120,358,0.0,0,0.225,1,1,1.9914368904353137
5240,456,0.0,0,0.225,1,1,1.9965613829948936
5370,217,0.0,0,0.225,1,1,1.9966611657571265
5480,403,0.0,0,0.225,1,1,1.9965613829948936
5600,741,7.600154672252503,1,0.225,1,1,1.9911816670985962
5740,832,0.0,0,0.225,0.25,1,1.9911816670985962
5860,527,0.0,0,0.225,0.25,1,1.9967609988755466
5990,240,0.0,0,0.225,0.25,1,1.9966611657571265
6110,545,0.0,0,0.225,0.25,1,1.9966611657571265
6240,994,0.0,0,0.225,0.4,1,1.9965613829948936
6350,706,9.632253897119792,1,0.225,0.5,1,1.9964616377810838
6480,339,0.0,0,0.225,0.5,1,1.9911816670985962
6600,668,0.0,0,0.225,0.5,1,1.9965613829948936
6730,729,0.0,0,0.225,0.5,1,1.9911816670985962
6860,278,0.0,0,0.225,0.5,1,1.9964616377810838
6970,553,0.0,0,0.225,1,1,1.9965613829948936
7100,942,6.875176187496751,1,0.225,1,1,1.9914368904353137
7220,419,0.0,0,0.225,1,1,1.991947900229685
7360,358,0.0,0,0.225,0.85,1,1.9911816670985962
7470,983,0.0,0,0.225,0.85,1,1.9965613829948936
7590,1006,0.0,0,0.225,0.85,1,1.99041673859866
7720,388,0.0,0,0.225,0.85,1,1.99041673859866
7840,1019,0.0,0,0.225,0.85,1,1.9916922825206083
7970,995,0.0,0,0.225,0.85,1,1.9901619627243499
8100,858,15.200309344505007,2,0.225,0.85,1,1.9906716079262896
8230,521,0.0,0,0.225,0.85,1,1.9966611657571265
8340,463,0.0,0,0.225,0.85,1,1.9965613829948936
8480,453,0.0,0,0.225,0.85,1,1.9906716079262896
8600,545,0.0,0,0.225,0.5,1,1.9965613829948936
8720,76,0.0,0,0.225,0.5,1,1.9966611657571265
8850,620,8.496250072115618,1,0.225,1,1,1.9967609988755466
8970,719,0.0,0,0.225,1,1,1.9963619222053155
9090,945,0.0,0,0.225,1,1,1.9963619222053155
9220,345,0.0,0,0.225,1,1,1.9909265796887785
9340,140,0.0,0,0.225,1,1,1.9965613829948936
9470,605,0.0,0,0.225,1,1,1.9916922825206083
9590,812,0.0,0,0.225,1,1,1.9964616377810838
9720,756,0.0,0,0.225,1,1,1.9911816670985962
9840,365,0.0,0,0.225,1,1,1.9964616377810838
9970,346,0.0,0,0.225,1,1,1.9964616377810838
10090,992,0.0,0,0.225,0.65,1,1.9965613829948936
10220,380,0.0,0,0.225,0.65,1,1.9965613829948936
10340,21,0.0,0,0.225,1,1,1.9964616377810838
10460,685,0.0,0,0.225,1,1,1.9964616377810838
10590,713,0.0,0,0.225,1,1,1.9911816670985962
10720,178,0.0,0,0.225,1,1,1.9965613829948936
10840,221,0.0,0,0.225,1,1,1.9964616377810838
10950,434,8.496250072115618,1,0.225,1,1,1.9964616377810838
11090,453,0.0,0,0.225,1,1,1.9914368904353137
11200,310,8.496250072115618,1,0.225,1,1,1.9965613829948936
11330,415,0.0,0,0.225,0.5,1,1.9906716079262896
11450,392,11.1196210668224,1,0.225,0.2,1,1.9906716079262896
11590,732,0.0,0,0.225,0.2,1,1.9914368904353137
11710,47,0.0,0,0.225,1,1,1.9964616377810838
11830,839,0.0,0,0.225,1,1,1.9965613829948936
11950,506,13.750352374993502,2,0.225,1,1,1.9964616377810838
12070,375,0.0,0,0.225,1,1,1.9906716079262896
12200,346,16.992500144231236,2,0.225,1,1,1.9906716079262896
12330,141,0.0,0,0.225,1,1,1.9911816670985962
12460,759,0.0,0,0.225,1,1,1.9965613829948936
12570,912,0.0,0,0.225,0.1,1,1.9964616377810838
12710,363,0.0,0,0.225,0.8,1,1.9914368904353137
12830,90,0.0,0,0.225,0.8,1,1.9965613829948936
12940,973,0.0,0,0.225,0.8,1,1.9966611657571265
13080,734,0.0,0,0.225,0.8,1,1.9906716079262896
13190,11,0.0,0,0.225,1,1,1.9963619222053155
13330,457,0.0,0,0.225,1,1,1.9906716079262896
13450,928,9.632253897119792,1,0.225,1,1,1.9965613829948936
13570,924,0.0,0,0.225,1,1,1.9965613829948936
13690,793,0.0,0,0.225,0.5,1,1.9909265796887785
13820,414,0.0,0,0.225,0.5,1,1.9911816670985962
13950,418,9.632253897119792,1,0.225,0.55,1,1.9909265796887785
14070,4,0.0,0,0.225,0.55,1,1.9964616377810838
14200,421,8.496250072115618,1,0.225,0.8,1,1.9964616377810838
14310,18,0.0,0,0.225,1,1,1.9964616377810838
14450,184,0.0,0,0.225,1,1,1.9911816670985962
14570,985,0.0,0,0.225,1,1,1.9962622311167308
14700,646,0.0,0,0.225,0.85,1,1.9963619222053155
14820,337,0.0,0,0.225,0.85,1,1.9965613829948936
14950,975,12.553088208385882,2,0.225,0.85,1,1.9966611657571265
15070,736,0.0,0,0.225,0.85,1,1.9964616377810838
15180,302,0.0,0,0.225,0.85,1,1.9966611657571265
15320,939,0.0,0,0.225,1,1,1.9911816670985962
15440,591,0.0,0,0.225,1,1,1.9964616377810838
15570,481,0.0,0,0.225,1,1,1.9964616377810838
15680,387,0.0,0,0.225,1,1,1.9965613829948936
15810,53,0.0,0,0.225,1,1,1.9914368904353137
15940,994,0.0,0,0.225,1,1,1.9914368904353137
16070,989,0.0,0,0.225,1,1,1.9964616377810838
16190,347,0.0,0,0.225,0.95,1,1.9962622311167308
16310,298,0.0,0,0.225,0.95,1,1.9964616377810838
16430,893,0.0,0,0.225,0.95,1,1.9964616377810838
16560,465,0.0,0,0.225,0.95,1,1.99041673859866
16690,492,0.0,0,0.225,0.95,1,1.9966611657571265
16800,989,12.553088208385882,2,0.225,1,1,1.9964616377810838
16940,121,0.0,0,0.225,1,1,1.9916922825206083
17050,362,16.992500144231236,2,0.225,1,1,1.9965613829948936
17190,689,0.0,0,0.225,1,1,1.9911816670985962
17300,351,13.750352374993502,2,0.225,1,1,1.9965613829948936
17420,395,0.0,0,0.225,1,1,1.9914368904353137
17560,881,0.0,0,0.225,1,1,1.9911816670985962
17680,108,0.0,0,0.225,0.75,1,1.9964616377810838
17800,499,13.750352374993502,2,0.225,1,1,1.9966611657571265
17920,905,0.0,0,0.225,1,1,1.9911816670985962
18050,644,0.0,0,0.225,1,1,1.9911816670985962
18170,825,0.0,0,0.225,1,1,1.9909265796887785
18300,929,8.496250072115618,1,0.225,1,1,1.9909265796887785
18430,589,0.0,0,0.225,0.35,1,1.9964616377810838
18540,1022,0.0,0,0.225,0.2,1,1.9965613829948936
18680,4,0.0,0,0.225,1,1,1.9901619627243499
18790,942,0.0,0,0.225,1,1,1.9965613829948936
18920,918,0.0,0,0.225,1,1,1.9906716079262896
19040,426,0.0,0,0.225,1,1,1.9909265796887785
19170,398,0.0,0,0.225,1,1,1.9911816670985962
19300,321,22.2392421336448,2,0.225,1,1,1.9911816670985962
19410,656,0.0,0,0.225,0.7,1,1.9964616377810838
19550,280,11.1196210668224,1,0.225,0.7,1,1.9909265796887785
19660,517,0.0,0,0.225,1,1,1.9967609988755466
19800,1020,12.553088208385882,2,0.225,0.5,1,1.9916922825206083
19920,609,0.0,0,0.225,0.5,1,1.9965613829948936
20040,685,0.0,0,0.225,1,1,1.9966611657571265
20160,437,0.0,0,0.225,0.5,1,1.9901619627243499
20300,303,7.600154672252503,1,0.225,0.65,1,1.9909265796887785
20420,625,0.0,0,0.225,0.65,1,1.9964616377810838
20530,427,0.0,0,0.225,0.65,1,1.9965613829948936
20670,606,0.0,0,0.225,0.65,1,1.9909265796887785
20780,982,0.0,0,0.225,0.65,1,1.9964616377810838
20920,631,0.0,0,0.225,0.65,1,1.9906716079262896
21040,500,0.0,0,0.225,1,1,1.9963619222053155
21170,363,0.0,0,0.225,1,1,1.9964616377810838
21290,602,0.0,0,0.225,1,1,1.9964616377810838
21420,43,0.0,0,0.225,1,1,1.9965613829948936
21530,318,0.0,0,0.225,1,1,1.9966611657571265
21660,502,6.875176187496751,1,0.225,1,1,1.9909265796887785
21790,255,0.0,0,0.225,1,1,1.9966611657571265
21910,512,0.0,0,0.225,1,1,1.9962622311167308
22030,502,0.0,0,0.225,1,1,1.9965613829948936
22160,489,0.0,0,0.225,0.3,1,1.9906716079262896
22290,963,0.0,0,0.225,0.3,1,1.9966611657571265
22400,671,0.0,0,0.225,0.3,1,1.9964616377810838
22540,31,0.0,0,0.225,1,1,1.9916922825206083
22660,109,0.0,0,0.225,1,1,1.9966611657571265
22780,756,0.0,0,0.225,1,1,1.9964616377810838
22910,174,0.0,0,0.225,1,1,1.9964616377810838
23030,200,0.0,0,0.225,1,1,1.9964616377810838
23150,196,11.1196210668224,1,0.225,1,1,1.9967609988755466
23280,488,0.0,0,0.225,0.4,1,1.9906716079262896
23400,368,19.264507794239584,2,0.225,1,1,1.9965613829948936
23530,335,0.0,0,0.225,1,1,1.9911816670985962
23650,383,12.553088208385882,2,0.225,1,1,1.9964616377810838
23780,615,0.0,0,0.225,1,1,1.9966611657571265
23890,391,0.0,0,0.225,1,1,1.9964616377810838
24020,918,0.0,0,0.225,1,1,1.9911816670985962
24150,919,6.875176187496751,1,0.225,1,1,1.9909265796887785
24270,933,0.0,0,0.225,1,1,1.9966611657571265
24390,877,0.0,0,0.225,1,1,1.9909265796887785
24520,944,0.0,0,0.225,1,1,1.9906716079262896
24640,293,0.0,0,0.225,1,1,1.9911816670985962
24760,649,0.0,0,0.225,1,1,1.9914368904353137
24900,524,0.0,0,0.225,1,1,1.99041673859866
25020,955,0.0,0,0.225,1,1,1.9964616377810838
25150,314,8.496250072115618,1,0.225,1,1,1.9964616377810838
25270,255,0.0,0,0.225,1,1,1.9965613829948936
25400,223,6.875176187496751,1,0.225,1,1,1.9962622311167308
25520,462,0.0,0,0.225,1,1,1.9964616377810838
25640,478,0.0,0,0.225,1,1,1.9964616377810838
25760,676,0.0,0,0.225,1,1,1.9906716079262896
25890,848,0.0,0,0.225,1,1,1.9914368904353137
26020,518,0.0,0,0.225,1,1,1.9966611657571265
26140,59,0.0,0,0.225,1,1,1.9965613829948936
26270,975,0.0,0,0.225,1,1,1.9964616377810838
26380,694,0.0,0,0.225,1,1,1.9962622311167308
26520,249,0.0,0,0.225,1,1,1.9914368904353137
26630,900,0.0,0,0.225,1,1,1.9964616377810838
26770,879,0.0,0,0.225,1,1,1.9914368904353137
26880,506,0.0,0,0.225,1,1,1.9962622311167308
27010,992,0.0,0,0.225,1,1,1.9906716079262896
27140,566,0.0,0,0.225,0.1,1,1.9964616377810838
27250,800,11.1196210668224,1,0.225,0.1,1,1.9964616377810838
27380,947,0.0,0,0.225,0.1,1,1.9914368904353137
27510,492,0.0,0,0.225,0.1,1,1.9906716079262896
27630,916,0.0,0,0.225,0.1,1,1.9964616377810838
27760,770,0.0,0,0.225,1,1,1.9911816670985962
27890,620,0.0,0,0.225,1,1,1.9965613829948936
28000,937,7.600154672252503,1,0.225,1,1,1.9965613829948936
28120,59,0.0,0,0.225,1,1,1.9906716079262896
28260,681,0.0,0,0.225,1,1,1.9906716079262896
28370,830,0.0,0,0.225,0.1,1,1.9966611657571265
28510,855,6.875176187496751,1,0.225,0.1,1,1.9906716079262896
28630,65,0.0,0,0.225,0.1,1,1.9965613829948936
28750,365,15.200309344505007,2,0.225,0.1,1,1.9968609045502317
28880,714,0.0,0,0.225,0.1,1,1.99041673859866
29000,483,15.200309344505007,2,0.225,0.2,1,1.9965613829948936
29130,468,0.0,0,0.225,0.2,1,1.9964616377810838
29240,939,0.0,0,0.225,1,1,1.9965613829948936
29370,188,0.0,0,0.225,1,1,1.9906716079262896
29500,591,7.600154672252503,1,0.225,1,1,1.99041673859866
29630,663,0.0,0,0.225,0.95,1,1.9965613829948936
29740,418,0.0,0,0.225,1,1,1.9964616377810838
29880,649,0.0,0,0.225,1,1,1.9914368904353137
29990,906,0.0,0,0.225,1,1,1.9968609045502317
30120,585,0.0,0,0.225,1,1,1.9911816670985962
30250,293,9.632253897119792,1,0.225,1,1,1.9966611657571265
30360,315,0.0,0,0.225,1,1,1.9963619222053155
30490,913,0.0,0,0.225,1,1,1.9909265796887785
30620,175,0.0,0,0.225,1,1,1.9911816670985962
30740,795,0.0,0,0.225,1,1,1.9964616377810838
30870,978,0.0,0,0.225,1,1,1.9909265796887785
30990,685,0.0,0,0.225,1,1,1.9964616377810838
31120,1018,0.0,0,0.225,1,1,1.9909265796887785
31230,662,0.0,0,0.225,1,1,1.9962622311167308
31370,491,0.0,0,0.225,1,1,1.99041673859866
31490,96,0.0,0,0.225,1,1,1.9963619222053155
31610,792,0.0,0,0.225,1,1,1.9968609045502317
31740,526,0.0,0,0.225,1,1,1.9914368904353137
31870,495,0.0,0,0.225,1,1,1.9964616377810838
31980,408,0.0,0,0.225,1,1,1.9962622311167308
32110,278,0.0,0,0.225,1,1,1.9914368904353137
32240,696,0.0,0,0.225,1,1,1.9914368904353137
32360,638,0.0,0,0.225,0.9,1,1.9965613829948936
32480,905,0.0,0,0.225,0.9,1,1.9965613829948936
32600,1005,12.553088208385882,2,0.225,1,1,1.9911816670985962
32740,476,0.0,0,0.225,1,1,1.9906716079262896
32860,306,0.0,0,0.225,1,1,1.9964616377810838
32980,400,0.0,0,0.225,1,1,1.9964616377810838
33100,411,7.600154672252503,1,0.225,1,1,1.9916922825206083
33230,11,0.0,0,0.225,1,1,1.9909265796887785
33360,121,0.0,0,0.225,1,1,1.9916922825206083
33480,74,0.0,0,0.225,1,1,1.9965613829948936
33600,992,16.992500144231236,2,0.225,1,1,1.9967609988755466
33730,872,0.0,0,0.225,1,1,1.9909265796887785
33860,255,0.0,0,0.225,1,1,1.9965613829948936
33980,599,0.0,0,0.225,1,1,1.9963619222053155
34110,357,0.0,0,0.225,1,1,1.9964616377810838
34220,263,0.0,0,0.225,1,1,1.9964616377810838
34350,991,11.547721741993588,2,0.225,1,1,1.9914368904353137
34480,245,0.0,0,0.225,1,1,1.9911816670985962
34590,855,0.0,0,0.225,1,1,1.9964616377810838
34720,944,0.0,0,0.225,0.6,1,1.9906716079262896
34850,569,0.0,0,0.225,0.45,1,1.9911816670985962
34980,469,0.0,0,0.225,0.45,1,1.9966611657571265
35100,637,6.875176187496751,1,0.225,0.45,1,1.9964616377810838
35220,799,0.0,0,0.225,0.45,1,1.9964616377810838
35350,243,7.600154672252503,1,0.225,0.45,1,1.9906716079262896
35470,331,0.0,0,0.225,0.2,1,1.9966611657571265
35600,1010,13.750352374993502,2,0.225,0.05,1,1.9965613829948936
35720,978,0.0,0,0.225,0.05,1,1.9965613829948936
35840,559,0.0,0,0.225,0.9,1,1.9964616377810838
35970,499,0.0,1,0.225,0.9,1,1.9906716079262896
36090,25,0.0,2,0.225,1,1,1.9963619222053155
36210,627,11.96859053648221,5,0.225,1,1,1.9906716079262896
36350,412,13.706252410350839,6,0.225,1,1,1.9914368904353137
36470,323,23.651375622119442,9,0.225,1,1,1.9962622311167308
36580,116,26.413035760849358,11,0.225,1,1,1.9961446744482354
36720,718,30.319032188751972,8,0.225,1,1,1.990871103029111
36830,117,30.39290974003276,10,0.225,1,1,1.9961951305287873
36960,662,32.5944131545462,13,0.225,1,1,1.99041673859866
37080,854,36.102631197878026,16,0.225,1,1,1.9900137407368486
37220,791,37.584359678528784,19,0.225,1,1,1.9902452122622158
37340,134,36.81487858618255,21,0.225,1,1,1.9958022545813914
37460,628,44.47743761414972,20,0.225,1,1,1.9957017875567606
37580,347,41.50143353654333,22,0.225,1,1,1.989301369455099
37710,683,40.061115422338155,23,0.225,1,1,1.9876703672180287
37840,1,37.97277096717735,24,0.225,1,1,1.9944181129079415
37960,720,40.03978381779194,27,0.225,1,1,1.9949167606401959
38090,980,41.90322833993681,25,0.225,1,1,1.9955049675444396
38210,874,44.4327156984374,29,0.225,1,1,1.9955509655926942
38340,365,44.726310451569034,32,0.225,1,1,1.9947529174180423
38460,722,44.612812518122894,34,0.225,1,1,1.9941081143250634
38590,288,45.49187534622645,37,0.225,1,1,1.9939170351985875
38710,30,45.176872979461145,40,0.225,1,1,1.9940079709072778
38830,140,43.000208584985415,34,0.225,1,1,1.993602999870455
38950,990,44.945913963949536,38,0.225,1,1,1.993824646845129
39070,19,44.10235867174652,40,0.225,1,1,1.984919250732758
39200,825,44.24829108255964,42,0.225,1,1,1.984432494970407
39320,701,43.352150252913084,43,0.225,1,1,1.9846641268315763
39450,54,44.73600555819724,47,0.225,1,1,1.983632835970782
39580,196,44.774439895191975,50,0.225,1,1,1.9841971966593406
39710,147,43.721488265943655,51,0.225,1,1,1.993893860910039
39830,290,44.38964668600677,45,0.225,1,1,1.994385325390465
39940,740,44.97829957028034,47,0.225,1,1,1.9941652414929405
40080,171,45.22877651436035,49,0.225,1,1,1.9808948430240918
40200,381,45.493920559579706,51,0.225,1,1,1.9917226896664262
40330,120,44.67312960839993,52,0.225,1,1,1.9910644624163665
40450,597,46.29160675872326,51,0.225,1,1,1.9924384941533448
40570,246,46.38879836946169,54,0.225,1,1,1.9931570957381053
40700,163,46.01012365654292,56,0.225,1,1,1.9788530192383964
40810,304,46.19175516694351,58,0.225,1,1,1.9920185656389302
40950,734,46.852659518696065,58,0.225,1,1,1.9812804456110908
41060,97,46.793348606601704,60,0.225,1,1,1.991315635630864
41200,194,47.7050068962228,64,0.225,1,1,1.9796042161934375
41320,160,46.5277217196204,61,0.225,1,1,1.9915794366978457
41440,329,47.40888449068702,65,0.225,1,1,1.991508439016629
41570,142,47.40312005528578,68,0.225,1,1,1.977820120174986
41690,531,46.89837409066407,69,0.225,1,1,1.9905383044182563
41820,719,46.81697634869588,71,0.225,1,1,1.9783092766925552
41940,674,46.16841208094241,72,0.225,1,1,1.9898320015218414
42070,369,47.22317882369558,77,0.225,1,1,1.9909055801684967
42190,877,47.348225140312636,73,0.225,1,1,1.9913777006282887
42320,886,47.78602664658059,78,0.225,1,1,1.991236407830897
42440,1010,47.93822657451227,82,0.225,1,1,1.9895797319153763
42570,1004,47.90629627024718,86,0.225,1,1,-1.9910012496716076
42690,1004,46.89580254393208,86,0.225,1,1,1.9902548390332035
42820,143,46.1933561950017,81,0.225,1,1,1.9909361421469922
42940,983,46.233641063614705,83,0.225,1,1,1.990313644193089
43050,755,47.048705483304474,86,0.225,1,1,1.9872184936747619
43180,849,47.579908340780975,89,0.225,1,1,1.9734226233032417
43310,83,47.2137510769938,90,0.225,1,1,1.973844988672554
43430,78,47.81707181827573,93,0.225,1,1,1.9889513240590935
43560,68,48.100708035748674,95,0.225,1,1,1.9756363789068632
43690,666,47.494052036915384,97,0.225,1,1,1.9884570231547862
43800,953,47.71088744999,100,0.225,1,1,1.9886171135646813
43940,869,47.729731861318456,94,0.225,1,1,1.9779081796319793
44050,595,47.27672159964479,95,0.225,1,1,1.9907736280239183
44170,125,47.56715583951357,98,0.225,1,1,1.9729981805012624
44310,172,47.77747314047607,101,0.225,1,1,1.9752803618760255
44420,678,47.53405220821299,103,0.225,1,1,1.9872307604933857
44560,338,48.80578524438004,109,0.225,1,1,1.9742277263253112
44680,975,48.60870608412923,106,0.225,1,1,-1.9890252933610433
44810,171,47.76158165132726,106,0.225,1,1,1.9891545635922059
44920,1005,47.6891190326573,108,0.225,1,1,1.9858692064022505
45060,832,48.558049608569284,111,0.225,1,1,1.971833634119066
45170,475,48.343817578560234,114,0.225,1,1,-1.9861325280849749
45300,440,48.017244782204365,115,0.225,1,1,1.9705848398011512
45430,874,48.15206230162503,112,0.225,1,1,1.9881044468125373
45540,400,48.22597120366064,114,0.225,1,1,1.9876340171468299
45680,166,47.98086049865092,116,0.225,1,1,1.9674600554902668
45800,370,48.32600029139126,120,0.225,1,1,-1.984041980883489
45920,1010,48.0272152714675,122,0.225,1,1,1.987043146193183
46050,616,48.45298749706784,121,0.225,1,1,1.9720205917691054
46160,364,48.24627625124768,123,0.225,1,1,1.9879759328886917
46290,326,49.10515320987109,124,0.225,1,1,-1.9674909748975815
46410,183,47.78020782733495,124,0.225,1,1,1.9685077412383054
46540,137,47.50116526189394,125,0.225,1,1,1.9647251368551955
46660,600,47.69927691331876,127,0.225,1,1,1.9670181439226269
46800,576,48.214715292681575,130,0.225,1,1,1.9656626275767228
46910,322,48.35242471836969,132,0.225,1,1,-1.9852869998485243
47050,201,48.23817216037865,127,0.225,1,1,1.96915931781888
47160,188,47.99605830399272,128,0.225,1,1,1.986506927528425
47290,19,48.338467377081344,130,0.225,1,1,1.959473236241731
47420,516,48.052233806395286,131,0.225,1,1,1.983398318113826
47540,369,48.39678485746131,134,0.225,1,1,1.98438710820722
47670,207,48.32457841114461,137,0.225,1,1,-1.9856126130613012
47790,394,48.040866587047326,132,0.225,1,1,1.9847577813350872
47910,1014,48.27585635980173,135,0.225,1,1,1.987032332711308
48040,751,48.369053216442545,136,0.225,1,1,1.9634248864502737
48170,381,48.68961863704523,140,0.225,1,1,-1.9832961583372186
48290,381,48.04962008934769,140,0.225,1,1,1.9831723253685019
48410,263,47.888594038313144,141,0.225,1,1,1.9827564752357825
48540,605,47.53164763207713,142,0.225,1,1,1.986229840364604
48660,527,48.09881931751285,140,0.225,1,1,1.9866451542571597
48790,305,48.22093565991721,142,0.225,1,1,1.986851289347426
48910,341,48.875784936564386,146,0.225,1,1,1.9799577986553185
49040,605,48.39558652123191,147,0.225,1,1,-1.9824528082350061
49150,108,49.09845755517839,146,0.225,1,1,-1.9826826856454371
49280,108,48.08234085528921,146,0.225,1,1,1.9654463631969497
49400,779,48.67657843474914,150,0.225,1,1,1.9578596471539615
49530,1009,48.66680971446165,153,0.225,1,1,-1.9576036923888234
49660,128,48.18875738137677,149,0.225,1,1,1.981201044368836
49770,1,47.701336449980346,149,0.225,1,1,1.9840941770988316
49900,319,48.152502133879125,152,0.225,1,1,1.9555390346742871
50020,135,48.17327761690737,154,0.225,1,1,1.956252223784023
50150,488,48.894720670563316,158,0.225,1,1,1.9569064545865504
50280,836,48.86997106884115,160,0.225,1,1,-1.9598567601604435
50410,740,48.66533877410078,161,0.225,1,1,1.9802474744164307
50530,960,48.66427986404269,164,0.225,1,1,-1.9815688333042742
50640,960,48.193769656935665,164,0.225,1,1,1.9824652596627999
50780,9,48.399008383411896,167,0.225,1,1,1.9649700218166741
50900,876,48.65310460267835,170,0.225,1,1,1.9822338899746128
51030,367,48.53854998640964,161,0.225,1,1,-1.9845859771333507
51140,358,48.65340108117876,163,0.225,1,1,-1.985029249011099
51280,19,48.08484871897898,163,0.225,1,1,1.956067528559791
51390,656,47.95346001433732,164,0.225,1,1,1.9787423283273187
51520,974,48.55184212833538,168,0.225,1,1,-1.9614610202282807
51650,841,48.70473270524496,170,0.225,1,1,1.9608279226075485
51770,898,48.47680907520672,165,0.225,1,1,1.9821749408435567
51890,125,48.518670866882346,167,0.225,1,1,1.9835067414483556
52020,606,48.763778403884096,170,0.225,1,1,-1.9554922811933126
52150,1015,48.737912355343504,172,0.225,1,1,1.9780102211341373
52270,365,48.58483766677718,174,0.225,1,1,-1.9784664697720893
52390,608,48.47902867493582,175,0.225,1,1,1.9797962459073262
52520,441,48.4651261179564,178,0.225,1,1,-1.9596041568539433
52640,441,48.024830811299196,171,0.225,1,1,1.9804457966544535
52760,413,47.995538436147015,172,0.225,1,1,1.986180948001181
52890,605,47.8589479661933,173,0.225,1,1,1.9523634491952209
53010,866,48.60980152039512,177,0.225,1,1,1.975811982420496
53140,748,48.3705131429406,178,0.225,1,1,1.95245255794908
53260,678,48.466979208051,180,0.225,1,1,1.975948123686209
53380,684,48.04795302597493,180,0.225,1,1,1.9532821224169508
53520,473,48.58727164950284,184,0.225,1,1,-1.953960491456111
53630,59,48.58727164950284,176,0.225,1,1,1.9803854268081136
53750,103,48.208965655641364,177,0.225,1,1,1.9619513394039472
53890,674,48.12942676555953,178,0.225,1,1,1.9499840312652659
54000,363,48.719623290027,182,0.225,1,1,-1.9757987837684003
54140,975,48.71112702719747,180,0.225,1,1,-1.9555234345112211
54260,570,48.24245157427886,180,0.225,1,1,1.9783686095028805
54380,385,48.865550630909574,180,0.225,1,1,1.9758395441187235
54500,368,48.67198722606146,182,0.225,1,1,-1.9547972168210177
54630,974,48.69534455830791,184,0.225,1,1,-1.9444152303957098
54760,509,48.73157369231464,186,0.225,1,1,1.9488593160354433
54880,451,48.92872592717451,185,0.225,1,1,-1.97658285890169
55000,436,48.861650412382474,186,0.225,1,1,1.9790824981723498
55130,788,48.661921675338675,187,0.225,1,1,-1.9455493270799298
55250,869,48.92614975695155,190,0.225,1,1,1.9737202586588651
55380,964,48.845436319157095,192,0.225,1,1,-1.9503280429781833
55510,793,48.7123048239497,188,0.225,1,1,-1.979938579751279
55620,327,48.86122977932339,190,0.225,1,1,-1.9813946224813521
55760,1004,48.902239653681825,192,0.225,1,1,1.9389295700814555
55870,987,48.81290347347016,194,0.225,1,1,-1.9727956692989796
55990,502,48.82934284227103,196,0.225,1,1,-1.9454483311171378
56130,555,48.523737567457616,196,0.225,1,1,1.9441100003523224
56250,753,48.72281837277165,199,0.225,1,1,-1.9744689757990903
56370,215,48.547817215459276,200,0.225,1,1,1.9741414253849716
56500,124,48.735128169861234,203,0.225,1,1,-1.9489668245061853
56630,544,48.338094381025755,203,0.225,1,1,1.9781070588216123
56750,985,48.82879663103057,207,0.225,1,1,1.9791741396768505
56880,162,48.51432528698386,208,0.225,1,1,1.9794510065575064
57000,1023,48.812827381489654,200,0.225,1,1,-1.9804403558688384
57110,557,48.812827381489654,199,0.225,1,1,1.9823924236320263
57250,800,48.75377151750738,201,0.225,1,1,-1.9453060085752576
57370,59,48.364794230893416,201,0.225,1,1,1.9717348389174907
57490,708,48.67980857373481,199,0.225,1,1,1.972129099121739
57610,979,48.833162797854285,203,0.225,1,1,-1.9470818573574602
57740,318,48.71252415159105,204,0.225,1,1,-1.9364841898816536
57870,943,48.42848068451136,205,0.225,1,1,1.9408723939213344
57980,916,48.38999781286748,207,0.225,1,1,1.9735548542387493
58110,983,49.20399628415528,206,0.225,1,1,-1.9528469086466063
58230,983,48.56696906412894,206,0.225,1,1,1.9574370813792439
58360,119,48.61505135831827,208,0.225,1,1,1.9337906375593892
58480,675,48.724657143432836,210,0.225,1,1,1.9401241582816025
58620,863,48.764409246877655,212,0.225,1,1,-1.9426906833395823
58740,863,48.38457863667758,212,0.225,1,1,1.971234648122239
58860,90,48.65741707070881,215,0.225,1,1,-1.9720798921577587
58980,663,48.337330989062814,215,0.225,1,1,1.945994197184431
59110,574,48.00442524104115,215,0.225,1,1,1.9479993153624344
59240,293,48.10016464209913,207,0.225,1,1,1.9751822905349967
59350,458,48.925355729162035,211,0.225,1,1,1.9760289973089604
59480,379,48.97071838464416,213,0.225,1,1,-1.931509969611695
59610,869,48.90642817562283,215,0.225,1,1,-1.9348305985702388
59730,660,48.90642817562283,211,0.225,1,1,1.969059233655244
59860,404,48.910405720670745,213,0.225,1,1,1.9456716261161977
59990,744,48.83267892836528,214,0.225,1,1,-1.9633467782950276
60110,476,48.81232418604888,216,0.225,1,1,-1.966253799586768
60220,493,48.81800316733587,218,0.225,1,1,-1.9704107156805812
60360,409,48.817885086533465,214,0.225,1,1,-1.945427259989977
60480,409,48.55067145868002,214,0.225,1,1,1.975240785352038
60610,378,48.71465616918891,214,0.225,1,1,1.9622408627230559
60720,859,48.787144151340854,216,0.225,1,1,-1.9708431150996764
60850,847,48.953808556972824,218,0.225,1,1,1.9288972317295714
60980,813,48.786974659717856,219,0.225,1,1,-1.9298677644864755
61110,204,48.77994859205331,216,0.225,1,1,-1.9666350919878548
61220,660,48.5362495350313,216,0.225,1,1,1.9755716816978361
61340,706,48.63129072390651,217,0.225,1,1,1.9196375996148658
61480,832,49.01737646429204,219,0.225,1,1,-1.9205088121917049
61600,832,48.69461474172062,219,0.225,1,1,-1.9596522725669647
61720,821,48.60405199418064,220,0.225,1,1,1.9656171931648152
61850,852,48.91454697364263,223,0.225,1,1,-1.937854495451469
61980,996,48.95515437808865,225,0.225,1,1,-1.9728198190718318
62100,332,49.09590888708569,227,0.225,1,1,-1.9729574462719364
62220,332,48.74815057707021,227,0.225,1,1,-1.9728526909398294
62350,832,49.11984188594044,229,0.225,1,1,-1.9510090851929323
62470,832,48.74378964448216,229,0.225,1,1,-1.9769327126675533
62600,379,48.93634927751012,219,0.225,1,1,1.976060763180773
62720,430,48.82676262590036,220,0.225,1,1,-1.9784586277233482
62840,430,48.54632490185673,220,0.225,1,1,1.9638703427456643
62960,472,48.76993310502367,222,0.225,1,1,-1.927666780571642
63100,51,48.45952730144195,222,0.225,1,1,1.929746601763209
63220,394,48.87204233149066,225,0.225,1,1,-1.971154266868436
63340,394,48.473729866952006,225,0.225,1,1,1.9744971198140011
63470,888,48.89219530499347,221,0.225,1,1,-1.9742402088579354
63580,450,49.07111259227745,223,0.225,1,1,-1.9795081353433737
63720,450,48.8209500769169,223,0.225,1,1,-1.9223263232504775
63840,288,48.85025538209994,224,0.225,1,1,-1.968804148720359
63970,1002,48.881940350251014,226,0.225,1,1,-1.969058163767103
64090,1002,48.58778217946931,226,0.225,1,1,1.9721144133866273
64220,206,48.712225939885954,228,0.225,1,1,-1.972437270561525
64340,756,48.541328188124055,229,0.225,1,1,1.9732469724916886
64460,329,48.84924213270959,223,0.225,1,1,-1.9748077243122077
64580,329,48.58636603091757,223,0.225,1,1,1.9779770830569627
64700,873,49.01224212537413,226,0.225,1,1,-1.9233851031916076
64840,873,48.768366313436445,226,0.225,1,1,-1.9256419975245913
64960,554,48.495147253556325,226,0.225,1,1,1.965298269579423
65090,311,48.67292931855684,223,0.225,1,1,1.9683379952547746
65200,322,48.99597661496491,225,0.225,1,1,-1.9714194164571885
65330,749,48.917600096341204,226,0.225,1,1,-1.9268461247331519
65460,587,48.79094540507068,227,0.225,1,1,-1.92670428329434
65570,494,48.78655246478374,229,0.225,1,1,-1.9647124433926408
65700,575,48.528892367823346,229,0.225,1,1,1.9357410816299963
65830,99,48.46453570227019,230,0.225,1,1,1.9401198207701984
65950,850,48.87695102092536,233,0.225,1,1,-1.9698717286440806
66080,787,48.86017408609722,226,0.225,1,1,-1.9417400391330126
66200,408,48.84612596769628,227,0.225,1,1,1.9740719238587385
66320,806,48.7261236762565,228,0.225,1,1,-1.9083872114963834
66450,991,48.68692456733395,230,0.225,1,1,-1.931650529991743
66570,160,48.31087232587568,230,0.225,1,1,1.9367137467104751
66690,433,49.07440193854954,228,0.225,1,1,-1.9395784554858577
66820,225,48.871279703157526,229,0.225,1,1,-1.9455298273554669
66940,225,48.64109884446746,229,0.225,1,1,1.9057026784730182
67070,373,48.99383392873852,232,0.225,1,1,-1.9126905496196618
67200,860,49.14319787244038,234,0.225,1,1,-1.916396219184494
67330,860,48.894860976773174,234,0.225,1,1,-1.962777972257776
67450,470,49.043769107374544,236,0.225,1,1,-1.9659214871647992
67580,470,48.77129169412762,236,0.225,1,1,-1.9688527344106257
67700,563,48.48695877597716,236,0.225,1,1,1.9709947300518698
67820,520,48.44541088937592,237,0.225,1,1,1.9713496025238244
67950,138,48.76753958719283,229,0.225,1,1,1.9724225288638497
68070,99,48.782271619832336,230,0.225,1,1,-1.9736061430441931
68190,781,48.74945866336385,231,0.225,1,1,1.9555174221206606
68310,467,48.91075273218495,233,0.225,1,1,-1.9139127213523668
68450,1007,48.93580654067652,235,0.225,1,1,1.919349253330993
68560,283,48.88874036705331,236,0.225,1,1,-1.9650717514074048
68700,419,48.8333978185972,237,0.225,1,1,1.9326985920822868
68810,396,49.05813798676131,231,0.225,1,1,-1.9663318049909406
68930,393,48.813899018277176,232,0.225,1,1,-1.9326227856331484
69060,69,48.86255947748094,233,0.225,1,1,-1.9120579022284716
69190,69,48.59164129325086,233,0.225,1,1,1.922323701151105
69310,294,48.90152672689364,236,0.225,1,1,-1.9645160419936545
69430,294,48.617023822297156,236,0.225,1,1,1.9275855077232582
69560,743,48.7531702828651,238,0.225,1,1,1.9298316027170075
69690,626,48.92242466629333,240,0.225,1,1,-1.930626786183194
69810,888,49.07762558506409,242,0.225,1,1,-1.9649485069971973
69940,888,48.78832560235095,242,0.225,1,1,-1.9681151994711998
70060,29,48.601382468814045,232,0.225,1,1,1.968778888841085
70180,626,48.91960622842793,235,0.225,1,1,-1.9728462316743487
70300,503,49.05853224299635,237,0.225,1,1,-1.8994367359468887
70440,503,48.810623286651364,237,0.225,1,1,-1.9096597099789854
70550,418,48.86784349953035,238,0.225,1,1,1.957502072284609
70690,812,48.8290328480546,239,0.225,1,1,-1.9217012787033876
70810,366,48.88478228013121,241,0.225,1,1,-1.9641829467753171
70920,50,48.57748047368053,241,0.225,1,1,1.9667676599911015
71050,865,49.203666235486295,236,0.225,1,1,-1.9338145566750857
71170,350,49.04845055760204,238,0.225,1,1,-1.935144223554349
71300,350,48.845577922564196,238,0.225,1,1,-1.9131353983391717
71430,174,48.52113028470908,238,0.225,1,1,1.9205596762956336
71550,991,48.80059840860164,241,0.225,1,1,-1.9625651095826726
71680,992,48.9987709233952,238,0.225,1,1,-1.938134866153758
71810,72,49.045695346670094,238,0.225,1,1,-1.9748285048713332
71920,72,48.80233966836911,238,0.225,1,1,-1.9636398452263983
72040,72,48.5540027727019,238,0.225,1,1,1.911708532421182
72170,170,48.58304015230491,239,0.225,1,1,1.9204097959070645
72290,141,48.314272001913714,239,0.225,1,1,1.9218203112572243
72420,1,48.04179458866679,239,0.225,1,1,1.9221492362648898
72540,562,47.830480119264244,239,0.225,1,1,1.9270769264038186
72680,989,48.57194307028071,243,0.225,1,1,1.9279494805069937
72790,823,49.04222535675394,237,0.225,1,1,-1.9639337170951172
72930,890,49.01721812273507,239,0.225,1,1,-1.9305904694064484
73050,890,48.83201525948078,239,0.225,1,1,-1.9539904415592244
73170,957,48.77893983581097,240,0.225,1,1,1.9561774119151616
73300,808,48.94812028429743,242,0.225,1,1,1.9593042685249482
73410,221,48.873483378829675,243,0.225,1,1,-1.9620202530613562
73550,246,48.792102594967034,244,0.225,1,1,-1.9316346070524317
73670,693,48.40766493998753,244,0.225,1,1,1.967196588421471
73790,127,48.85998879426322,238,0.225,1,1,1.9693295012690655
73910,425,48.818793220764924,240,0.225,1,1,-1.946548352691762
74040,425,48.59089397203127,240,0.225,1,1,1.9070059083244466
74160,1010,48.966231598764814,243,0.225,1,1,-1.9125835283881139
74290,784,49.00662314886724,244,0.225,1,1,-1.9156558463720206
74420,784,48.81478192268068,244,0.225,1,1,-1.959418477117694
74540,240,48.827571009401694,245,0.225,1,1,-1.9601542600619368
74670,245,48.732204218846675,246,0.225,1,1,-1.9605984816489666
74790,245,48.57611999919211,238,0.225,1,1,1.9645787715945475
74920,884,49.00200789756557,241,0.225,1,1,-1.9714532227178936
75040,884,48.78940468725522,241,0.225,1,1,-1.952356117213049
75160,210,48.84145233200168,242,0.225,1,1,1.961704195148887
75290,273,48.87327740088998,243,0.225,1,1,-1.9641332471089017
75410,232,48.85718632201117,244,0.225,1,1,1.965854377372553
75540,641,48.504637419911745,244,0.225,1,1,1.9660511411661832
75660,848,48.91657716448632,239,0.225,1,1,-1.9728026221684531
75780,848,48.78727960041877,239,0.225,1,1,1.9772081231600698
75910,723,48.95979916124171,241,0.225,1,1,-1.8871277535550794
76030,1006,49.00802719634165,243,0.225,1,1,-1.9432756853021445
76150,1006,48.78999369504085,243,0.225,1,1,-1.8894790031217232
76270,953,48.73120721508821,244,0.225,1,1,1.9104199646948392
76400,645,48.74444155357932,245,0.225,1,1,1.9122833463073996
76520,842,48.98874812461255,247,0.225,1,1,-1.9147501488103207
76660,96,49.03593055615579,248,0.225,1,1,-1.9167199472150602
76780,96,48.813797927547846,248,0.225,1,1,-1.9587290404290805
76910,258,48.877292052079426,249,0.225,1,1,-1.965062064294459
77030,623,48.755051021559616,250,0.225,1,1,-1.9655379371174104
77160,324,49.10058216994778,240,0.225,1,1,-1.9688732273271492
77280,324,48.886365605154836,240,0.225,1,1,-1.9717345820785455
77400,794,48.87731510415362,241,0.225,1,1,1.963442020223534
77530,465,48.95446899922945,240,0.225,1,1,-1.9643797075470684
77650,311,48.985300464983844,240,0.225,1,1,1.9677385612676368
77780,888,49.11116896546178,242,0.225,1,1,-1.974049664215052
77900,888,48.917033407231884,242,0.225,1,1,-1.9508905007228121
78030,247,48.86626487983762,243,0.225,1,1,-1.9587729655266573
78150,324,49.217263782744766,245,0.225,1,1,-1.961025577211255
78270,324,48.99164381947357,245,0.225,1,1,-1.9620179328406122
78400,590,48.92892060888436,246,0.225,1,1,1.9287693093770497
78520,666,48.64558578907991,246,0.225,1,1,1.966022798533526
78650,378,49.11509079438671,242,0.225,1,1,-1.9722170558807237
78770,378,48.882058772396086,242,0.225,1,1,-1.9723356186306995
78890,366,48.98739394598054,244,0.225,1,1,-1.9579909557138138
79010,301,48.97698702707146,245,0.225,1,1,-1.917301808800572
79150,648,48.70340740310084,245,0.225,1,1,1.9177678311187034
79260,786,48.90894271647265,247,0.225,1,1,-1.9587454687655106
79400,199,48.854630862109445,248,0.225,1,1,1.9282043497609531
79510,815,48.6595742524644,249,0.225,1,1,-1.9655370195702313
79630,1011,48.99610390537652,243,0.225,1,1,1.9315271080229857
79760,453,49.06085950180669,245,0.225,1,1,-1.9424233930038013
79890,453,48.90013268400415,245,0.225,1,1,-1.8985962406202295
80020,399,48.7863099735234,246,0.225,1,1,-1.951805704431306
80140,1007,48.88084659421624,244,0.225,1,1,-1.9536289130916504
80260,454,49.07168017465081,246,0.225,1,1,-1.9721304593996487
80380,454,48.87983894846425,246,0.225,1,1,-1.8988720267847723
80500,959,48.82113964658862,247,0.225,1,1,1.900649915441659
80630,224,48.86401180996904,248,0.225,1,1,-1.901724263219375
80750,893,48.97031418081396,250,0.225,1,1,-1.9102990705498608
80890,247,48.88607245707584,251,0.225,1,1,-1.912731674031318
81000,607,48.824895664359296,252,0.225,1,1,1.9579885085005262
81130,802,48.7746564011883,253,0.225,1,1,-1.9149710065870242
81250,473,48.984526262654086,255,0.225,1,1,1.9218705205557272
81390,196,48.9485951003817,256,0.225,1,1,-1.9288965996723224
81510,200,48.887289119682066,257,0.225,1,1,-1.9670893192797618
81630,154,48.68939516778586,245,0.225,1,1,1.9702976600630382
81750,341,48.91599261914683,247,0.225,1,1,-1.9733256092430207
81870,790,48.87579611841863,248,0.225,1,1,-1.9044015875000597
82000,395,48.88243972324644,249,0.225,1,1,1.9125599317784472
82120,827,48.73171762928692,250,0.225,1,1,-1.9144910642692856
82250,1017,48.80311909559231,252,0.225,1,1,-1.913719512546609
82380,41,48.519717451129985,252,0.225,1,1,1.9346039609036418
82510,482,49.020610572761576,248,0.225,1,1,-1.9687022040038473
82630,482,48.76061962066332,248,0.225,1,1,-1.972341456323648
82740,738,48.75091891171084,249,0.225,1,1,1.9603317776513967
82880,459,48.87493518536826,251,0.225,1,1,-1.9249164517653805
83000,903,48.802552186366974,252,0.225,1,1,1.9652774310999561
83130,920,48.706544567441085,253,0.225,1,1,-1.9696648751465207
83250,554,48.773327419456756,248,0.225,1,1,1.9726539695698706
83370,791,48.75639340172326,249,0.225,1,1,1.973671521800639
83490,509,49.01867769900055,252,0.225,1,1,-1.8972079325227573
83620,509,48.85544774357139,252,0.225,1,1,-1.9067014674959537
83750,237,48.80692220078294,253,0.225,1,1,-1.9086186167441683
83860,667,48.58047274904334,253,0.225,1,1,1.9542857696835148
83990,490,48.827302774927226,255,0.225,1,1,-1.9138460958059946
84120,411,48.72222156100826,256,0.225,1,1,-1.9151779452909823
84240,492,48.816645683194345,258,0.225,1,1,-1.9592055638869912
84360,553,48.5065149872278,258,0.225,1,1,1.9303763792198914
84490,328,48.93082336847748,260,0.225,1,1,-1.932596806946091
84620,478,49.068770257513776,251,0.225,1,1,-1.9356597688693087
84740,478,48.872581022381304,251,0.225,1,1,-1.9678719801118343
84860,345,49.09955581978114,253,0.225,1,1,-1.8819078757330547
84990,345,48.8998755697778,250,0.225,1,1,-1.9036634935990484
85110,940,48.84497175654829,251,0.225,1,1,-1.9523827133001597
85230,940,48.65982244706173,251,0.225,1,1,1.9051620803451081
85370,476,48.86882208252518,253,0.225,1,1,-1.9137172759056518
85490,476,48.66423234067826,253,0.225,1,1,1.959293457533868
85620,257,48.734579248388734,254,0.225,1,1,-1.9617976282999399
85730,153,48.47747571621437,254,0.225,1,1,1.9628524823564293
85870,891,48.72459544364963,257,0.225,1,1,-1.9298711140404934
85990,568,48.595297879582084,249,0.225,1,1,1.969812943532244
86100,438,48.65396725440815,250,0.225,1,1,1.9757707522087002
86230,346,48.89359135162548,252,0.225,1,1,-1.860361059030371
86350,892,49.06922137772563,254,0.225,1,1,-1.8973139025039352
86490,892,48.867487385861075,254,0.225,1,1,-1.9122089585126285
86610,561,48.60572256033676,254,0.225,1,1,1.9576696468434531
86730,1006,48.90108503078451,257,0.225,1,1,-1.9623718974552469
86860,476,49.08501972777432,259,0.225,1,1,-1.925364367463463
86980,476,48.789889265643566,259,0.225,1,1,-1.9642574294609416
87100,283,48.74998144874757,260,0.225,1,1,1.9646066427319842
87220,883,49.09374535984757,252,0.225,1,1,-1.932816765926197
87350,472,49.19579465331491,254,0.225,1,1,-1.932949553982661
87470,472,49.01688249432991,254,0.225,1,1,-1.8784101024888944
87600,472,48.83440849023108,254,0.225,1,1,-1.8850674835636365
87720,845,49.03228795050081,256,0.225,1,1,-1.8954283507974308
87860,845,48.872193036756585,256,0.225,1,1,-1.8972475653105607
87980,878,48.99040013009609,258,0.225,1,1,-1.9524640115362821
88100,236,48.94299931483778,259,0.225,1,1,1.9534599173579366
88230,960,49.173511967627505,253,0.225,1,1,-1.9606185368934268
88350,960,48.92649622447885,253,0.225,1,1,-1.9705019674909094
88470,1005,49.00870742527542,255,0.225,1,1,-1.9575160392152562
88600,1005,48.809513402179746,255,0.225,1,1,-1.9214515479881562
88730,33,48.61376776138412,255,0.225,1,1,1.9597237500032865
88850,626,48.869996706316414,257,0.225,1,1,1.9619330815142384
88980,117,48.774987495163586,258,0.225,1,1,-1.9613194277196173
89090,587,48.74572031452861,259,0.225,1,1,1.9638299053455428
89220,766,48.90916571022943,253,0.225,1,1,-1.9311607281126673
89340,766,48.77136288563943,253,0.225,1,1,1.9675602764586513
89470,409,48.978707078934306,255,0.225,1,1,-1.884951778097212
89600,81,49.04252527505303,256,0.225,1,1,-1.94653164441236
89720,81,48.82222285335419,256,0.225,1,1,-1.9524601981153253
89840,229,48.74702772395243,257,0.225,1,1,-1.9543063485256176
89960,1023,48.797923717745725,259,0.225,1,1,-1.9130846212219608
90100,87,48.69617467794169,260,0.225,1,1,1.9286047926671896
90210,12,48.69617467794169,252,0.225,1,1,1.9648005144591127
90330,1007,48.83727742399184,255,0.225,1,1,-1.944593890390506
90470,694,48.68951004997394,253,0.225,1,1,1.901079153633198
90590,384,48.83336318183494,254,0.225,1,1,-1.9635435231453835
90710,279,48.86661172704868,255,0.225,1,1,-1.949880793025716
90840,69,48.912111510057656,256,0.225,1,1,-1.9056534184870286
90970,286,48.83361326801192,257,0.225,1,1,-1.954736511071623
91090,286,48.65625040373901,252,0.225,1,1,1.9631759773643547
91210,36,48.77116332493098,253,0.225,1,1,1.9704594182227135
91340,539,48.55708844482484,253,0.225,1,1,1.8946153737554858
91460,526,48.58604782443256,254,0.225,1,1,1.9590449891891673
91590,399,48.68712856744729,256,0.225,1,1,-1.9643582097391339
91700,732,48.6424030214401,257,0.225,1,1,1.9646818192332818
91840,506,48.85252180277945,253,0.225,1,1,-1.9369762169547557
91950,250,48.86589744815663,254,0.225,1,1,-1.9727430140510318
92080,803,48.92519021424106,255,0.225,1,1,-1.8865249554393526
92210,904,48.972049540469015,256,0.225,1,1,1.8851540554315653
92320,435,48.923711448379066,257,0.225,1,1,-1.9449041543460062
92450,482,49.14860344400192,259,0.225,1,1,-1.904628029217947
92570,482,48.96148026645897,259,0.225,1,1,-1.9071867822787758
92710,512,48.77070039798369,259,0.225,1,1,1.9106011605826934
92830,380,48.94297110165227,261,0.225,1,1,-1.959687913691169
92960,441,48.8334959286155,262,0.225,1,1,-1.9603974964885356
93070,865,48.95348823941084,264,0.225,1,1,-1.9623223436939252
93210,945,48.88132118076832,265,0.225,1,1,1.92740394883322
93330,623,48.83672086296106,254,0.225,1,1,-1.9717187013885586
93440,623,48.6349868710965,254,0.225,1,1,1.9713696309840119
93570,517,48.60780424998612,255,0.225,1,1,1.9046280143654841
93690,457,49.02138937028613,258,0.225,1,1,-1.9060205195146953
93820,457,48.83130321863653,258,0.225,1,1,-1.9111415383021426
93950,302,48.824914824235734,259,0.225,1,1,-1.9114509755840845
94080,727,48.67296678899957,260,0.225,1,1,1.960264939687404
94200,376,48.94504180148632,255,0.225,1,1,-1.9629170027385827
94320,324,49.23683480390664,257,0.225,1,1,-1.9747225636897259
94440,324,49.04092573125621,257,0.225,1,1,-1.8954309887915117
94560,324,48.88283179488243,257,0.225,1,1,-1.8946542733087444
94700,109,48.906417336539505,258,0.225,1,1,-1.9035410175866128
94820,252,48.89748543522737,259,0.225,1,1,-1.9529160645056047
94950,241,48.886595346879055,260,0.225,1,1,1.955052316547932
95060,1011,48.97596458562778,262,0.225,1,1,-1.9571635738758906
95200,821,48.89142552837129,263,0.225,1,1,-1.9190748576416352
95310,810,48.87599172991343,264,0.225,1,1,-1.960279881106308
95450,1006,48.94955981226,266,0.225,1,1,1.9194857631560693
95560,400,48.94372740524565,267,0.225,1,1,-1.9627222941054865
95690,144,48.677733369054806,267,0.225,1,1,1.9293325906940841
95820,735,48.742609787555196,269,0.225,1,1,-1.96780772149148
95940,282,48.82322184412319,256,0.225,1,1,1.9707229424962864
96060,170,48.61257182525389,256,0.225,1,1,1.9717574560074604
96180,737,48.6667957237476,257,0.225,1,1,1.8855171409906326
96320,264,48.7437373873276,258,0.225,1,1,-1.909561392525709
96430,171,48.51541095844368,258,0.225,1,1,1.9585493411597912
96570,1016,48.88660381642106,261,0.225,1,1,-1.928240562705742
96690,28,48.726508902676834,255,0.225,1,1,1.9663890426857382
96800,845,49.16139802091063,258,0.225,1,1,-1.9684025594348125
96930,845,48.97409346998415,258,0.225,1,1,-1.8845472851899523
97050,263,48.990284232469314,259,0.225,1,1,1.8942843449242504
97180,414,48.93627550247325,260,0.225,1,1,-1.8996094225749194
97310,84,48.902262231743855,261,0.225,1,1,-1.9146069017018714
97430,907,48.78104752751701,262,0.225,1,1,-1.963327030726728
97550,676,48.46903557019074,262,0.225,1,1,1.9275054502044333
97670,951,48.91912847765365,256,0.225,1,1,1.9313801834967075
97800,887,48.8834362013563,258,0.225,1,1,-1.9359975888581613
97920,821,48.84431921228261,259,0.225,1,1,-1.8821656782747112
98050,64,49.0649337418456,260,0.225,1,1,-1.9008186920559516
98170,64,48.89388143940549,260,0.225,1,1,-1.9088652711219811
98310,789,48.936102625254364,261,0.225,1,1,1.9141283566033762
98430,406,48.93889266265289,262,0.225,1,1,-1.9562171033525428
98560,840,49.16973624465161,264,0.225,1,1,-1.9572556299170494
98680,840,49.05918374181732,256,0.225,1,1,-1.9577913839108592
98800,840,48.89587413232647,256,0.225,1,1,-1.9577909266188067
98920,110,48.89265862259435,257,0.225,1,1,-1.934386753662074
99040,902,48.88475156114368,258,0.225,1,1,-1.886574267272602
99170,665,48.677829064387346,258,0.225,1,1,1.9012630578533574
99290,566,48.48612742977502,258,0.225,1,1,1.903612304050977
99430,340,48.81841584730808,260,0.225,1,1,-1.908116591925505
99540,246,48.723716819946645,261,0.225,1,1,1.960572172497447
99670,1004,48.888408804722914,264,0.225,1,1,-1.9225500271727827
99790,653,48.556269056502806,264,0.225,1,1,1.9283706509358436
99920,883,49.106776490211935,258,0.225,1,1,-1.9362666755973474
100040,883,48.91729692246172,258,0.225,1,1,-1.9759802212938653
100160,868,49.12545796392849,260,0.225,1,1,-1.8821565657738184
100300,868,48.961442099756106,260,0.225,1,1,-1.900635389584686
100420,129,48.703789878636265,260,0.225,1,1,1.953379413702695
100540,28,48.77870641526822,261,0.225,1,1,1.9544879558177277
100670,869,48.86481807403204,263,0.225,1,1,-1.924316805733661
100800,716,48.943327185016635,257,0.225,1,1,1.9642479022307544
100910,580,49.01333099310557,258,0.225,1,1,-1.972494881641348
101030,580,48.86622729990253,258,0.225,1,1,-1.8680531425202394
101170,269,48.88319904919585,259,0.225,1,1,-1.8876053922497893
101280,269,48.701452732289425,259,0.225,1,1,1.9496714923967604
101420,674,48.42458551453373,259,0.225,1,1,1.9059003132289063
101530,112,48.81291953895706,261,0.225,1,1,-1.95859367834557
101670,474,48.91162973503777,263,0.225,1,1,-1.928952891306401
101790,474,48.76386236101987,255,0.225,1,1,1.9671893704618237
101910,46,48.81488871543059,256,0.225,1,1,1.9703389500926634
102030,862,49.12088857775635,259,0.225,1,1,-1.876004889403941
102160,862,48.933765400213396,259,0.225,1,1,-1.8838550556864728
102280,502,49.03690127779332,261,0.225,1,1,-1.9466228419961475
102400,502,48.8418001695743,261,0.225,1,1,-1.899522841127705
102530,694,48.68399906884822,261,0.225,1,1,1.900917525558773
102660,887,48.97689604944948,264,0.225,1,1,-1.9031859264941062
102780,166,48.75763493762658,264,0.225,1,1,1.9528353425257692
102910,371,49.12057388066413,258,0.225,1,1,-1.9073434227287291
103030,371,48.91676556351585,258,0.225,1,1,-1.9651273045308397
103150,469,49.074841522824286,260,0.225,1,1,-1.8855551333898966
103280,469,48.84493926497248,260,0.225,1,1,-1.9068707625263894
103400,870,49.01787204123907,262,0.225,1,1,-1.9562599132807779
103530,870,48.78404755980795,262,0.225,1,1,-1.9163065715912573
103660,463,48.937609975174986,258,0.225,1,1,-1.957839344191733
103770,463,48.74522828019976,258,0.225,1,1,1.9671073398060395
103900,95,48.98570363592097,260,0.225,1,1,1.8964179297893993
104030,89,48.9903306054897,261,0.225,1,1,-1.901969866675573
104150,29,48.76449694223777,261,0.225,1,1,1.9519202052354563
104280,474,48.890919693098795,263,0.225,1,1,-1.9603960425499987
104400,439,48.71128239519926,264,0.225,1,1,-1.966052031018498
104520,208,48.997883423749805,258,0.225,1,1,1.9689477290190163
104640,440,48.89932586407343,259,0.225,1,1,-1.9393789368793661
104770,905,48.92010865099944,260,0.225,1,1,-1.864203541729552
104890,719,48.89343766765808,261,0.225,1,1,-1.8832462712546085
105020,603,48.886899376997114,262,0.225,1,1,-1.8883628251492137
105150,830,48.848673089148285,263,0.225,1,1,1.8934358403436176
105270,283,48.69295946353364,264,0.225,1,1,-1.9570686480728132
105390,10,48.69295946353364,257,0.225,1,1,1.9654875941751782
105520,370,49.14585860868125,261,0.225,1,1,-1.942254483261749
105650,370,48.91603331231955,261,0.225,1,1,-1.9534045579232062
105760,777,48.92279651722228,262,0.225,1,1,-1.9536571504635838
105900,22,48.700091989217995,262,0.225,1,1,1.9162817702525567
106020,483,48.91728143746548,259,0.225,1,1,-1.9624270341007541
106140,483,48.725579802853154,259,0.225,1,1,1.9656184754789243
106260,494,49.06251089414955,262,0.225,1,1,-1.8949464086075365
106390,494,48.849160123330606,262,0.225,1,1,-1.9016606143973447
106510,935,49.007404661644586,259,0.225,1,1,-1.9517562844362615
106630,587,48.83333673338242,260,0.225,1,1,-1.9105779823015305
106760,849,49.026747601371945,262,0.225,1,1,-1.8936574068391363
106890,849,48.816145888625584,262,0.225,1,1,-1.9040154817324655
107020,542,48.600373355250625,262,0.225,1,1,1.9626000078903905
107140,526,48.444055935605,257,0.225,1,1,1.96382233302929
107270,746,48.9012270022733,260,0.225,1,1,-1.9646139675678382
107390,746,48.71105485818133,260,0.225,1,1,1.9524218131849354
107510,1017,48.9940533712417,263,0.225,1,1,-1.9559723895537864
107640,424,48.920937408885614,264,0.225,1,1,-1.9602814228293286
107760,969,49.089183510068246,261,0.225,1,1,-1.959730951416254
107880,969,48.95638698511362,261,0.225,1,1,-1.9708129669911103
108010,148,48.77156121129417,261,0.225,1,1,1.8843546353586165
108130,373,48.99063790429538,263,0.225,1,1,-1.9446643103463108
108260,272,49.130901913170945,264,0.225,1,1,-1.898412131367296
108390,272,48.91057841427276,264,0.225,1,1,-1.9518690580829456
108500,816,48.93578817585337,265,0.225,1,1,1.9559508314713823
108630,961,48.853519302706864,267,0.225,1,1,-1.9130919904366597
108760,936,48.901231343644945,260,0.225,1,1,-1.9664422061044329
108870,936,48.732966517188885,260,0.225,1,1,1.9813330741872823
109010,984,48.89177446863042,262,0.225,1,1,-1.8755067761484423
109120,428,48.89022550426314,263,0.225,1,1,-1.9555490386449987
109260,316,48.91758156172612,264,0.225,1,1,1.9151542623793973
109380,836,49.09907121539506,266,0.225,1,1,-1.960222325951076
109500,836,48.75436727003879,266,0.225,1,1,-1.9610422608523996
109620,61,48.96603141347404,260,0.225,1,1,1.9673266560016591
109740,933,48.79861075933835,261,0.225,1,1,1.941294692644704
109870,493,49.04142871796593,264,0.225,1,1,-1.8830532581548622
109990,493,48.81965210662066,264,0.225,1,1,-1.9012345750264272
110120,1006,48.88721609762837,266,0.225,1,1,-1.9082800833796878
110240,1006,48.683504963816134,266,0.225,1,1,1.9135967996967247
110380,953,48.858333169937076,268,0.225,1,1,-1.9159421035945656
110490,618,48.840396423732706,269,0.225,1,1,-1.962706034382358
110620,204,48.847409291048436,270,0.225,1,1,-1.924590582597928
110750,847,48.99667198886978,272,0.225,1,1,1.9640300090183485
110870,896,49.03546728243944,263,0.225,1,1,-1.9647043850788757
110990,896,48.881229814199735,263,0.225,1,1,-1.9667847589896141
111120,366,49.06715510084901,265,0.225,1,1,-1.898172550197878
111250,366,48.84445057284472,265,0.225,1,1,-1.9518290035681107
111360,859,48.97065813764892,267,0.225,1,1,-1.9518146482788146
111500,84,49.022959663832914,268,0.225,1,1,-1.9139158475446425
111620,84,48.77090270149694,268,0.225,1,1,-1.9605485884634954
111740,84,48.66035019866265,261,0.225,1,1,1.9662279026645895
111860,831,48.87302783229389,263,0.225,1,1,-1.9692682360913343
111980,780,48.91539428511384,264,0.225,1,1,-1.8395518497099002
112110,629,48.931345986335636,265,0.225,1,1,-1.8808667371141046
112240,629,48.729288344203205,265,0.225,1,1,1.8932073991883283
112360,626,48.9485842297867,267,0.225,1,1,-1.950237400414247
112490,444,48.852510856938096,268,0.225,1,1,-1.9061542793088335
112610,192,48.94733461144934,269,0.225,1,1,-1.962043831153019
112740,192,48.7437086320711,269,0.225,1,1,1.9238584646400247
112860,970,48.91746872880693,271,0.225,1,1,-1.963248825728666
112990,927,48.80817308606889,272,0.225,1,1,-1.9626917746762984
113110,87,48.79605225267708,262,0.225,1,1,-1.963435117512084
113230,87,48.62207676909042,262,0.225,1,1,1.9684911720101135
113360,742,48.80453598098905,264,0.225,1,1,1.911055356181468
113480,910,48.89699461925707,266,0.225,1,1,-1.9568951620049493
113610,10,48.60206185734943,266,0.225,1,1,1.91980424644942
113740,595,48.90231771667227,263,0.225,1,1,-1.9682759456588357
113850,993,49.145138909042885,265,0.225,1,1,-1.973309661178034
113980,993,48.96325443865453,265,0.225,1,1,-1.8850193746232036
114100,687,48.80404583392751,265,0.225,1,1,1.943791982928083
114230,124,48.804188700786476,266,0.225,1,1,-1.8969511432407433
114350,234,48.791614404155105,267,0.225,1,1,-1.9532206734914785
114470,184,48.5914806208126,267,0.225,1,1,1.9065739814275648
114610,465,48.87288689138321,269,0.225,1,1,1.9114688055250442
114720,714,48.71373299333145,270,0.225,1,1,-1.9620967137486025
114840,208,48.99978902742965,262,0.225,1,1,1.9335455499800975
114970,483,49.043599752216856,264,0.225,1,1,-1.9421587676992764
115090,483,48.877219621525335,264,0.225,1,1,-1.8795743019219833
115220,469,49.02837965900847,266,0.225,1,1,-1.880475404030326
115340,469,48.824903337549785,266,0.225,1,1,-1.888441053560862
115470,70,48.87491607661062,267,0.225,1,1,-1.9009573836890212
115590,70,48.646191460374524,267,0.225,1,1,1.9067357957708668
115720,490,48.881224412269205,269,0.225,1,1,-1.909815846334568
115850,780,48.94172611219445,270,0.225,1,1,1.9159253136235286
115970,665,48.751071719957515,270,0.225,1,1,1.957470400519024
116100,211,49.022858262579845,262,0.225,1,1,-1.9606313332695342
116220,211,48.850976307029846,262,0.225,1,1,-1.9603735903731307
116350,892,48.9897924051628,264,0.225,1,1,-1.947363583555129
116470,712,48.93049168451568,265,0.225,1,1,-1.9564118448785568
116590,712,48.71133912579701,265,0.225,1,1,1.957611856288248
116720,1020,48.80937647799509,267,0.225,1,1,-1.9233357317866073
116850,194,48.839547417777695,268,0.225,1,1,-1.9651115735467504
116970,662,48.547907318491845,268,0.225,1,1,1.9660058328235475
117090,484,49.056049585010406,263,0.225,1,1,-1.9672078543060616
117210,484,48.883982499820654,263,0.225,1,1,-1.9730409088659335
117330,483,49.08065712502137,265,0.225,1,1,-1.8905716141237574
117470,483,48.93907169652795,265,0.225,1,1,-1.8917315528029315
117590,723,48.91047189119544,266,0.225,1,1,-1.9482015315261973
117710,712,48.892438584659246,267,0.225,1,1,-1.9478571350207279
117840,712,48.65667985006441,267,0.225,1,1,1.9008144852898843
117970,381,48.968387153726994,270,0.225,1,1,-1.9663353330383937
118090,142,48.6801198462761,270,0.225,1,1,1.9673521951663844
118210,35,48.533501691538234,261,0.225,1,1,1.9685080205523324
118330,738,48.84727343712868,263,0.225,1,1,-1.9727593293854222
118450,966,49.08059816585669,265,0.225,1,1,-1.8751396773692282
118580,966,48.89639821010174,265,0.225,1,1,-1.8905198250303807
118700,924,48.89944581533249,266,0.225,1,1,1.8895549062676271
118830,916,48.882746352937225,267,0.225,1,1,-1.8981049993178853
118950,224,48.97256799518363,268,0.225,1,1,-1.9027982676954545
119090,454,49.08517649834437,270,0.225,1,1,-1.9068312979877997
119210,454,48.89871847145757,262,0.225,1,1,-1.9530677528737042
119320,355,49.12597344776407,264,0.225,1,1,-1.9674530034605036
119460,355,48.93439677636612,264,0.225,1,1,-1.8992039474976077
119570,937,48.889366392308716,265,0.225,1,1,-1.94964355788312
119700,672,48.64910056683606,265,0.225,1,1,1.9016035605276211
119820,942,48.846167066622336,267,0.225,1,1,-1.9081492554396544
119960,113,48.90841485773978,268,0.225,1,1,1.9195065496263748
120080,707,48.80790369298971,269,0.225,1,1,-1.9595989429013378
120200,110,48.76514467702174,270,0.225,1,1,-1.9617615583098704
120330,998,48.75437835145213,272,0.225,1,1,-1.9309445676859336
120440,998,48.48193557198615,272,0.225,1,1,1.968507346139823
120580,120,49.01418177338329,264,0.225,1,1,-1.9421134506051796
120690,120,48.84699853897282,264,0.225,1,1,-1.971346333150058
120820,719,48.80571118186163,265,0.225,1,1,-1.8636370218772416
120940,204,48.83215906493938,266,0.225,1,1,-1.8889185965704276
121070,702,48.58687710655041,266,0.225,1,1,1.9052248735174717
121190,184,48.64014467398075,267,0.225,1,1,1.9067966885663876
121320,911,48.80903960606596,269,0.225,1,1,-1.9209618013390495
121450,974,48.982324639451335,264,0.225,1,1,-1.9596352658094436
121560,452,49.22023716621505,266,0.225,1,1,-1.9614320861074541
121690,452,49.06274487376067,266,0.225,1,1,-1.8806489966275397
121810,452,48.884491267875184,266,0.225,1,1,-1.880614726663147
121940,516,48.736070713718796,266,0.225,1,1,1.8828489827654729
122070,343,49.075663485465014,269,0.225,1,1,-1.8950844232872603
122200,343,48.784023386179165,269,0.225,1,1,-1.9500849977886578
122310,458,48.91067201334327,271,0.225,1,1,-1.95207027335797
122440,458,48.674103148514185,263,0.225,1,1,1.9321145814438867
122560,35,48.484268339648274,263,0.225,1,1,1.972617803620193
122690,964,49.02035463620862,266,0.225,1,1,-1.9183959910792172
122810,964,48.785358610324074,266,0.225,1,1,-1.9602166779620271
122940,57,48.6109383746858,262,0.225,1,1,1.92008331072289
123070,266,48.884246208903434,264,0.225,1,1,-1.9672561186352902
123180,190,48.65875008861019,264,0.225,1,1,1.9569963745902423
123310,842,48.87995916668882,266,0.225,1,1,-1.9126805338696635
123430,842,48.64634922986821,266,0.225,1,1,1.9148604785728294
123550,470,49.013542209976045,269,0.225,1,1,-1.917795363263472
123690,470,48.859638301541324,263,0.225,1,1,-1.917482774906286
123800,1007,48.96380128839487,265,0.225,1,1,-1.962823804710368
123930,961,49.186369557825586,267,0.225,1,1,-1.8804185794680748
124060,961,49.009836337809475,267,0.225,1,1,-1.8839748298698018
124180,961,48.833770172357525,267,0.225,1,1,-1.9433920500098614
124310,585,48.81750767775318,268,0.225,1,1,-1.8941744513481467
124430,649,48.601195742178575,268,0.225,1,1,1.957366581590266
124560,974,49.02757414356029,264,0.225,1,1,-1.9197028620304735
124670,974,48.85569218801029,264,0.225,1,1,-1.964694403889707
124800,232,48.89896394046298,265,0.225,1,1,-1.8802553789649377
124920,687,48.71220729835877,265,0.225,1,1,1.8916276896739304
125050,369,49.018995012597564,267,0.225,1,1,-1.8945150880054598
125170,369,48.83584669634867,267,0.225,1,1,-1.8993473805249759
125310,746,48.845579283179696,262,0.225,1,1,-1.9045502621280752
125420,746,48.645056569263815,262,0.225,1,1,1.9588850695671691
125550,836,49.00552458253333,264,0.225,1,1,-1.8889417247654623
125680,836,48.83929663474946,264,0.225,1,1,-1.9055162534439194
125800,984,49.06157626130417,266,0.225,1,1,-1.9538546013565752
125930,984,48.85152557121757,266,0.225,1,1,-1.9550469994924993
126050,935,48.82736418268074,267,0.225,1,1,1.9597856379881289
126180,374,49.04680785354862,270,0.225,1,1,-1.9637357141462386
126300,374,48.916230524714926,262,0.225,1,1,-1.9639016658544803
126420,307,48.96563217850435,263,0.225,1,1,-1.968957878166965
126550,858,49.187158818217725,265,0.225,1,1,-1.861578278619586
126670,858,49.01011727746685,265,0.225,1,1,-1.9454119882804977
126790,858,48.866885295717935,265,0.225,1,1,-1.9449417591826421
126920,315,48.854262782774356,266,0.225,1,1,-1.894445069271633
127040,315,48.65604457676188,266,0.225,1,1,1.9484127822983264
127160,642,48.502222297173105,266,0.225,1,1,1.8984286040116283
127300,829,48.92128543388837,269,0.225,1,1,1.904540607271722
127420,589,48.96443246102289,261,0.225,1,1,-1.9517087945561038
127540,85,49.021327850752314,262,0.225,1,1,-1.9546904395300453
127660,85,48.86268074918145,262,0.225,1,1,-1.87002463018633
127780,653,48.72871896278609,262,0.225,1,1,1.8720128607647928
127920,266,48.82476786246695,263,0.225,1,1,-1.8836090348837495
128030,266,48.632055484709234,263,0.225,1,1,1.94511108516402
128160,792,48.97649017684505,266,0.225,1,1,-1.8993079058530933
128280,792,48.777899374586234,266,0.225,1,1,1.9021194895583078
128410,507,48.88373349533025,268,0.225,1,1,-1.9037422962150117
128530,507,48.70412904895543,268,0.225,1,1,1.9046998174925314
128670,686,48.52015072694314,268,0.225,1,1,1.905710901362356
128790,840,48.904681681161385,270,0.225,1,1,-1.958139901347896
128910,189,48.691464594864556,270,0.225,1,1,1.959055525108486
129040,69,49.07045978197284,260,0.225,1,1,-1.959392366188558
129150,69,48.88360243969559,260,0.225,1,1,-1.964227456770968
129280,479,48.946096302461555,262,0.225,1,1,-1.875440306894838
129400,328,49.252301621400285,264,0.225,1,1,-1.899395651069493
129540,328,49.073897665451646,260,0.225,1,1,-1.9121967155038553
129650,328,48.88620355026249,260,0.225,1,1,-1.973134503845723
129780,1019,48.96299987759157,262,0.225,1,1,-1.8951631558414923
129910,631,48.93705992526585,263,0.225,1,1,1.899794848095941
130030,432,48.84000097386509,264,0.225,1,1,-1.958318157577036
130160,357,49.07914921468752,261,0.225,1,1,-1.9612566019035411
130270,357,48.8907746959971,261,0.225,1,1,-1.9738537753913157
130400,344,49.11373118057925,263,0.225,1,1,-1.8812250844612597
130520,344,48.89531545040001,263,0.225,1,1,-1.9001169543300098
130650,363,49.04334610129963,265,0.225,1,1,-1.9071171645916707
130780,363,48.819140979003585,265,0.225,1,1,-1.9124194500641944
130910,498,48.86793489347036,267,0.225,1,1,-1.9598213525061303
131020,707,48.78087172653663,268,0.225,1,1,-1.9658278757916152
131150,338,49.15935427335393,262,0.225,1,1,-1.9356712975066699
131270,338,49.01859925536068,262,0.225,1,1,-1.9719896531920795
131400,338,48.863274987650726,262,0.225,1,1,-1.8764910269763728
131530,87,48.832811526889635,263,0.225,1,1,-1.9475720955988334
131640,87,48.65723872204854,263,0.225,1,1,1.9521406893525195
131780,592,49.00625557393396,265,0.225,1,1,-1.914228620841408
131900,592,48.8086655351011,265,0.225,1,1,-1.9572563274025987
132020,192,48.98226082000256,259,0.225,1,1,-1.9586074706001362
132150,908,49.00905202959794,260,0.225,1,1,-1.9616502626180505
132260,908,48.857689560684825,260,0.225,1,1,-1.9472285396009055
132400,791,48.7853008759068,261,0.225,1,1,1.8939244937914932
132520,996,49.01217940800865,264,0.225,1,1,-1.9509833959328902
132650,996,48.82903109175975,259,0.225,1,1,-1.9729150530120878
132760,752,48.86505100751727,260,0.225,1,1,-1.972571161020312
132900,794,48.89313696049169,261,0.225,1,1,1.8975843873638965
133020,17,48.694891703229004,261,0.225,1,1,1.9542150958282765
133140,190,48.534220040819335,257,0.225,1,1,1.961811338737437
133260,606,48.8526690020101,259,0.225,1,1,-1.961766335564505
133380,606,48.664504016857315,259,0.225,1,1,1.884916592000312
133510,924,48.8828923740894,261,0.225,1,1,-1.8963922661187005
133640,713,48.908061903761684,262,0.225,1,1,-1.9000179967672077
133770,399,48.90684212700167,263,0.225,1,1,-1.9525443268893652
133890,399,48.72838200337607,263,0.225,1,1,1.9546509861953394
134020,88,48.81525655982286,264,0.225,1,1,-1.9552875234331297
134140,88,48.6067339754153,264,0.225,1,1,1.9578930890203792
134260,757,48.779117713426075,266,0.225,1,1,-1.9613516241965023
134390,882,49.02068961631175,258,0.225,1,1,-1.9634931467059666
134500,882,48.83852835506401,258,0.225,1,1,-1.965714741366798
134630,514,48.65288795218018,258,0.225,1,1,1.8606353170969199
134750,462,48.894217451545856,260,0.225,1,1,-1.8970905432068585
134890,115,48.82818317487011,261,0.225,1,1,-1.8988089709685092
135000,928,48.79259532641479,262,0.225,1,1,-1.955533462746625
135140,962,48.92319330040691,264,0.225,1,1,-1.9233416206334621
135260,556,48.76694165064994,257,0.225,1,1,1.9702534306323276
135370,995,48.94123100105155,259,0.225,1,1,-1.97201738899994
135500,810,48.98140523504218,260,0.225,1,1,-1.8820206191089068
135630,579,48.99365418091691,261,0.225,1,1,-1.8874949238667316
135750,765,48.91316244515425,262,0.225,1,1,1.947218184916534
135870,945,48.891638619571886,263,0.225,1,1,-1.897995751307091
136010,605,48.79532733009318,264,0.225,1,1,-1.9183775227245494
136130,967,48.98338882249913,259,0.225,1,1,-1.959609298083338
136250,519,48.81652928593273,259,0.225,1,1,1.9706027966634623
136370,796,48.847909397304946,260,0.225,1,1,-1.8725145005083332
136490,770,48.928632181477155,261,0.225,1,1,-1.888726642748571
136620,965,49.07389472449634,263,0.225,1,1,-1.8903995245207932
136740,965,48.92728370988158,263,0.225,1,1,-1.8936162553310854
136880,700,48.718462862846415,263,0.225,1,1,1.8962170142440298
136990,271,48.75539186697257,264,0.225,1,1,1.9495149235267886
137130,96,48.89017361885361,265,0.225,1,1,-1.908858571263271
137250,928,48.909978470807,266,0.225,1,1,-1.9584021476651432
137380,236,48.805077382250786,267,0.225,1,1,-1.9607395281549038
137490,236,48.805077382250786,256,0.225,1,1,1.96100020158238
137610,96,48.99915833378299,258,0.225,1,1,-1.9318042688449748
137740,96,48.85860851476733,258,0.225,1,1,1.8654037388013407
137870,499,48.97685999017561,260,0.225,1,1,-1.8816188545851587
137990,123,48.94208736345794,261,0.225,1,1,-1.947501154782574
138120,390,48.9316025966827,262,0.225,1,1,-1.9034227350004276
138250,336,49.257286848631665,264,0.225,1,1,-1.9603045779464163
138360,336,49.257286848631665,257,0.225,1,1,-1.9643902977612642
138480,336,48.9861977036679,257,0.225,1,1,-1.9272048656258336
138620,820,48.970667773593675,258,0.225,1,1,-1.8646924839897996
138730,820,48.777711785222984,258,0.225,1,1,1.9462874511781545
138860,988,48.96536079260805,260,0.225,1,1,-1.8998452566865311
138990,988,48.76777075377519,260,0.225,1,1,1.902229402133338
139110,770,48.99561329191758,262,0.225,1,1,-1.9501062528431445
139240,770,48.79309210184885,262,0.225,1,1,1.9042708929650292
139370,261,48.95568554174132,264,0.225,1,1,-1.9551093889504814
139490,261,48.6952195446114,264,0.225,1,1,1.9625057019441157
139610,977,49.016354207800354,267,0.225,1,1,-1.968867670423799
139730,977,49.016354207800354,256,0.225,1,1,-1.9701643178557506
139850,87,48.92730581835109,257,0.225,1,1,1.9481833838059246
139980,958,48.87493001104486,258,0.225,1,1,-1.8801243324331367
140100,902,48.844525197613656,259,0.225,1,1,-1.881281495377299
140230,584,48.856697690736326,260,0.225,1,1,-1.8994792815388415
140350,278,48.922776616664045,261,0.225,1,1,1.913529675718712
140490,457,49.08564847320334,263,0.225,1,1,-1.9208234307520342
140610,457,48.88245023645975,263,0.225,1,1,-1.9604317948938577
140730,987,49.00769998392943,257,0.225,1,1,-1.9626240518556166
140850,987,48.83212717908833,257,0.225,1,1,-1.962619968527734
140970,777,48.87356180620323,258,0.225,1,1,-1.881393258736835
141100,905,48.9041731652807,259,0.225,1,1,1.893659085711304
141220,938,48.92214157299178,260,0.225,1,1,-1.8977840708074236
141360,578,48.96360386116935,261,0.225,1,1,-1.9025705256501233
141470,686,48.79958300929913,261,0.225,1,1,1.950140996623283
141610,284,48.80770488824614,262,0.225,1,1,-1.9045521855096952
141720,204,48.84561183793631,263,0.225,1,1,-1.9544892329191692
141850,777,48.862215949437456,264,0.225,1,1,-1.9140621552122548
141980,193,48.90672791499249,255,0.225,1,1,-1.960587481106971
142090,193,48.69506377155724,255,0.225,1,1,1.9630494228206734
142220,1001,48.888735176930666,257,0.225,1,1,-1.908742850463331
142350,761,48.89486484881366,258,0.225,1,1,1.9099460335414622
142480,973,48.9711448094053,260,0.225,1,1,-1.9547878378708476
142590,407,48.94581975209078,261,0.225,1,1,-1.9559809120919218
142730,682,48.75912049148862,261,0.225,1,1,1.9155708170748689
142850,200,48.84355799336589,262,0.225,1,1,-1.9585869575908947
142970,496,48.984057301422155,264,0.225,1,1,-1.9596038884638225
143090,940,48.92859150692781,265,0.225,1,1,-1.9605387704802721
143220,698,48.6460778259918,265,0.225,1,1,1.922962688348916
143340,1010,48.78766547650341,267,0.225,1,1,-1.9637107215782814
143470,252,48.832177406142584,256,0.225,1,1,1.9301991482333793
143590,722,48.87925719317506,257,0.225,1,1,-1.9667098898732522
143710,914,48.905044430969454,258,0.225,1,1,-1.8697044415407238
143830,914,48.726584307343856,258,0.225,1,1,1.8786315716960496
143960,266,48.815991639898456,259,0.225,1,1,-1.8874003304768487
