sysTime,Action,ChannelUsed,TransJob,CPU,JobFaultProb,RunningJob,ActionQos
150,234,42.481250360578095,5,0.1,0.0,1,0.0
300,148,22.239242133644794,2,0.1,0.22857142857142856,1,3.9205882976964497
450,775,-8.881784197001252e-15,0,0.1,0.22857142857142856,1,3.995375627244688
590,302,-8.881784197001252e-15,0,0.1,0.22857142857142856,1,3.9932596945915404
730,961,-1.0658141036401503e-14,0,0.1,1,1,3.995506064527106
880,576,-1.0658141036401503e-14,0,0.1,1,1,3.995506064527106
1020,889,-1.0658141036401503e-14,0,0.1,1,1,3.9956365463927628
1160,888,-1.0658141036401503e-14,0,0.1,1,1,3.9952452242053913
1310,545,-1.0658141036401503e-14,0,0.1,1,1,3.993639810117865
1450,540,19.264507794239577,2,0.1,0.2857142857142857,1,3.995375627244688
1600,439,6.875176187496742,1,0.1,0.2857142857142857,1,3.995375627244688
1740,520,-1.0658141036401503e-14,0,0.1,0.2857142857142857,1,3.993449717039931
1880,77,-1.0658141036401503e-14,0,0.1,0.2857142857142857,1,3.995897723122164
2030,953,-1.0658141036401503e-14,0,0.1,0.2857142857142857,1,3.9956365463927628
2170,120,-1.0658141036401503e-14,0,0.1,0.2857142857142857,1,3.9952452242053913
2310,224,-1.0658141036401503e-14,0,0.1,1,1,3.9956365463927628
2460,37,-1.0658141036401503e-14,0,0.1,1,1,3.993449717039931
2600,797,15.200309344505,2,0.1,1,1,3.9938299982238346
2740,630,-1.0658141036401503e-14,0,0.1,1,1,3.993639810117865
2890,32,-1.0658141036401503e-14,0,0.1,1,1,3.9932596945915404
3030,489,-1.0658141036401503e-14,0,0.1,1,1,3.9938299982238346
3180,879,-1.0658141036401503e-14,0,0.1,1,1,3.995375627244688
3320,149,-1.0658141036401503e-14,0,0.1,1,1,3.995114848676625
3460,1023,-1.0658141036401503e-14,0,0.1,1,1,3.993639810117865
3610,432,-1.0658141036401503e-14,0,0.1,1,1,3.9960285021359474
3750,268,11.119621066822393,1,0.1,1,1,3.9956365463927628
3890,71,-1.0658141036401503e-14,0,0.1,1,1,3.9957670895841106
4040,425,-1.0658141036401503e-14,0,0.1,1,1,3.9942108667277854
4180,316,-1.0658141036401503e-14,0,0.1,1,1,3.995506064527106
4330,328,-1.0658141036401503e-14,0,0.1,1,1,3.995506064527106
4470,18,-1.0658141036401503e-14,0,0.1,1,1,3.9957670895841106
4610,564,-1.0658141036401503e-14,0,0.1,1,1,3.9940203236486593
4760,418,-1.0658141036401503e-14,0,0.1,1,1,3.9938299982238346
4900,480,-1.0658141036401503e-14,0,0.1,1,1,3.995114848676625
5040,463,-1.0658141036401503e-14,0,0.1,1,1,3.995375627244688
5190,588,-1.0658141036401503e-14,0,0.1,1,1,3.9952452242053913
5330,864,-1.0658141036401503e-14,0,0.1,1,1,3.9956365463927628
5470,298,-1.0658141036401503e-14,0,0.1,1,1,3.995375627244688
5620,129,-1.0658141036401503e-14,0,0.1,1,1,3.9956365463927628
5760,504,-1.0658141036401503e-14,0,0.1,1,1,3.9952452242053913
5910,598,-1.0658141036401503e-14,0,0.1,0.34285714285714286,1,3.995897723122164
6050,20,13.151720291689681,1,0.1,0.34285714285714286,1,3.9956365463927628
6190,726,-1.0658141036401503e-14,0,0.1,1,1,3.993639810117865
6340,130,-1.0658141036401503e-14,0,0.1,0.45714285714285713,1,3.9932596945915404
6480,740,-1.0658141036401503e-14,0,0.1,0.45714285714285713,1,3.995506064527106
6620,787,-1.0658141036401503e-14,0,0.1,0.45714285714285713,1,3.9938299982238346
6770,243,-1.0658141036401503e-14,0,0.1,0.45714285714285713,1,3.993449717039931
6910,66,-1.0658141036401503e-14,0,0.1,0.45714285714285713,1,3.9932596945915404
7050,478,13.750352374993495,2,0.1,1,1,3.993449717039931
7200,671,13.750352374993495,2,0.1,1,1,3.995506064527106
7340,2,-1.0658141036401503e-14,0,0.1,1,1,3.9952452242053913
7490,670,-1.0658141036401503e-14,0,0.1,1,1,3.9932596945915404
7630,288,-1.0658141036401503e-14,0,0.1,1,1,3.995375627244688
7770,925,-1.0658141036401503e-14,0,0.1,1,1,3.9952452242053913
7920,285,-1.0658141036401503e-14,0,0.1,1,1,3.9952452242053913
8060,476,-1.0658141036401503e-14,0,0.1,1,1,3.995506064527106
8200,307,8.496250072115611,1,0.1,0.7428571428571429,1,3.9930697277037024
8350,359,-1.0658141036401503e-14,0,0.1,0.7428571428571429,1,3.9957670895841106
8490,970,-1.0658141036401503e-14,0,0.1,0.7428571428571429,1,3.9930697277037024
8640,181,-1.0658141036401503e-14,0,0.1,0.7428571428571429,1,3.995375627244688
8780,556,-1.0658141036401503e-14,0,0.1,0.7428571428571429,1,3.993449717039931
8920,242,-1.0658141036401503e-14,0,0.1,0.7428571428571429,1,3.9956365463927628
9070,643,-1.0658141036401503e-14,0,0.1,1,1,3.993449717039931
9210,853,-1.0658141036401503e-14,0,0.1,1,1,3.9956365463927628
9350,136,13.151720291689681,1,0.1,0.9142857142857143,1,3.995506064527106
9500,455,-1.0658141036401503e-14,0,0.1,1,1,3.995506064527106
9640,224,-1.0658141036401503e-14,0,0.1,1,1,3.9938299982238346
9780,880,-1.0658141036401503e-14,0,0.1,1,1,3.995375627244688
9930,208,-1.0658141036401503e-14,0,0.1,0.2,1,3.993449717039931
10070,38,-1.0658141036401503e-14,0,0.1,1,1,3.9938299982238346
10220,779,-1.0658141036401503e-14,0,0.1,1,1,3.993449717039931
10360,929,-1.0658141036401503e-14,0,0.1,1,1,3.995506064527106
10500,928,-1.0658141036401503e-14,0,0.1,1,1,3.995506064527106
10650,599,7.600154672252494,1,0.1,1,1,3.993449717039931
10790,588,-1.0658141036401503e-14,0,0.1,1,1,3.995897723122164
10930,327,-1.0658141036401503e-14,0,0.1,1,1,3.9956365463927628
11080,166,-1.0658141036401503e-14,0,0.1,1,1,3.995506064527106
11220,440,-1.0658141036401503e-14,0,0.1,1,1,3.9956365463927628
11360,240,-1.0658141036401503e-14,0,0.1,1,1,3.995506064527106
11510,122,-1.0658141036401503e-14,0,0.1,1,1,3.9938299982238346
11650,809,8.496250072115611,1,0.1,1,1,3.9956365463927628
11800,533,9.632253897119783,1,0.1,1,1,3.9956365463927628
11940,481,-1.0658141036401503e-14,0,0.1,1,1,3.993449717039931
12080,781,-1.0658141036401503e-14,0,0.1,1,1,3.9956365463927628
12230,356,-1.0658141036401503e-14,0,0.1,1,1,3.995506064527106
12370,854,-1.0658141036401503e-14,0,0.1,1,1,3.995375627244688
12510,815,-1.0658141036401503e-14,0,0.1,1,1,3.9932596945915404
12660,125,-1.0658141036401503e-14,0,0.1,1,1,3.995506064527106
12800,301,8.496250072115611,1,0.1,1,1,3.9938299982238346
12950,362,8.496250072115611,1,0.1,1,1,3.995375627244688
13090,287,-1.0658141036401503e-14,0,0.1,1,1,3.9956365463927628
13230,942,-1.0658141036401503e-14,0,0.1,1,1,3.995375627244688
13380,488,-1.0658141036401503e-14,0,0.1,1,1,3.9952452242053913
13520,186,-1.0658141036401503e-14,0,0.1,1,1,3.995506064527106
13660,743,-1.0658141036401503e-14,0,0.1,1,1,3.995506064527106
13810,837,-1.0658141036401503e-14,0,0.1,1,1,3.9940203236486593
13950,495,6.276544104192932,1,0.1,1,1,3.9930697277037024
14090,968,-1.0658141036401503e-14,0,0.1,1,1,3.9932596945915404
14240,298,-1.0658141036401503e-14,0,0.1,1,1,3.995506064527106
14380,975,-1.0658141036401503e-14,0,0.1,1,1,3.9956365463927628
14530,40,-1.0658141036401503e-14,0,0.1,1,1,3.995114848676625
14670,6,-1.0658141036401503e-14,0,0.1,1,1,3.995897723122164
14810,992,-1.0658141036401503e-14,0,0.1,1,1,3.995506064527106
14960,73,-1.0658141036401503e-14,0,0.1,1,1,3.9932596945915404
15100,540,19.264507794239577,2,0.1,1,1,3.995375627244688
15240,937,-1.0658141036401503e-14,0,0.1,1,1,3.9930697277037024
15390,43,-1.0658141036401503e-14,0,0.1,1,1,3.995375627244688
15530,112,-1.0658141036401503e-14,0,0.1,1,1,3.9956365463927628
15670,310,-1.0658141036401503e-14,0,0.1,1,1,3.9938299982238346
15820,240,-1.0658141036401503e-14,0,0.1,1,1,3.993449717039931
15960,892,-1.0658141036401503e-14,0,0.1,1,1,3.993639810117865
16110,971,-1.0658141036401503e-14,0,0.1,0.6857142857142857,1,3.9952452242053913
16250,597,8.496250072115611,1,0.1,0.6857142857142857,1,3.9956365463927628
16390,113,-1.0658141036401503e-14,0,0.1,0.8,1,3.995375627244688
16540,490,-1.0658141036401503e-14,0,0.1,0.8,1,3.993639810117865
16680,723,-1.0658141036401503e-14,0,0.1,0.8,1,3.995375627244688
16820,57,-1.0658141036401503e-14,0,0.1,0.17142857142857143,1,3.9932596945915404
16970,198,-1.0658141036401503e-14,0,0.1,0.2857142857142857,1,3.9956365463927628
17110,581,-1.0658141036401503e-14,0,0.1,0.2857142857142857,1,3.995506064527106
17260,786,-1.0658141036401503e-14,0,0.1,0.2857142857142857,1,3.9952452242053913
17400,195,-1.0658141036401503e-14,0,0.1,0.8,1,3.9952452242053913
17540,312,-1.0658141036401503e-14,0,0.1,0.34285714285714286,1,3.9949844960855434
17690,845,-1.0658141036401503e-14,0,0.1,0.34285714285714286,1,3.9956365463927628
17830,181,-1.0658141036401503e-14,0,0.1,0.7333333333333333,1,3.995375627244688
17970,951,-1.0658141036401503e-14,0,0.1,0.7333333333333333,1,3.993449717039931
18120,811,-1.0658141036401503e-14,0,0.1,0.7333333333333333,1,3.99287980656431
18260,902,-1.0658141036401503e-14,0,0.1,1,1,3.995375627244688
18400,337,9.632253897119783,1,0.1,0.3333333333333333,1,3.9957670895841106
18550,962,-1.0658141036401503e-14,0,0.1,0.3333333333333333,1,3.993449717039931
18690,248,-1.0658141036401503e-14,0,0.1,0.3333333333333333,1,3.9938299982238346
18840,140,-1.0658141036401503e-14,0,0.1,0.7428571428571429,1,3.995506064527106
18980,269,-1.0658141036401503e-14,0,0.1,0.7428571428571429,1,3.9957670895841106
19120,752,-1.0658141036401503e-14,0,0.1,0.7428571428571429,1,3.9956365463927628
19270,640,-1.0658141036401503e-14,0,0.1,1,1,3.993449717039931
19410,1014,-1.0658141036401503e-14,0,0.1,1,1,3.995375627244688
19550,901,-1.0658141036401503e-14,0,0.1,1,1,3.9938299982238346
19700,1021,11.54772174199358,2,0.1,1,1,3.9952452242053913
19840,389,-1.0658141036401503e-14,0,0.1,1,1,3.995506064527106
19990,702,-1.0658141036401503e-14,0,0.1,1,1,3.9932596945915404
20130,822,-1.0658141036401503e-14,0,0.1,0.6,1,3.9952452242053913
20270,454,-1.0658141036401503e-14,0,0.1,0.6,1,3.9932596945915404
20420,348,-1.0658141036401503e-14,0,0.1,0.6,1,3.9957670895841106
20560,559,-1.0658141036401503e-14,0,0.1,1,1,3.995506064527106
20700,416,-1.0658141036401503e-14,0,0.1,1,1,3.9960285021359474
20850,1010,6.875176187496742,1,0.1,1,1,3.995506064527106
20990,30,-1.0658141036401503e-14,0,0.1,1,1,3.9952452242053913
21130,224,-1.0658141036401503e-14,0,0.1,1,1,3.9956365463927628
21280,482,-1.0658141036401503e-14,0,0.1,0.17142857142857143,1,3.993639810117865
21420,321,-1.0658141036401503e-14,0,0.1,1,1,3.995375627244688
21570,690,-1.0658141036401503e-14,0,0.1,1,1,3.993639810117865
21710,669,-1.0658141036401503e-14,0,0.1,0.8,1,3.993449717039931
21850,1016,13.750352374993495,2,0.1,0.9714285714285714,1,3.9956365463927628
22000,709,-1.0658141036401503e-14,0,0.1,0.11428571428571428,1,3.995375627244688
22140,547,-1.0658141036401503e-14,0,0.1,1,1,3.9956365463927628
22280,649,-1.0658141036401503e-14,0,0.1,1,1,3.995375627244688
22430,122,-1.0658141036401503e-14,0,0.1,0.45714285714285713,1,3.9956365463927628
22570,557,-1.0658141036401503e-14,0,0.1,0.45714285714285713,1,3.995506064527106
22710,946,-1.0658141036401503e-14,0,0.1,1,1,3.995506064527106
22860,1016,-1.0658141036401503e-14,0,0.1,1,1,3.993639810117865
23000,619,7.600154672252494,1,0.1,1,1,3.9938299982238346
23150,164,-1.0658141036401503e-14,0,0.1,1,1,3.9932596945915404
23290,119,-1.0658141036401503e-14,0,0.1,1,1,3.9952452242053913
23430,696,-1.0658141036401503e-14,0,0.1,0.22857142857142856,1,3.9932596945915404
23580,582,-1.0658141036401503e-14,0,0.1,1,1,3.995506064527106
23720,435,-1.0658141036401503e-14,0,0.1,1,1,3.9956365463927628
23860,488,-1.0658141036401503e-14,0,0.1,1,1,3.9932596945915404
24010,538,-1.0658141036401503e-14,0,0.1,1,1,3.9932596945915404
24150,75,9.632253897119783,1,0.1,0.7428571428571429,1,3.995375627244688
24300,176,11.119621066822393,1,0.1,0.7428571428571429,1,3.995506064527106
24440,939,-1.0658141036401503e-14,0,0.1,0.7428571428571429,1,3.9930697277037024
24580,435,-1.0658141036401503e-14,0,0.1,0.7428571428571429,1,3.9952452242053913
24730,925,-1.0658141036401503e-14,0,0.1,0.7428571428571429,1,3.9932596945915404
24870,631,-1.0658141036401503e-14,0,0.1,0.7428571428571429,1,3.9952452242053913
25010,288,-1.0658141036401503e-14,0,0.1,0.05714285714285714,1,3.9930697277037024
25160,183,-1.0658141036401503e-14,0,0.1,1,1,3.9952452242053913
25300,841,8.496250072115611,1,0.1,1,1,3.995897723122164
25440,974,-1.0658141036401503e-14,0,0.1,1,1,3.995375627244688
25590,517,-1.0658141036401503e-14,0,0.1,1,1,3.9952452242053913
25730,261,-1.0658141036401503e-14,0,0.1,1,1,3.995375627244688
25880,1001,-1.0658141036401503e-14,0,0.1,1,1,3.995506064527106
26020,162,-1.0658141036401503e-14,0,0.1,1,1,3.9952452242053913
26160,284,-1.0658141036401503e-14,0,0.1,1,1,3.995114848676625
26310,708,-1.0658141036401503e-14,0,0.1,1,1,3.9952452242053913
26450,671,13.750352374993495,2,0.1,1,1,3.9930697277037024
26590,826,-1.0658141036401503e-14,0,0.1,1,1,3.995375627244688
26740,678,-1.0658141036401503e-14,0,0.1,1,1,3.995375627244688
26880,747,-1.0658141036401503e-14,0,0.1,1,1,3.995114848676625
27020,915,-1.0658141036401503e-14,0,0.1,1,1,3.9952452242053913
27170,1003,-1.0658141036401503e-14,0,0.1,1,1,3.9932596945915404
27310,367,-1.0658141036401503e-14,0,0.1,1,1,3.995114848676625
27460,274,-1.0658141036401503e-14,0,0.1,0.8,1,3.995375627244688
27600,184,19.264507794239577,2,0.1,0.8,1,3.995114848676625
27740,165,-1.0658141036401503e-14,0,0.1,1,1,3.9938299982238346
27890,681,-1.0658141036401503e-14,0,0.1,1,1,3.9956365463927628
28030,80,-1.0658141036401503e-14,0,0.1,1,1,3.995506064527106
28170,44,-1.0658141036401503e-14,0,0.1,1,1,3.9940203236486593
28320,679,-1.0658141036401503e-14,0,0.1,1,1,3.9957670895841106
28460,332,-1.0658141036401503e-14,0,0.1,1,1,3.995375627244688
28610,268,-1.0658141036401503e-14,0,0.1,1,1,3.995506064527106
28750,828,15.200309344505,2,0.1,1,1,3.995114848676625
28890,127,-1.0658141036401503e-14,0,0.1,1,1,3.9932596945915404
29040,257,-1.0658141036401503e-14,0,0.1,1,1,3.9952452242053913
29180,601,-1.0658141036401503e-14,0,0.1,1,1,3.9949844960855434
29320,90,-1.0658141036401503e-14,0,0.1,1,1,3.995506064527106
29470,348,-1.0658141036401503e-14,0,0.1,1,1,3.9956365463927628
29610,402,-1.0658141036401503e-14,0,0.1,0.6,1,3.995506064527106
29750,157,16.992500144231233,2,0.1,0.6,1,3.9938299982238346
29900,379,13.750352374993495,2,0.1,1,1,3.993449717039931
30040,775,-1.0658141036401503e-14,0,0.1,0.2,1,3.995375627244688
30190,803,-1.0658141036401503e-14,0,0.1,1,1,3.9932596945915404
30330,61,-1.0658141036401503e-14,0,0.1,1,1,3.9952452242053913
30470,734,-1.0658141036401503e-14,0,0.1,1,1,3.995506064527106
30620,418,-1.0658141036401503e-14,0,0.1,1,1,3.9952452242053913
30760,388,-1.0658141036401503e-14,0,0.1,1,1,3.995506064527106
30900,364,8.496250072115611,1,0.1,1,1,3.9952452242053913
31050,924,15.200309344505,2,0.1,1,1,3.9949844960855434
31190,586,-1.0658141036401503e-14,0,0.1,1,1,3.9952452242053913
31330,726,-1.0658141036401503e-14,0,0.1,1,1,3.9956365463927628
31480,515,-1.0658141036401503e-14,0,0.1,1,1,3.9932596945915404
31620,55,-1.0658141036401503e-14,0,0.1,1,1,3.995375627244688
31770,836,-1.0658141036401503e-14,0,0.1,1,1,3.993449717039931
31910,582,-1.0658141036401503e-14,0,0.1,1,1,3.9952452242053913
32050,584,11.119621066822393,1,0.1,1,1,3.9956365463927628
32200,529,11.119621066822393,1,0.1,1,1,3.9952452242053913
32340,994,-1.0658141036401503e-14,0,0.1,1,1,3.9956365463927628
32480,493,-1.0658141036401503e-14,0,0.1,1,1,3.993449717039931
32630,643,-1.0658141036401503e-14,0,0.1,1,1,3.9952452242053913
32770,798,-1.0658141036401503e-14,0,0.1,1,1,3.995375627244688
32920,442,-1.0658141036401503e-14,0,0.1,1,1,3.995375627244688
33060,134,-1.0658141036401503e-14,0,0.1,1,1,3.995375627244688
33200,51,9.632253897119783,1,0.1,1,1,3.9952452242053913
33350,998,-1.0658141036401503e-14,0,0.1,1,1,3.9956365463927628
33490,100,-1.0658141036401503e-14,0,0.1,1,1,3.995506064527106
33630,879,-1.0658141036401503e-14,0,0.1,1,1,3.9952452242053913
33780,423,-1.0658141036401503e-14,0,0.1,1,1,3.995114848676625
33920,87,-1.0658141036401503e-14,0,0.1,1,1,3.993449717039931
34060,743,-1.0658141036401503e-14,0,0.1,1,1,3.993449717039931
34210,441,-1.0658141036401503e-14,0,0.1,1,1,3.9952452242053913
34350,858,15.200309344505,2,0.1,1,1,3.9956365463927628
34500,911,6.875176187496742,1,0.1,1,1,3.9952452242053913
34640,921,-1.0658141036401503e-14,0,0.1,1,1,3.9938299982238346
34780,735,-1.0658141036401503e-14,0,0.1,1,1,3.995375627244688
34930,366,-1.0658141036401503e-14,0,0.1,1,1,3.995114848676625
35070,943,-1.0658141036401503e-14,0,0.1,1,1,3.995375627244688
35210,613,-1.0658141036401503e-14,0,0.1,1,1,3.995114848676625
35360,603,-1.0658141036401503e-14,0,0.1,1,1,3.9930697277037024
35500,149,9.632253897119783,1,0.1,1,1,3.993639810117865
35650,737,-1.0658141036401503e-14,0,0.1,1,1,3.995375627244688
35790,854,-1.0658141036401503e-14,0,0.1,1,1,3.995506064527106
35930,901,-1.0658141036401503e-14,0,0.1,1,1,3.9932596945915404
36080,375,-1.0658141036401503e-14,0,0.1,1,1,3.995506064527106
36220,464,-1.0658141036401503e-14,0,0.1,1,1,3.9930697277037024
36360,684,-1.0658141036401503e-14,0,0.1,1,1,3.993639810117865
36510,285,-1.0658141036401503e-14,0,0.1,1,1,3.995375627244688
36650,894,12.553088208385875,2,0.1,1,1,3.995506064527106
36790,457,7.429708306157887,3,0.1,1,1,3.995375627244688
36940,744,16.528481317123855,5,0.1,1,1,3.99287980656431
37080,538,21.72352971597697,8,0.1,1,1,3.995114848676625
37230,692,28.496468715104562,11,0.1,1,1,3.9953472563192975
37370,829,37.14940782709144,17,0.1,1,1,3.9938385596142
37510,972,40.33050223622056,21,0.1,1,1,3.9948493063191046
37660,418,38.40617808343642,23,0.1,1,1,3.9926539888456967
37800,101,35.571379035534285,24,0.1,1,1,3.992503265483207
37940,51,38.3214905594664,27,0.1,1,1,3.9948563522872362
38090,933,41.36558511341108,31,0.1,1,1,3.992211877598672
38230,418,38.05490557248146,20,0.1,1,1,3.9942560447485045
38370,565,38.17946450709064,22,0.1,1,1,3.9937374391835108
38520,313,41.67031307899467,26,0.1,1,1,3.990926824785966
38660,407,41.98013912187205,28,0.1,1,1,3.9908736477436233
38810,989,45.709148186290236,33,0.1,1,1,3.9896804735889115
38950,932,43.28567961298596,33,0.1,1,1,3.992918011100351
39090,706,40.86221103968168,33,0.1,1,1,3.9918037138630726
39240,91,43.92891896339969,37,0.1,1,1,3.9894150748536417
39380,128,42.28582954194303,37,0.1,1,1,3.9927357241140586
39520,987,44.0088592376935,41,0.1,1,1,3.9911939306721482
39670,994,43.420173774270076,43,0.1,1,1,3.9908970026188815
39810,176,43.84637701167414,45,0.1,1,1,3.991844553081578
39960,841,45.7619921204833,49,0.1,1,1,3.989480199463806
40100,396,46.79962097247909,40,0.1,1,1,3.9927804551330985
40240,994,46.528732335347435,42,0.1,1,1,3.9913217116881095
40390,603,46.754143138559556,47,0.1,1,1,3.984999628427131
40530,680,45.989785108585146,49,0.1,1,1,3.9897018935667976
40670,201,46.19220608516714,52,0.1,1,1,3.9873991422284703
40820,430,46.39396227596095,55,0.1,1,1,3.9876073176811744
40960,636,47.62842715004463,60,0.1,1,1,3.9873567351792274
41100,410,47.93744275100591,65,0.1,1,1,3.9851641755010645
41250,358,46.61258357228642,66,0.1,1,1,3.989814990821476
41390,982,46.08562211461607,59,0.1,1,1,3.99138520079248
41540,804,45.20548045597626,60,0.1,1,1,3.9913465584236305
41680,428,46.68196001590544,65,0.1,1,1,3.9867356095173077
41820,12,46.89627268760608,68,0.1,1,1,3.9872491124952893
41970,993,45.87046425281281,69,0.1,1,1,3.985882172247665
42110,736,46.29956501295947,72,0.1,1,1,3.9903084534023936
42250,445,47.20509499335838,77,0.1,1,1,3.9854030529490627
42400,902,47.05272121595421,81,0.1,1,1,3.9855514233888014
42540,433,46.85268016268194,83,0.1,1,1,3.9873928981491744
42680,843,46.15850474102818,84,0.1,1,1,3.9898530648991555
42830,607,47.452248434423936,89,0.1,1,1,3.9882074489037525
42970,280,47.35202812985598,93,0.1,1,1,-3.988608100556492
43120,415,46.71171993936157,95,0.1,1,1,3.9882187349489437
43260,577,46.65157615966563,84,0.1,1,1,3.9872900532662916
43400,646,46.465196886865755,86,0.1,1,1,3.9897522128389147
43550,922,47.97386417605879,92,0.1,1,1,3.984200166025358
43690,516,47.191611496796746,93,0.1,1,1,3.983460424709119
43830,458,46.943416527945345,95,0.1,1,1,3.982825736028801
43980,643,47.50335198356103,98,0.1,1,1,3.9834084705967627
44120,669,48.07140788112537,96,0.1,1,1,3.987395851730897
44270,206,48.472795323157044,100,0.1,1,1,-3.9858015014101422
44410,410,48.43395385583473,102,0.1,1,1,3.983578476390505
44550,798,48.55368318582898,105,0.1,1,1,3.9827069938309063
44700,60,48.35423407498659,108,0.1,1,1,-3.978910035794145
44840,969,47.927564067825756,104,0.1,1,1,3.9837241119752593
44980,646,48.06775068795311,107,0.1,1,1,3.9860950211328587
45130,754,48.17265181372296,110,0.1,1,1,3.974915793961944
45270,585,48.283177161162065,113,0.1,1,1,-3.9760969215552904
45410,935,47.70043614404853,113,0.1,1,1,3.9748309049874533
45560,690,48.38624826665729,117,0.1,1,1,3.976308513295504
45700,890,48.689585209605745,121,0.1,1,1,3.9805386196716697
45850,959,48.58412690082525,124,0.1,1,1,3.984334890704196
45990,554,47.98635990841593,125,0.1,1,1,3.98213016403418
46130,932,47.79153674369354,117,0.1,1,1,3.9841672994612276
46280,480,48.30496542847499,120,0.1,1,1,3.9858382075590804
46420,945,48.47379801127413,122,0.1,1,1,-3.971681968144819
46560,277,48.492182802784676,124,0.1,1,1,3.9793932987818375
46710,272,48.540521643896064,126,0.1,1,1,-3.979633535538933
46850,1002,48.51094647448413,128,0.1,1,1,3.9810183236975303
46990,965,47.78216467220977,128,0.1,1,1,3.9791783710814683
47140,453,47.98932088993438,131,0.1,1,1,3.9795279453700947
47280,614,47.97998455700371,133,0.1,1,1,3.983749341640904
47430,894,47.87927629935448,136,0.1,1,1,3.983254761032798
47570,72,48.46857774152527,129,0.1,1,1,3.982256762579293
47710,551,48.38455398275086,131,0.1,1,1,3.979279768365644
47860,296,48.76282644156401,134,0.1,1,1,3.9779220620725275
48000,332,48.51766508488566,135,0.1,1,1,-3.978574931628026
48140,160,47.999720237196925,135,0.1,1,1,3.977315275465329
48290,241,48.62187150650188,139,0.1,1,1,-3.9772551775597025
48430,155,48.361446676718245,141,0.1,1,1,-3.978536807843981
48580,285,48.35127678553393,143,0.1,1,1,3.978976274828542
48720,53,48.33126523405963,145,0.1,1,1,3.9763451698117684
48860,584,48.682359900273724,148,0.1,1,1,3.9800951519085617
49010,831,48.31145758045227,150,0.1,1,1,-3.9800013777038408
49150,778,48.316537177276565,152,0.1,1,1,3.9803555300770017
49290,58,48.655424456458505,143,0.1,1,1,-3.9756266256494697
49440,361,48.34007704676665,144,0.1,1,1,3.9817115558472116
49580,534,48.592651602058794,147,0.1,1,1,-3.965931773124418
49720,946,48.558067933060826,150,0.1,1,1,-3.9700193505686876
49870,846,48.25930122008447,151,0.1,1,1,3.9751455580069304
50010,521,48.49434065564652,153,0.1,1,1,3.970214789176124
50160,217,48.83690770598609,156,0.1,1,1,3.968776300635515
50300,41,48.466774196979564,157,0.1,1,1,-3.9694140813065815
50440,616,48.572475181819456,160,0.1,1,1,-3.976412754517521
50590,717,48.31106101881917,161,0.1,1,1,3.9733851251020296
50730,549,48.11195349476249,163,0.1,1,1,3.97894902118498
50870,282,48.65386536286933,166,0.1,1,1,-3.977050052531728
51020,701,48.56661405971591,168,0.1,1,1,-3.9741769457448894
51160,856,48.65494533629101,157,0.1,1,1,-3.9775423049007927
51300,885,48.444270459125285,158,0.1,1,1,3.9761585229954632
51450,987,48.79448808892325,162,0.1,1,1,3.9731684510088585
51590,886,48.5731117576172,164,0.1,1,1,-3.9654062902196014
51740,405,48.28548881633506,165,0.1,1,1,3.9710381516698403
51880,252,48.668661764387494,169,0.1,1,1,-3.9709020207603953
52020,408,48.61763431002273,171,0.1,1,1,-3.969374527331635
52170,554,48.40144619106277,172,0.1,1,1,3.967883411903833
52310,497,48.252717533814284,173,0.1,1,1,3.970908877001323
52450,1005,48.357668260517684,175,0.1,1,1,3.9772151452436155
52600,119,48.23779201782939,166,0.1,1,1,3.976355913816331
52740,302,48.417846118248185,168,0.1,1,1,3.9785868737214964
52890,953,48.65297846376346,171,0.1,1,1,-3.963856870951235
53030,474,48.672867717381,173,0.1,1,1,-3.969279934044287
53170,283,48.739584340497785,175,0.1,1,1,-3.971644921167707
53320,10,48.7154021366186,176,0.1,1,1,-3.9726187019326944
53460,385,48.351296673683095,176,0.1,1,1,3.972289545806137
53600,140,48.69908835064459,179,0.1,1,1,3.970347161180429
53750,179,48.75210793502045,181,0.1,1,1,-3.9709485467842596
53890,458,48.521653624277405,182,0.1,1,1,3.9683159377049577
54030,270,48.65457615333853,184,0.1,1,1,-3.9737043458831045
54180,460,48.55358005152212,186,0.1,1,1,-3.9754713410075677
54320,710,48.23453572218468,174,0.1,1,1,3.9742022336830574
54470,939,48.35492010356269,176,0.1,1,1,3.9688489559858384
54610,810,48.76268760535598,180,0.1,1,1,3.9673503368213177
54750,702,48.723459012099845,182,0.1,1,1,-3.9623651862630407
54900,924,48.70842941785247,184,0.1,1,1,-3.965612205022454
55040,256,48.59675772379488,180,0.1,1,1,3.97198309080787
55180,248,48.73191574912001,182,0.1,1,1,-3.973417141945765
55330,822,48.56247310179764,183,0.1,1,1,3.9574030389103982
55470,29,48.745018501501555,185,0.1,1,1,-3.955357047345315
55620,37,48.360709214542,185,0.1,1,1,3.957579060639977
55760,494,48.69072695348618,188,0.1,1,1,3.9584916751603543
55900,166,48.433728934108444,189,0.1,1,1,3.959716826336289
56050,363,48.594567050196225,192,0.1,1,1,-3.957773860288975
56190,205,48.48084576017743,193,0.1,1,1,3.9617673676715333
56330,279,48.750809703095655,196,0.1,1,1,-3.9643292941815504
56480,1021,48.567682863352495,198,0.1,1,1,-3.970112150307767
56620,71,48.642535840847955,189,0.1,1,1,3.971458437331223
56760,510,48.884943833404385,192,0.1,1,1,-3.9767706586719904
56910,823,48.73146514805798,193,0.1,1,1,3.9525633733717047
57050,431,48.569239142269794,194,0.1,1,1,3.962226676927336
57200,833,48.39799929255974,195,0.1,1,1,3.9569027092960716
57340,731,48.45906255546342,197,0.1,1,1,3.960256832367747
57480,186,48.925356562355695,201,0.1,1,1,-3.9601143658499676
57630,753,48.68946110754372,202,0.1,1,1,-3.9592727529220326
57770,79,48.52140103919532,203,0.1,1,1,3.961351054854762
57910,201,48.68380987447597,205,0.1,1,1,-3.9731941161994624
58060,571,48.70415043355252,207,0.1,1,1,3.972688269579717
58200,640,48.50662967846431,208,0.1,1,1,3.972514445115611
58340,88,48.837639098261526,198,0.1,1,1,-3.9701039425711286
58490,152,49.0387680801652,200,0.1,1,1,-3.975690387559597
58630,152,48.63237969239428,200,0.1,1,1,-3.9543527959749647
58780,203,48.527168186973576,201,0.1,1,1,3.9670585818860338
58920,221,48.7699538550531,204,0.1,1,1,-3.9616210628049244
59060,849,48.84713858793544,206,0.1,1,1,3.9689479218786015
59210,439,48.603965609844366,207,0.1,1,1,-3.9707135169289476
59350,252,49.013204128696586,203,0.1,1,1,-3.971207009734083
59490,252,48.74907571427783,203,0.1,1,1,-3.9733361700569088
59640,834,48.45536784153963,203,0.1,1,1,3.95681949102001
59780,136,48.64393716840441,205,0.1,1,1,-3.9613200169186196
59930,347,48.720495412302874,207,0.1,1,1,-3.9648461083523214
60070,176,48.6679297050961,208,0.1,1,1,-3.9602946498040525
60210,580,48.32467857803146,208,0.1,1,1,3.9687915194000953
60360,193,48.55916847771597,211,0.1,1,1,3.9689082704621397
60500,233,48.676964614442646,213,0.1,1,1,3.9693999294519724
60640,253,48.769653905187155,206,0.1,1,1,-3.971810392884129
60790,993,48.505070764548336,206,0.1,1,1,3.9748907479769944
60930,290,48.47718999472509,207,0.1,1,1,3.9451512996281144
61070,422,48.631760549382086,209,0.1,1,1,3.9613801380237206
61220,556,48.8625828564991,211,0.1,1,1,-3.9521410772155203
61360,545,48.589821872952044,211,0.1,1,1,3.9593679348006527
61510,123,48.853774810604406,214,0.1,1,1,-3.9631175356249577
61650,364,48.55192593687395,215,0.1,1,1,-3.9624274353425832
61790,224,48.315652107332326,207,0.1,1,1,3.9702078931703126
61940,798,48.960809085971924,212,0.1,1,1,-3.9676553974743434
62080,874,48.87023359157211,213,0.1,1,1,-3.9572003536926563
62220,394,48.72709760491511,214,0.1,1,1,-3.9540030933162296
62370,509,48.68689050511413,216,0.1,1,1,-3.9591265852538884
62510,470,48.64806327935243,217,0.1,1,1,3.9574333881249117
62650,56,48.91226641037353,219,0.1,1,1,-3.9573302341010343
62800,528,48.87851330640458,220,0.1,1,1,-3.9634403209257707
62940,506,48.85159299868958,222,0.1,1,1,-3.954818856495148
63090,1001,48.745374593650105,214,0.1,1,1,-3.9674248176276383
63230,654,48.92912408762216,216,0.1,1,1,-3.9687621737097163
63370,120,49.10562146357501,218,0.1,1,1,-3.9438405943963692
63520,120,48.86032620805461,218,0.1,1,1,-3.9561483100871477
63660,746,48.81364073808731,219,0.1,1,1,3.957171717051317
63800,374,48.92962029429226,221,0.1,1,1,3.958636080603241
63950,594,48.806609456635606,222,0.1,1,1,-3.9606742207199437
64090,232,48.78584336458116,223,0.1,1,1,-3.960240011391281
64240,848,48.67984712266636,224,0.1,1,1,-3.953862680062551
64380,345,48.85006990601439,226,0.1,1,1,-3.959442329294821
64520,361,48.7619120213842,227,0.1,1,1,-3.9551446807976904
64670,607,48.97990590408472,230,0.1,1,1,-3.963117776520132
64810,557,48.90473407934777,231,0.1,1,1,3.9637185937986934
64950,187,48.86564656181703,233,0.1,1,1,-3.9627051882735107
65100,988,48.94361183272649,221,0.1,1,1,-3.965443703033426
65240,671,48.96954288298336,223,0.1,1,1,-3.9714934640383723
65380,567,48.90350331728459,224,0.1,1,1,-3.9373384590867975
65530,550,48.66611091922993,224,0.1,1,1,3.9439274995606755
65670,639,48.95882007660184,227,0.1,1,1,-3.954818086427793
65820,2,48.698593147121734,227,0.1,1,1,3.9573842378111928
65960,363,48.82197637879361,229,0.1,1,1,-3.9569272929552235
66100,424,48.7808655929472,230,0.1,1,1,-3.9607956289281265
66250,336,48.752288207007155,231,0.1,1,1,-3.9526711839668804
66390,18,48.691896958715084,232,0.1,1,1,-3.961832016542015
66530,566,48.582643685791346,233,0.1,1,1,3.9654766686193588
66680,280,48.97678846147646,224,0.1,1,1,-3.9601021035484893
66820,283,49.11192430704236,226,0.1,1,1,-3.968444838796654
66960,283,48.873588910449186,226,0.1,1,1,-3.9378884520012223
67110,540,49.07340552848722,228,0.1,1,1,-3.9528602116088902
67250,540,48.841224995798164,228,0.1,1,1,-3.957537931761245
67400,152,49.09796764223185,230,0.1,1,1,-3.956851214878101
67540,152,48.84124369245243,230,0.1,1,1,-3.9565124934638347
67680,357,48.50113568904818,230,0.1,1,1,3.960581011751219
67830,884,48.7630999235339,224,0.1,1,1,-3.9603113466654682
67970,643,48.76279446718576,225,0.1,1,1,3.969150169482028
68110,10,48.94838397652736,227,0.1,1,1,-3.940670799922489
68260,175,48.828073570615466,228,0.1,1,1,-3.9524250495011706
68400,719,48.75906285984723,229,0.1,1,1,3.946439774324599
68550,275,48.875397073009154,231,0.1,1,1,-3.9467360655973245
68690,255,48.85835769667221,233,0.1,1,1,-3.9443558336245066
68830,656,48.851639289146185,234,0.1,1,1,-3.94584316476047
68980,789,48.790298726427054,235,0.1,1,1,-3.9498041545068383
69120,603,48.891749451791505,237,0.1,1,1,-3.96084794179665
69260,214,48.8200897232432,238,0.1,1,1,3.960276537225511
69410,765,48.82700718724044,240,0.1,1,1,-3.9616060705800415
69550,175,48.83064116383922,229,0.1,1,1,-3.9517788895897277
69690,139,48.840575524796314,230,0.1,1,1,-3.9643674323298854
69840,549,48.62073089494073,230,0.1,1,1,3.9434832793040027
69980,287,48.973089203677056,233,0.1,1,1,-3.9324166887692154
70130,817,48.88368383505617,234,0.1,1,1,-3.9336814557175788
70270,201,48.83508954664763,235,0.1,1,1,-3.9363693421131805
70410,248,49.062057557126955,237,0.1,1,1,-3.943797440527713
70560,248,48.83358055595137,237,0.1,1,1,-3.9437482860075543
70700,202,48.83004026544066,238,0.1,1,1,-3.942213642943256
70840,62,49.00847294989317,240,0.1,1,1,-3.9558691098327134
70990,62,48.79433293836549,240,0.1,1,1,-3.9558281634970043
71130,474,48.94387499609897,242,0.1,1,1,-3.954158881389833
71280,862,48.966265577040886,244,0.1,1,1,-3.9531709171111067
71420,225,48.722697469070724,244,0.1,1,1,3.953735014359951
71560,635,48.838206367678616,246,0.1,1,1,-3.944580728915876
71710,426,48.71974910312178,247,0.1,1,1,-3.9583693642976336
71850,447,49.03570924394205,250,0.1,1,1,-3.957115022828003
71990,447,48.70693621387114,250,0.1,1,1,-3.9521415504140047
72140,1003,48.537141409776275,251,0.1,1,1,3.959915152772235
72280,187,49.0492526936108,236,0.1,1,1,-3.9538079643477126
72420,187,48.803699901695445,236,0.1,1,1,-3.9684938158651044
72570,674,48.59287595107581,236,0.1,1,1,3.93162380477456
72710,363,48.62577500725557,237,0.1,1,1,3.9400191665194697
72860,304,48.82503882485309,239,0.1,1,1,-3.9524951617966733
73000,169,48.80257459655264,240,0.1,1,1,-3.9530280176311727
73140,538,48.9869983355588,242,0.1,1,1,-3.9598238320177
73290,856,49.052710465057956,244,0.1,1,1,-3.9591682233560497
73430,856,48.84596919062897,236,0.1,1,1,-3.9629380370696565
73570,788,48.86027792797427,237,0.1,1,1,-3.9631327185392653
73720,436,48.81976671646172,238,0.1,1,1,-3.929854620626833
73860,1022,48.895412213855195,240,0.1,1,1,-3.9302457739834056
74000,968,48.88105127964825,241,0.1,1,1,-3.937384268781062
74150,30,49.05156020287645,243,0.1,1,1,-3.949420396102112
74290,30,48.79508444470919,243,0.1,1,1,-3.9506032329820706
74440,244,48.88399763379681,245,0.1,1,1,-3.9431582503948857
74580,861,48.96539319449104,247,0.1,1,1,-3.9423324325181595
74720,427,48.84491248711629,248,0.1,1,1,-3.944545341797582
74870,957,48.91345114909541,250,0.1,1,1,-3.9553391238131783
75010,129,48.6304412443675,250,0.1,1,1,3.9463209685255953
75150,22,48.77145348372957,252,0.1,1,1,-3.954591648753049
75300,168,48.84928593880582,240,0.1,1,1,-3.963655211690661
75440,506,48.95525471166577,242,0.1,1,1,-3.969500557308045
75590,737,48.72700945644279,242,0.1,1,1,3.926130676077626
75730,620,48.872105307216074,244,0.1,1,1,-3.930996024977283
75870,337,48.904290412170944,245,0.1,1,1,-3.9359071352557082
76020,939,48.81138623353387,246,0.1,1,1,-3.9368098214523113
76160,307,48.765339205931866,247,0.1,1,1,-3.9464405048239586
76300,116,48.76072654419263,248,0.1,1,1,-3.93957688522023
76450,392,48.87711529689526,249,0.1,1,1,3.9405597246360533
76590,47,48.86095829884273,250,0.1,1,1,-3.9393277440883563
76730,81,48.90222447982479,251,0.1,1,1,-3.9512015925722674
76880,599,48.84288547218936,252,0.1,1,1,-3.951681429203224
77020,531,48.82735194477965,253,0.1,1,1,-3.9527470480569704
77170,111,48.766779880672985,254,0.1,1,1,-3.9554639657558757
77310,914,48.784657093435825,255,0.1,1,1,3.957555870715208
77450,274,48.79309634769532,256,0.1,1,1,-3.957616155279534
77600,204,48.862346046922056,258,0.1,1,1,-3.9562951384958924
77740,795,48.876085645439424,260,0.1,1,1,-3.961014827006489
77880,817,48.87079683508653,243,0.1,1,1,-3.9538149389208073
78030,717,48.877034685293616,244,0.1,1,1,-3.9542187555895225
78170,723,48.871063201167615,245,0.1,1,1,-3.9264354577694967
78310,618,48.88789809783097,246,0.1,1,1,3.940550595842944
78460,493,48.859432381970265,247,0.1,1,1,-3.944077175720284
78600,76,48.87259369190947,248,0.1,1,1,-3.9310971671740713
78750,564,48.900010268007776,249,0.1,1,1,-3.945426173035975
78890,710,48.623077786659294,249,0.1,1,1,3.9388772261173903
79030,799,48.92363742495597,252,0.1,1,1,-3.94766119971636
79180,768,48.665137169551535,252,0.1,1,1,3.9461798611422476
79320,413,48.800104599434604,254,0.1,1,1,-3.9534158953943974
79460,586,48.78559167445256,255,0.1,1,1,3.960558544064789
79610,891,48.88344970566885,245,0.1,1,1,-3.9621869487355657
79750,545,48.69896650834371,245,0.1,1,1,3.965941968325827
79900,197,48.69453167125173,246,0.1,1,1,3.929945149403495
80040,437,48.66434574653153,247,0.1,1,1,3.946275339762755
80180,664,48.98296867172798,249,0.1,1,1,-3.935201156647553
80330,75,48.98485657216258,250,0.1,1,1,-3.9360029587349095
80470,28,49.22954115959795,252,0.1,1,1,-3.9491960028547832
80610,28,49.02081026920731,252,0.1,1,1,-3.9487243909462144
80760,28,48.79271118127046,252,0.1,1,1,-3.951654073722543
80900,248,49.169027986572026,255,0.1,1,1,-3.952057702673774
81040,248,48.9487472442491,255,0.1,1,1,-3.9558022953884824
81190,131,48.72605392105826,255,0.1,1,1,3.9538309553363487
81330,721,48.72103172576698,256,0.1,1,1,3.9543691363996385
81480,1021,48.86865160280076,259,0.1,1,1,-3.954822002802795
81620,744,48.82850309808416,260,0.1,1,1,-3.9545987516345407
81760,95,48.89665464510721,262,0.1,1,1,-3.9472169988928116
81910,220,48.97096608635179,264,0.1,1,1,-3.9565487678952613
82050,424,49.02815500761825,248,0.1,1,1,-3.964220597806497
82190,424,48.82609699225749,248,0.1,1,1,-3.9655749884897036
82340,865,48.62125037902905,248,0.1,1,1,3.9181278044937864
82480,90,48.926264752808734,250,0.1,1,1,-3.9283684857802035
82620,23,48.89466861738533,251,0.1,1,1,-3.92926143912512
82770,112,48.94353728652772,252,0.1,1,1,-3.9353813712283774
82910,712,48.93565874959774,253,0.1,1,1,3.9384018870945376
83060,137,48.99756634029175,247,0.1,1,1,-3.9494237205666862
83200,917,48.99297660900402,248,0.1,1,1,3.943399460219707
83340,337,48.98222326820719,249,0.1,1,1,-3.9181659093404275
83490,757,48.95203634097638,250,0.1,1,1,-3.92236882735354
83630,528,48.99677069548987,251,0.1,1,1,-3.9292313575794053
83770,457,48.91760539577583,252,0.1,1,1,-3.9420880360820396
83920,169,48.86762313326659,253,0.1,1,1,-3.936581334721204
84060,415,49.02749992018966,255,0.1,1,1,-3.9409079309257216
84210,415,48.811986474219935,255,0.1,1,1,-3.9427399871881703
84350,555,48.92755645098351,257,0.1,1,1,3.9521177158918683
84490,310,48.83222232168467,258,0.1,1,1,-3.9534447747193044
84640,767,48.87304355112149,260,0.1,1,1,-3.9474732214028405
84780,87,48.740060296257525,261,0.1,1,1,-3.9462906064944203
84920,529,48.87153412869996,263,0.1,1,1,-3.955940506462206
85070,45,48.9154930115724,250,0.1,1,1,-3.953268031445943
85210,650,48.98178603390356,251,0.1,1,1,3.9669969514568053
85350,117,48.93943825285343,252,0.1,1,1,-3.9175749111385336
85500,751,48.89996659812012,253,0.1,1,1,-3.9189651383588413
85640,856,49.04314585372038,255,0.1,1,1,-3.9324255438136233
85790,856,48.85330055330012,255,0.1,1,1,-3.9428578257164784
85930,237,48.7915996727846,256,0.1,1,1,-3.9365191199509915
86070,365,48.769154515332964,257,0.1,1,1,3.9476796904928837
86220,61,48.932803318193606,259,0.1,1,1,-3.93782372007912
86360,586,48.919064339353866,260,0.1,1,1,3.951500945119741
86500,182,48.802081852249735,261,0.1,1,1,-3.9419602339436843
86650,815,48.72002978024868,262,0.1,1,1,3.9452436684271013
86790,552,48.715262435502275,263,0.1,1,1,-3.9499941080834517
86930,221,49.09236781561819,253,0.1,1,1,-3.947729496172063
87080,221,48.91098416944024,253,0.1,1,1,-3.964379603148339
87220,751,48.86320608992855,254,0.1,1,1,-3.9138895291255107
87370,18,48.968183821549445,255,0.1,1,1,-3.920907752685904
87510,948,48.93822568447711,256,0.1,1,1,3.922130895518535
87650,348,49.12621350651572,258,0.1,1,1,-3.9256598430991123
87800,348,48.90233851481142,258,0.1,1,1,-3.9338011138721534
87940,261,48.69737313564755,258,0.1,1,1,3.9429349180398527
88080,218,49.053138827943705,261,0.1,1,1,-3.9347697985375882
88230,218,48.81144141874892,261,0.1,1,1,-3.951248453754727
88370,61,48.98547224177349,263,0.1,1,1,-3.953862820653573
88520,787,48.82967474243171,264,0.1,1,1,-3.958076221171091
88660,904,48.800646360950665,265,0.1,1,1,3.956118884864945
88800,317,48.831921224123455,267,0.1,1,1,-3.953735575261913
88950,22,48.93147924285257,254,0.1,1,1,-3.952051874805102
89090,229,48.73872651396986,254,0.1,1,1,3.95436693923078
89230,1021,48.83307456569801,256,0.1,1,1,-3.911314795080264
89380,808,48.855640804308536,257,0.1,1,1,-3.925205098918521
89520,26,49.152432883266115,259,0.1,1,1,-3.926667899916395
89660,26,48.91764401694544,259,0.1,1,1,-3.9284262683862017
89810,699,49.036961910413844,261,0.1,1,1,-3.9315058161810033
89950,699,48.85503988285385,261,0.1,1,1,-3.937532054464166
90100,842,48.85482491545004,262,0.1,1,1,-3.9445632903182144
90240,978,48.80456809125283,263,0.1,1,1,-3.945575720386253
90380,330,48.81064981804977,264,0.1,1,1,-3.9489027373184347
90530,729,48.9145168527729,266,0.1,1,1,-3.955123183246763
90670,183,48.80355203208543,267,0.1,1,1,-3.955102191203852
90810,1015,48.769818593844946,255,0.1,1,1,3.9604479819510616
90960,601,48.972382302305626,257,0.1,1,1,-3.9628205674695933
91100,560,48.95858259439888,258,0.1,1,1,-3.916894915151807
91250,884,48.9105822880111,259,0.1,1,1,-3.9324672136003542
91390,21,48.940206125658925,260,0.1,1,1,-3.9392982875294384
91530,491,48.875549416277416,261,0.1,1,1,-3.9515383980352445
91680,786,48.865228834295735,262,0.1,1,1,-3.952870753838292
91820,377,48.93908003665528,264,0.1,1,1,-3.9524035301199905
91960,725,48.93020833873826,257,0.1,1,1,-3.9555960777900157
92110,725,48.94046424814857,258,0.1,1,1,3.9451461165828947
92250,970,48.95726394053112,259,0.1,1,1,-3.9161017798868882
92390,623,48.89451807774083,260,0.1,1,1,-3.9202118719031183
92540,684,48.906517232906786,261,0.1,1,1,-3.932462277391795
92680,364,48.91926960546975,262,0.1,1,1,-3.929663086757643
92830,147,48.932065123679685,263,0.1,1,1,-3.9438366651207146
92970,428,48.856566793147245,264,0.1,1,1,-3.9429965812461325
93110,222,49.053148608575455,266,0.1,1,1,-3.9490546226163383
93260,222,48.732008415427764,266,0.1,1,1,-3.9424319410018547
93400,602,49.054673063025014,258,0.1,1,1,-3.9537368447545385
93540,602,48.91322523415996,258,0.1,1,1,-3.967539923153185
93690,293,48.7233799337397,258,0.1,1,1,3.9132068906965056
93830,989,48.873185170752606,260,0.1,1,1,-3.931210866615448
93970,343,48.810563210873426,261,0.1,1,1,-3.924154246616809
94120,178,48.81537537423727,262,0.1,1,1,-3.9422677601115335
94260,605,48.996149049828134,264,0.1,1,1,3.937316905171609
94410,20,49.02582408338574,265,0.1,1,1,-3.9348894494919704
94550,20,48.78439429976923,265,0.1,1,1,-3.942580200329489
94690,341,48.7446268407089,266,0.1,1,1,3.9568837694944445
94840,619,48.824043291464974,268,0.1,1,1,-3.95803391572837
94980,60,49.104271652855545,259,0.1,1,1,-3.958793984668532
95120,60,48.92234962529555,259,0.1,1,1,-3.9624843069759526
95270,576,48.75022783391801,259,0.1,1,1,3.9173207045216776
95410,176,48.805888280874846,260,0.1,1,1,-3.921123144070409
95560,601,49.0015269047866,262,0.1,1,1,-3.942708980408105
95700,601,48.74763430864942,262,0.1,1,1,-3.934343582169485
95840,853,48.71272654372433,263,0.1,1,1,3.9523615423308534
95990,728,48.93515361694896,265,0.1,1,1,-3.9418031006232215
96130,635,49.00328891208047,267,0.1,1,1,-3.9552952924074827
96270,635,48.77261080190315,267,0.1,1,1,-3.9533533122100657
96420,916,48.81782578628768,258,0.1,1,1,3.955192251098608
96560,987,48.93628690016063,260,0.1,1,1,-3.956253955455694
96700,9,49.06127157114731,261,0.1,1,1,-3.9128891554517127
96850,9,48.90331133753505,261,0.1,1,1,-3.9196650955735834
96990,758,48.89432133261892,262,0.1,1,1,-3.936770813384304
97140,774,48.74011296041089,262,0.1,1,1,3.9379473045624427
97280,758,48.96477927260996,264,0.1,1,1,-3.9386088214513
97420,813,48.91583705196501,265,0.1,1,1,-3.9365414396369744
97570,916,48.89386006063954,266,0.1,1,1,-3.937928919654453
97710,522,49.01039812919991,267,0.1,1,1,-3.929717103792547
97850,522,48.81256169250507,267,0.1,1,1,-3.9296873068605773
98000,104,48.88881569424631,268,0.1,1,1,3.940908970677535
98140,362,48.876485478100555,269,0.1,1,1,-3.949632990066892
98280,164,48.650134990935086,269,0.1,1,1,3.9391175071796285
98430,46,48.830355170917976,271,0.1,1,1,-3.9503975360469115
98570,405,48.89151206563831,257,0.1,1,1,-3.9554902711129696
98720,883,48.89274185439299,258,0.1,1,1,-3.9644182372512424
98860,294,48.700876736524386,258,0.1,1,1,3.8978826978862626
99000,149,49.02727363591097,260,0.1,1,1,-3.9064278862226334
99150,149,48.85340441375157,260,0.1,1,1,-3.9248876014221077
99290,1002,48.794067795035154,261,0.1,1,1,-3.9372126889287093
99430,47,48.81092675848804,262,0.1,1,1,3.94324349249682
99580,360,48.85611753005082,263,0.1,1,1,-3.9328886549371296
99720,956,48.992394734670135,265,0.1,1,1,-3.947220656446549
99870,760,49.05728318565695,267,0.1,1,1,-3.9461118490049945
100010,760,48.85847777607451,267,0.1,1,1,-3.9445520266503014
100150,201,48.919000193738434,268,0.1,1,1,3.939092341844128
100300,142,48.88061545185648,269,0.1,1,1,-3.9498592894209197
100440,968,48.807233094380095,270,0.1,1,1,-3.9495345365753196
100580,458,48.79435404909219,271,0.1,1,1,-3.9402571640715616
100730,421,48.540700454820616,271,0.1,1,1,3.943738038668122
100870,239,48.87701842128999,257,0.1,1,1,-3.95345398968741
101010,632,49.15401508180949,259,0.1,1,1,-3.9598759751888113
101160,632,48.980957393596995,259,0.1,1,1,-3.9022638384406396
101300,246,49.0054121753191,260,0.1,1,1,-3.9104401870290375
101450,246,48.82214705228585,260,0.1,1,1,-3.917409466095214
101590,205,48.76946989820578,261,0.1,1,1,-3.936393856005098
101730,602,48.91738250510527,263,0.1,1,1,-3.9459450133115532
101880,422,48.66007528734175,263,0.1,1,1,3.9415809694269135
102020,528,48.841816339003515,256,0.1,1,1,-3.944992345534347
102160,721,48.8889330442273,257,0.1,1,1,3.960392889384187
102310,279,48.93641791881469,258,0.1,1,1,-3.9163604386151776
102450,148,48.970228006250636,259,0.1,1,1,-3.920482678935366
102590,652,48.994580656914344,260,0.1,1,1,-3.9311495696258154
102740,301,48.989792941340816,261,0.1,1,1,-3.9285834589218456
102880,339,48.93077426706319,262,0.1,1,1,-3.943291491566208
103030,561,48.88344109979926,263,0.1,1,1,-3.9437725395100145
103170,442,48.9952230662045,265,0.1,1,1,-3.936521873440312
103310,705,48.729613738009505,265,0.1,1,1,3.9416831270761654
103460,414,49.08930522536814,268,0.1,1,1,-3.9557241847036373
103600,414,48.94785739650309,257,0.1,1,1,-3.9615150644091583
103740,703,49.066753079245196,259,0.1,1,1,-3.9599206446131623
103890,703,48.90690419056097,259,0.1,1,1,-3.900467041372931
104030,463,48.86207352070699,260,0.1,1,1,-3.932898641889854
104180,442,49.04638370607232,262,0.1,1,1,-3.938630394975846
104320,442,48.88406426840887,262,0.1,1,1,-3.9260432700751946
104460,123,49.08331772467725,264,0.1,1,1,-3.93925894996728
104610,123,48.92210899428716,264,0.1,1,1,-3.9395002912764063
104750,1001,48.9218575705856,265,0.1,1,1,3.928071885161728
104890,719,48.84778759851519,266,0.1,1,1,-3.939112455519914
105040,363,48.83523036669282,267,0.1,1,1,-3.9427128475163244
105180,703,48.89493721215372,269,0.1,1,1,-3.9343540567537807
105320,952,48.99303181165534,271,0.1,1,1,-3.9471265798691966
105470,398,48.97333469771755,272,0.1,1,1,-3.9370286040095466
105610,974,48.89992140108017,273,0.1,1,1,3.9382622522127617
105760,780,48.918850331064796,274,0.1,1,1,-3.947923111035967
105900,696,49.08337576961815,276,0.1,1,1,-3.940726356763507
106040,696,48.8576155646976,276,0.1,1,1,-3.9484688590930404
106190,401,48.86379509582789,277,0.1,1,1,-3.95079270399679
106330,866,48.63190061027974,277,0.1,1,1,3.955383859835935
106470,615,48.39519918247452,277,0.1,1,1,3.953121738828748
106620,816,48.776011671401086,280,0.1,1,1,-3.95646352585515
106760,901,48.62120319919389,258,0.1,1,1,3.9572708507601035
106910,540,48.99265147304826,260,0.1,1,1,-3.963844197131357
107050,347,49.14468328538819,262,0.1,1,1,-3.908454021139549
107190,347,48.97819947730411,262,0.1,1,1,-3.911096580684984
107340,863,49.09954756125451,264,0.1,1,1,-3.908124321152178
107480,863,48.92238366212408,264,0.1,1,1,-3.914405132002671
107620,176,48.97341108470195,265,0.1,1,1,-3.9282337548712483
107770,729,49.10162213061785,267,0.1,1,1,-3.919175070330325
107910,729,48.95350695279676,267,0.1,1,1,-3.923704182487484
108050,521,48.987433665893604,268,0.1,1,1,-3.9218953844497624
108200,137,48.99706078125359,269,0.1,1,1,-3.9341088630722902
108340,301,48.98405254248015,270,0.1,1,1,-3.927295836888892
108490,53,48.95685740122108,271,0.1,1,1,-3.9324805098745608
108630,767,49.01952967866365,273,0.1,1,1,-3.945990711489232
108770,767,48.83019802239974,273,0.1,1,1,-3.934513392097855
108920,564,48.79824739778819,274,0.1,1,1,-3.9445369202905773
109060,639,48.84203662983455,276,0.1,1,1,-3.9475485682234113
109200,1018,48.84657603525756,278,0.1,1,1,-3.9425005808146083
109350,88,49.20362393702267,262,0.1,1,1,-3.9604788443731542
109490,88,49.029754714863266,262,0.1,1,1,-3.964017417491217
109630,88,48.88858231744402,262,0.1,1,1,-3.9090892180109647
109780,679,48.70531719441077,262,0.1,1,1,3.9177648968675247
109920,344,48.986862373395425,264,0.1,1,1,-3.931085357849045
110070,980,48.967935506587054,265,0.1,1,1,-3.9216550639877408
110210,544,48.77200942708223,265,0.1,1,1,3.9329691651879837
110350,15,48.81633138868866,266,0.1,1,1,-3.9429565808380937
110500,511,48.962463246219166,269,0.1,1,1,-3.949180355664946
110640,13,48.91755305873136,270,0.1,1,1,-3.9482829563906923
110780,665,49.06588228568445,272,0.1,1,1,-3.944122540230463
110930,665,48.85178702970879,272,0.1,1,1,-3.9459553162311467
111070,493,48.792276963407275,273,0.1,1,1,-3.954228185944211
111220,730,48.91647353045714,275,0.1,1,1,-3.9531619345526936
111360,365,48.92454023620825,262,0.1,1,1,-3.9538140797705017
111500,812,48.96283156635549,263,0.1,1,1,3.958274360829557
111650,245,48.945986558146714,264,0.1,1,1,-3.909441070798888
111790,859,49.09062677325915,266,0.1,1,1,-3.917833994241717
111930,859,48.91499317436167,266,0.1,1,1,-3.9180379774264167
112080,903,48.72603239543408,266,0.1,1,1,3.9328830188929427
112220,61,48.96532301478791,268,0.1,1,1,-3.918526531665017
112360,957,49.110163082871736,270,0.1,1,1,-3.923828246667947
112510,957,48.95289964793508,270,0.1,1,1,-3.925529239854472
112650,363,48.91008694461523,271,0.1,1,1,-3.936250692341792
112800,311,48.87067399576126,272,0.1,1,1,-3.937691203636268
112940,52,48.95018516612734,273,0.1,1,1,-3.9283415949679954
113080,166,48.73299589003249,273,0.1,1,1,3.929336068844397
113230,586,48.948378679906135,275,0.1,1,1,-3.942560457272278
113370,679,48.770307526853635,275,0.1,1,1,3.93294268519436
113510,764,49.05650921333759,278,0.1,1,1,-3.9352657343831345
113660,764,48.81069189077875,278,0.1,1,1,-3.944486416241598
113800,844,48.80426708005833,279,0.1,1,1,-3.9470715463568733
113940,540,49.04666217067897,281,0.1,1,1,-3.9400775844731557
114090,540,48.74764625998785,281,0.1,1,1,-3.952012719540498
114230,253,48.83755555204556,283,0.1,1,1,-3.953991672412365
114380,811,48.83109981234839,263,0.1,1,1,-3.949749048155523
114520,95,49.02822546300868,265,0.1,1,1,-3.9599965789264906
114660,95,48.83472696246169,265,0.1,1,1,-3.921610121756728
114810,907,48.849900645890166,266,0.1,1,1,3.938044850264259
114950,360,48.90816373923394,267,0.1,1,1,-3.9254696480384204
115090,153,49.12593422279218,269,0.1,1,1,-3.9245685251391205
115240,153,48.90485610484599,269,0.1,1,1,-3.9398376362420846
115380,972,48.85742615722814,270,0.1,1,1,-3.9286417020555446
115530,412,49.02925459168844,272,0.1,1,1,-3.9340186914243365
115670,412,48.820103170931134,272,0.1,1,1,-3.93200112287871
115810,158,49.01703182524195,274,0.1,1,1,-3.9327409967394003
115960,158,48.78673775200652,274,0.1,1,1,-3.952146290471873
116100,16,49.03600777662703,263,0.1,1,1,-3.9510493174911416
116240,16,48.890750681179185,263,0.1,1,1,-3.9561873342224514
116390,745,48.89773350447594,264,0.1,1,1,-3.9003790432378667
116530,603,49.07162060832683,266,0.1,1,1,-3.9028904983178183
116670,603,48.899486299035594,266,0.1,1,1,-3.9120315546723705
116820,463,48.90581165647694,267,0.1,1,1,-3.911820863488026
116960,341,48.94107768299517,268,0.1,1,1,-3.9170010537342006
117110,889,49.079370852609145,270,0.1,1,1,-3.9327871101011196
117250,889,48.92692510429319,270,0.1,1,1,-3.9351499670479773
117390,893,49.01188699075479,272,0.1,1,1,-3.936042193787684
117540,893,48.83130525978166,272,0.1,1,1,-3.935857436062459
117680,230,48.598717380701515,272,0.1,1,1,3.946265367277991
117820,548,48.609750854992306,273,0.1,1,1,3.9452017913263084
117970,824,48.82245516365462,275,0.1,1,1,-3.9369955583525305
118110,662,48.83594658557755,276,0.1,1,1,3.950582471712997
118250,363,48.87659625001564,262,0.1,1,1,-3.9429927715506223
118400,991,48.96242796626341,264,0.1,1,1,-3.9552100253503517
118540,507,49.024487407140136,266,0.1,1,1,-3.928777803301833
118690,507,48.817637596755475,266,0.1,1,1,-3.9176575605078447
118830,712,48.87494015306882,267,0.1,1,1,-3.9271715657711144
118970,306,48.90475421756971,268,0.1,1,1,-3.929888277410477
119120,431,48.87167378416938,269,0.1,1,1,-3.942194963089446
119260,642,48.673670471183186,269,0.1,1,1,3.9469242435129175
119400,890,48.91614420452164,272,0.1,1,1,-3.9460581682437508
119550,884,48.76309970842885,273,0.1,1,1,-3.949672119313738
119690,561,48.866195503600416,264,0.1,1,1,-3.941927864320492
119840,699,49.02988455277625,266,0.1,1,1,-3.967236046736924
119980,699,48.86301927780137,266,0.1,1,1,-3.8961945074648705
120120,658,48.90912609751049,267,0.1,1,1,-3.9046288135942424
120270,305,48.931791624459386,268,0.1,1,1,-3.914585805758639
120410,662,48.96862331541089,269,0.1,1,1,3.9173518870601685
120550,156,49.18558059689553,271,0.1,1,1,-3.9232779693006283
120700,156,48.9978774383364,271,0.1,1,1,-3.9433741975297405
120840,587,48.98585765280239,272,0.1,1,1,-3.945156862877314
120980,938,48.9454530772126,273,0.1,1,1,-3.947128162279799
121130,283,49.09480227474866,275,0.1,1,1,-3.9456816964578545
121270,283,48.85147169559112,275,0.1,1,1,-3.9488506523162354
121420,379,48.887531930362776,277,0.1,1,1,-3.9521225537540667
121560,57,49.033133049685695,279,0.1,1,1,-3.958332390371979
121700,57,48.89196065226645,265,0.1,1,1,-3.9632794620863727
121850,554,48.960198069217014,266,0.1,1,1,-3.9636565943071473
121990,972,48.947556977599305,267,0.1,1,1,-3.9002868619412916
122130,421,48.77169433312789,267,0.1,1,1,3.902868061172365
122280,728,49.01106286450507,269,0.1,1,1,-3.9163554453924005
122420,728,48.81706476485684,269,0.1,1,1,-3.9186243052923344
122560,402,49.02166704677679,271,0.1,1,1,-3.919554399305597
122710,402,48.81251562601948,271,0.1,1,1,-3.925645753937211
122850,180,48.87917820999866,272,0.1,1,1,-3.9247554659684134
123000,938,48.86876168243362,273,0.1,1,1,-3.9305939103484646
123140,258,48.626483439617594,273,0.1,1,1,3.9394242350479285
123280,792,49.11154913086649,276,0.1,1,1,-3.945258827275789
123430,792,48.89231090358676,276,0.1,1,1,-3.9392856116178505
123570,428,48.8539927031198,277,0.1,1,1,-3.9516441554843977
123710,442,49.04893175372638,265,0.1,1,1,-3.9541703942849358
123860,442,48.890704515483584,265,0.1,1,1,-3.9555247263536595
124000,56,49.220804446671764,267,0.1,1,1,-3.9077064280447793
124150,56,49.03635825673312,267,0.1,1,1,-3.910285624792086
124290,56,48.8541232851197,267,0.1,1,1,-3.912863901294027
124430,74,48.90699176366162,268,0.1,1,1,-3.922116529742522
124580,415,48.97904234363165,270,0.1,1,1,-3.921247770187094
124720,644,48.7149950054075,270,0.1,1,1,3.928338548848983
124860,262,48.65540962283314,271,0.1,1,1,3.9359808690247737
125010,123,48.84543347241046,273,0.1,1,1,-3.9438250684515443
125150,473,48.95371780303365,275,0.1,1,1,-3.946354871932543
125290,752,48.87356710455041,276,0.1,1,1,-3.9540747409609542
125440,244,48.740439056626734,277,0.1,1,1,-3.958235614655845
125580,396,48.78521485238775,279,0.1,1,1,-3.960480969141195
125730,243,48.824866798319576,266,0.1,1,1,3.953275145836746
125870,374,48.83748421342578,267,0.1,1,1,-3.956552230319056
126010,811,48.8336816844042,268,0.1,1,1,-3.902730322412384
126160,23,48.87144398981677,269,0.1,1,1,-3.9141779034178334
126300,152,49.18973060355933,271,0.1,1,1,-3.9205549505201
126440,152,48.97311073321573,271,0.1,1,1,-3.923065738305622
126590,820,48.97511616581584,272,0.1,1,1,-3.9218170428701864
126730,173,48.96142053558344,273,0.1,1,1,-3.9327819439711904
126880,977,48.933477766187806,274,0.1,1,1,-3.942822106724089
127020,319,49.04531006140244,276,0.1,1,1,-3.947166110043658
127160,319,48.8019794822449,276,0.1,1,1,-3.9466303017277613
127310,894,48.91193602330149,278,0.1,1,1,-3.9454498945673664
127450,319,49.00825184942969,280,0.1,1,1,-3.9395234758984814
127590,319,48.779182742139405,280,0.1,1,1,-3.9479267453156672
127740,464,48.861921429617425,267,0.1,1,1,-3.9507940781864552
127880,990,49.02026587461402,269,0.1,1,1,-3.9559733544418556
128020,990,48.885414157757054,269,0.1,1,1,-3.907141242039173
128170,385,48.69509155250646,269,0.1,1,1,3.9241209077232835
128310,291,48.72912496376976,270,0.1,1,1,3.9280666804787945
128460,521,49.02021168057043,272,0.1,1,1,-3.9243289260122287
128600,521,48.81117310335523,272,0.1,1,1,-3.923359542285891
128740,791,48.762739326267074,273,0.1,1,1,3.921275784668428
128890,920,48.95668009803163,275,0.1,1,1,-3.930559670910681
129030,546,48.69663524814861,275,0.1,1,1,3.936134499050095
129170,185,48.92963527331624,277,0.1,1,1,-3.93546908355578
129320,69,48.79334521782684,266,0.1,1,1,3.943046719769014
129460,888,49.039754880782155,268,0.1,1,1,-3.9523132358421345
129600,888,48.85933287868552,268,0.1,1,1,-3.8969750702312234
129750,983,48.856873476015885,269,0.1,1,1,-3.9173928844464583
129890,1010,48.865229639533894,270,0.1,1,1,-3.920519886761059
130040,495,48.84662565194878,271,0.1,1,1,-3.9330670764608486
130180,783,48.81374472966374,272,0.1,1,1,-3.9344034717265433
130320,61,49.01010390292446,274,0.1,1,1,-3.939057554806719
130470,61,48.79086567564473,274,0.1,1,1,-3.9303032842420484
130610,45,48.83498145704511,275,0.1,1,1,-3.9298696365652757
130750,43,48.80914684270795,276,0.1,1,1,-3.9335142953108186
130900,111,48.81639034950337,277,0.1,1,1,3.947416736883237
131040,623,48.92606530445676,279,0.1,1,1,-3.9410425503211823
131190,154,49.1371608525549,281,0.1,1,1,-3.951238091084705
131330,154,48.919401269018046,281,0.1,1,1,-3.9519558158586316
131470,235,48.950522367276385,267,0.1,1,1,-3.9507430117897946
131620,52,49.02181780335456,268,0.1,1,1,-3.95388528114258
131760,52,48.8851126855411,268,0.1,1,1,-3.927197265535503
131900,367,48.8660199890834,269,0.1,1,1,-3.9122692793474645
132050,913,48.88464138868617,270,0.1,1,1,-3.9289802774074207
132190,428,48.8933837954765,271,0.1,1,1,-3.9171161853484966
132330,410,49.1237419236055,273,0.1,1,1,-3.9178523984240985
132480,410,48.96348668060189,273,0.1,1,1,-3.9206667351469338
132620,521,48.98743758708532,274,0.1,1,1,-3.9331001368040535
132770,47,48.9976819749665,275,0.1,1,1,-3.9387752912594105
132910,1022,49.01043182405363,277,0.1,1,1,-3.9297988897453964
133050,1022,48.820220403095846,277,0.1,1,1,-3.9393249009336206
133200,405,48.82054778896224,278,0.1,1,1,-3.9333762559818504
133340,980,48.79073034428839,279,0.1,1,1,3.947772726165468
133480,479,48.98260898447389,282,0.1,1,1,-3.9501689597945813
133630,47,48.898976405908,283,0.1,1,1,-3.95213502063499
133770,562,48.92116183836643,268,0.1,1,1,-3.9615162548378455
133910,447,48.98910741488299,270,0.1,1,1,-3.9602817294152732
134060,301,48.987759484516275,271,0.1,1,1,3.9241821339324767
134200,777,48.95065784555253,272,0.1,1,1,-3.9286436836734007
134350,905,48.90830154533396,273,0.1,1,1,-3.9304153077177895
134490,569,49.046583145622066,275,0.1,1,1,-3.9368764627888724
134630,569,48.79716887562865,275,0.1,1,1,-3.9544420666432263
134780,451,48.40658567153335,275,0.1,1,1,3.9566065821608887
134920,732,48.89456911023496,270,0.1,1,1,-3.9592573929563923
135060,185,49.15638136832287,272,0.1,1,1,-3.9602796325976137
135210,185,49.01300148580478,272,0.1,1,1,-3.9136930269892076
135350,185,48.77646889147992,272,0.1,1,1,-3.917158320636339
135500,173,48.99228638753406,274,0.1,1,1,3.9320779301747217
135640,831,49.04639156459906,276,0.1,1,1,-3.9379501053651818
135780,831,48.84619073101306,276,0.1,1,1,-3.949760324023831
135930,548,48.63426600358139,276,0.1,1,1,3.94987968023836
136070,144,48.92130491145376,278,0.1,1,1,-3.9501813804090045
136210,799,49.046444733875326,280,0.1,1,1,-3.9527217999846553
136360,799,48.815704422976445,280,0.1,1,1,-3.955280013061127
136500,121,49.125800681036736,271,0.1,1,1,-3.9572486063746295
136640,121,48.935437221827,271,0.1,1,1,-3.9562647251374767
136790,985,49.081779358408724,273,0.1,1,1,-3.899477441978611
136930,985,48.924422605447006,273,0.1,1,1,-3.924343837371892
137080,277,48.932875397184986,274,0.1,1,1,-3.9333967260740232
137220,891,48.98302999901764,276,0.1,1,1,-3.9377256312804425
137360,183,48.910165602136075,277,0.1,1,1,-3.9272779016210433
137510,433,48.829737296606964,278,0.1,1,1,-3.9331028514078934
137650,188,48.970938331384296,280,0.1,1,1,-3.9357026034674165
137790,292,48.740586269823844,280,0.1,1,1,3.9441242610622567
137940,230,48.827208581095356,271,0.1,1,1,3.942339936004158
138080,523,48.91828935854345,272,0.1,1,1,-3.9561974079059885
138220,850,48.953271279231295,273,0.1,1,1,-3.8902968026111933
138370,713,48.97283799139874,274,0.1,1,1,-3.8959548201444822
138510,876,48.96770667784936,275,0.1,1,1,-3.9050520505838358
138660,859,49.080315276742475,277,0.1,1,1,-3.9103230670166544
138800,859,48.93191590491838,277,0.1,1,1,-3.9118483518318214
138940,525,48.95345065815586,278,0.1,1,1,-3.9166190498068723
139090,255,49.05853824878253,280,0.1,1,1,-3.9342266933327954
139230,255,48.90125037840874,280,0.1,1,1,-3.9220310897583817
139370,289,48.74809126110708,280,0.1,1,1,3.9378375732363757
139520,418,48.78235143545344,281,0.1,1,1,3.9377002224461077
139660,76,48.84404941873761,282,0.1,1,1,-3.936136133723359
139810,245,48.848911599635144,283,0.1,1,1,-3.9372337775645034
139950,747,48.837469903988875,284,0.1,1,1,-3.9305776539548827
140090,84,48.88013739951626,285,0.1,1,1,-3.9423118871572536
140240,94,49.07700834846787,287,0.1,1,1,-3.9419567235373165
140380,94,48.85287171778533,287,0.1,1,1,-3.9325690951624277
140520,243,48.78758505860832,288,0.1,1,1,-3.946067343873082
140670,650,48.80467188244793,289,0.1,1,1,-3.9348391179601028
140810,917,48.84071710142539,270,0.1,1,1,3.9386834027555317
140950,670,49.032891031944345,272,0.1,1,1,-3.9536352342892576
141100,670,48.82690995728472,272,0.1,1,1,-3.903132402613552
141240,466,48.8532789395195,273,0.1,1,1,-3.9113359739292592
141390,34,48.68139605392982,273,0.1,1,1,3.929617906249013
141530,926,49.05304614838008,276,0.1,1,1,-3.9429692586604377
141670,926,48.881937077523254,276,0.1,1,1,-3.9426350697138153
141820,150,48.92194633636963,277,0.1,1,1,-3.9436255489358856
141960,47,48.92245606840836,278,0.1,1,1,3.942394275657604
142100,530,48.94142790512489,279,0.1,1,1,-3.9436971623096677
142250,541,49.075827041469815,281,0.1,1,1,-3.9337446498832684
142390,541,48.8264127714764,281,0.1,1,1,-3.9339063678357875
142540,967,48.61409358599413,281,0.1,1,1,3.935160245364532
142680,814,48.75224288062275,283,0.1,1,1,-3.940859789622559
142820,601,48.97419995906764,285,0.1,1,1,-3.9528024490078475
142970,652,48.950254308192385,286,0.1,1,1,-3.941230090647878
143110,311,48.909489732868224,287,0.1,1,1,3.9506111470683414
143250,880,48.89590151132693,271,0.1,1,1,-3.9546106654876154
143400,858,49.03135344923355,273,0.1,1,1,-3.9571944496249336
143540,858,48.8633804870299,273,0.1,1,1,-3.9273252347973595
143680,340,48.911920193504834,274,0.1,1,1,-3.9277602188044423
143830,600,49.15122534123132,276,0.1,1,1,-3.941395985904102
143970,600,48.96729054317502,276,0.1,1,1,-3.942179437911086
