sysTime,Action,ChannelUsed,TransJob,CPU,JobFaultProb,RunningJob,ActionQos
110,1,0.0,0,0.075,0.0,1,0.0
230,1,0.0,0,0.024999999999999998,0.0,1,5.9728679368079165
320,1,3.552713678800501e-15,0,0.06666666666666667,1,1,5.994165255563574
430,6,1.7763568394002505e-15,0,0.06666666666666667,1,1,5.987049293931311
540,6,-8.881784197001252e-16,0,0.075,1,1,5.986126075317758
640,6,-8.881784197001252e-16,0,0.075,1,1,5.96804712344545
750,6,-8.881784197001252e-16,0,0.075,1,1,5.96804712344545
850,6,-8.881784197001252e-16,0,0.075,1,1,5.96804712344545
960,6,-8.881784197001252e-16,0,0.075,1,1,5.96804712344545
1070,6,-8.881784197001252e-16,0,0.075,1,1,5.96804712344545
1170,6,-8.881784197001252e-16,0,0.075,1,1,5.96804712344545
1280,6,-8.881784197001252e-16,0,0.075,1,1,5.96804712344545
1380,6,-8.881784197001252e-16,0,0.075,1,1,5.96804712344545
1490,6,-8.881784197001252e-16,0,0.075,1,1,5.96804712344545
1600,6,-8.881784197001252e-16,0,0.075,1,1,5.96804712344545
1700,6,-8.881784197001252e-16,0,0.075,0.75,1,5.96804712344545
1820,1,3.552713678800501e-15,0,0.024999999999999998,0.75,1,5.96804712344545
1920,1,3.552713678800501e-15,0,0.024999999999999998,0.75,1,5.993748783743502
2020,6,-8.881784197001252e-16,0,0.075,0.75,1,5.993748783743502
2130,6,-8.881784197001252e-16,0,0.075,0.75,1,5.96804712344545
2240,0,29.561042524005487,6,0.024999999999999998,1,1,5.96804712344545
2340,0,22.15363511659808,6,0.06666666666666667,1,1,5.994165255563574
2440,0,20.941929583904887,7,0.075,1,1,5.986126075317758
2560,0,39.17753805220146,12,0.024999999999999998,1,1,5.96804712344545
2670,0,44.38595670142784,18,0.024999999999999998,1,1,5.993675294723886
2760,0,35.103835073627195,18,0.06666666666666667,1,1,5.993013974632431
2880,0,25.41781160159549,18,0.024999999999999998,1,1,5.9823004702327465
2980,0,18.96046262024102,18,0.024999999999999998,1,1,5.99350262072054
3090,0,14.655563299338041,18,0.024999999999999998,1,1,5.993564977847811
3200,9,46.862487572743845,25,0.024999999999999998,1,1,5.992848537354156
3300,0,36.12684614827524,26,0.024999999999999998,1,1,5.991774197704898
3410,0,38.035116628971494,29,0.024999999999999998,1,1,5.991151288928536
3510,0,32.79890378442898,29,0.024999999999999998,1,1,5.993819871560757
3610,0,29.269202303765805,29,0.06666666666666667,1,1,5.9932307946483006
3730,0,24.64481768652422,29,0.024999999999999998,1,1,5.983020682560583
3830,0,34.03562595077451,32,0.024999999999999998,1,1,5.99106656437697
3940,0,39.63533013797561,35,0.024999999999999998,1,1,5.991996835073349
4030,7,43.768612119161375,41,0.06666666666666667,1,1,-5.993355701222828
4150,0,40.313722165153244,41,0.024999999999999998,1,1,5.9834356405358005
4260,0,45.49568150066796,46,0.024999999999999998,1,1,5.992389844234859
4360,0,45.79545423070704,28,0.024999999999999998,1,1,5.9909814827940115
4460,0,43.3904626867518,28,0.06666666666666667,1,1,5.990700355969423
4560,0,39.899654123723465,28,0.06666666666666667,1,1,5.978184624278825
4670,0,37.54651980328135,28,0.075,1,1,5.976118169195852
4780,0,45.82376727493909,34,0.06666666666666667,1,1,5.958334917546554
4880,0,42.06744396923897,34,0.06666666666666667,1,1,5.975837178768348
4990,0,38.51980529163331,34,0.075,1,1,5.978923450172645
5090,0,44.29520085781186,37,0.06666666666666667,1,1,5.959631463329711
5200,0,42.142694672290354,37,0.06666666666666667,1,1,5.980227969500389
5310,0,40.70769054860936,37,0.06666666666666667,1,1,5.975555022833111
5420,0,39.20625104883201,37,0.024999999999999998,1,1,5.974622854804987
5530,0,35.05509098325913,37,0.024999999999999998,1,1,5.98533649351898
5630,0,41.745147240399,40,0.024999999999999998,1,1,5.985763351733794
5740,0,42.572481361945336,43,0.024999999999999998,1,1,5.991654856164604
5850,3,46.596309446613795,49,0.024999999999999998,1,1,-5.991371565884097
5950,9,48.25791700758388,52,0.024999999999999998,1,1,5.992211986496875
6060,0,47.570538674438346,39,0.024999999999999998,1,1,-5.989955689245743
6150,0,46.501653543791576,39,0.075,1,1,5.989394521426654
6270,0,48.65357513127097,42,0.024999999999999998,1,1,5.9432528330414796
6380,0,47.54577724604699,45,0.024999999999999998,1,1,-5.982034222927905
6470,0,45.180684794309876,45,0.075,1,1,5.981749156735537
6580,0,44.157013696825985,45,0.075,1,1,5.945553622356083
6690,0,45.5013047553443,48,0.024999999999999998,1,1,5.94961900843052
6790,0,44.271331402581964,48,0.06666666666666667,1,1,5.981462908493963
6910,0,41.720177022944924,48,0.024999999999999998,1,1,5.977788639916245
7000,1,46.15041881686702,52,0.06666666666666667,1,1,5.983728931290566
7110,0,46.89953998667764,55,0.06666666666666667,1,1,5.976848807971019
7220,0,48.26358488720769,58,0.024999999999999998,1,1,5.979637555180596
7330,7,47.88217893727657,49,0.024999999999999998,1,1,-5.987920856601176
7430,0,46.31342272364849,49,0.075,1,1,5.989970884173343
7530,0,46.00677516953983,50,0.075,1,1,5.936824084920222
7640,9,48.648469154950284,56,0.075,1,1,-5.935950653906217
7740,0,47.38548582120884,59,0.06666666666666667,1,1,5.935073775970942
7850,0,45.551074096853064,59,0.075,1,1,5.958285681240944
7960,0,47.958862445588125,65,0.06666666666666667,1,1,-5.947778580633913
8060,8,47.880490525076326,68,0.06666666666666667,1,1,-5.972154650948007
8180,0,45.93282842401832,68,0.024999999999999998,1,1,5.970295597602458
8290,0,47.511718397924064,71,0.024999999999999998,1,1,5.985844245455293
8390,0,47.03883426402181,72,0.024999999999999998,1,1,5.987876644267072
8500,5,48.16594814392283,64,0.024999999999999998,1,1,-5.984195488388245
8590,5,48.90992240437906,67,0.06666666666666667,1,1,5.987897782050921
8700,8,47.97624445931725,70,0.075,1,1,-5.956876086848547
8810,0,47.24266237160815,70,0.075,1,1,5.942020190817314
8920,8,47.876448828756985,73,0.024999999999999998,1,1,-5.939096022270811
9020,0,47.53083899139724,76,0.06666666666666667,1,1,-5.976127268918426
9120,3,47.343606146625284,79,0.06666666666666667,1,1,-5.965417447444016
9230,0,46.114747054508115,79,0.075,1,1,5.9722050004073575
9350,0,47.517738998589756,82,0.024999999999999998,1,1,5.943451770430036
9450,0,46.034763697540775,82,0.024999999999999998,1,1,5.983718732017899
9560,5,48.815047488306156,86,0.024999999999999998,1,1,5.984583412922678
9660,2,47.72944879088167,87,0.024999999999999998,1,1,-5.98564854784885
9770,0,48.61465399908931,78,0.024999999999999998,1,1,5.9847724481516416
9870,0,47.93220660076672,78,0.06666666666666667,1,1,5.985633463324957
9970,0,47.11222436559183,78,0.06666666666666667,1,1,5.945986874928309
10080,8,47.921421625419654,81,0.06666666666666667,1,1,-5.9441057912685675
10180,0,47.34072729461428,81,0.075,1,1,5.951571686545921
10300,3,48.20224869500561,84,0.024999999999999998,1,1,-5.9245200219270195
10400,0,46.90380729430027,84,0.06666666666666667,1,1,5.97117854282181
10500,0,45.601495959706035,84,0.06666666666666667,1,1,5.958552865411771
10610,1,48.14410445041834,88,0.06666666666666667,1,1,-5.9652711811277985
10720,0,47.53639900520534,89,0.024999999999999998,1,1,5.965341109987906
10830,0,46.24131469004138,89,0.024999999999999998,1,1,5.980961971833189
10940,0,46.99640161991837,91,0.024999999999999998,1,1,5.983695580690982
11040,8,48.0096717928566,82,0.024999999999999998,1,1,-5.98429449606903
11140,8,48.18363268276417,85,0.075,1,1,-5.984598985058548
11240,0,48.60635460604872,88,0.075,1,1,5.918760857331082
11350,0,48.027549568451285,88,0.06666666666666667,1,1,5.924676105571691
11470,5,48.73519105770012,91,0.024999999999999998,1,1,-5.953110484052777
11570,0,47.816078514902834,91,0.024999999999999998,1,1,5.971101101800069
11680,0,46.99302484536858,91,0.024999999999999998,1,1,5.974656631882163
11780,0,45.52685683193726,91,0.024999999999999998,1,1,5.979926980522032
11890,0,46.75904126643036,93,0.024999999999999998,1,1,5.9781729299433675
12000,0,47.68853239998321,86,0.024999999999999998,1,1,5.985541536028058
12090,0,47.23972411040687,86,0.075,1,1,5.983934725544338
12210,4,48.29475718149978,89,0.024999999999999998,1,1,-5.903684965541034
12300,8,48.50609266789321,92,0.06666666666666667,1,1,-5.964214830372476
12410,5,48.65354488471317,95,0.06666666666666667,1,1,-5.954390359009926
12520,0,47.945694494298834,95,0.06666666666666667,1,1,5.9579065238018005
12630,7,48.4287250090636,98,0.024999999999999998,1,1,-5.955014180064831
12740,0,47.542300773935025,98,0.024999999999999998,1,1,5.975443506322558
12840,0,47.906489772832806,100,0.024999999999999998,1,1,5.9806061062902245
12950,7,47.88865295074436,103,0.024999999999999998,1,1,-5.979372647510984
13060,3,48.73663607858455,96,0.024999999999999998,1,1,-5.9811598101178625
13150,8,48.95836350486476,99,0.075,1,1,-5.985699088587821
13260,2,48.67142284613633,101,0.075,1,1,-5.877413299760473
13360,0,47.80321528974017,101,0.075,1,1,5.881738007222232
13470,0,47.35270500805694,101,0.075,1,1,5.903233736545078
13590,6,48.77621620948384,104,0.024999999999999998,1,1,-5.903449459995278
13690,0,47.95865801276813,104,0.024999999999999998,1,1,5.964330533224485
13790,0,47.09526846932549,104,0.06666666666666667,1,1,5.96355916616498
13890,5,48.747710528939976,107,0.06666666666666667,1,1,5.951461710955499
14000,3,48.74023688406369,110,0.075,1,1,-5.953437102428789
14110,8,49.402484883266446,113,0.06666666666666667,1,1,5.928391317522193
14220,8,48.78385303340589,113,0.024999999999999998,1,1,-5.954441744003188
14330,0,48.55934058018964,116,0.024999999999999998,1,1,-5.976705664544212
14430,0,48.07028585505024,103,0.024999999999999998,1,1,5.972633841484829
14530,6,49.033840270092895,106,0.06666666666666667,1,1,-5.9821711460320675
14650,0,48.37580343987552,106,0.024999999999999998,1,1,-5.926577946852366
14740,0,47.9397569509628,107,0.06666666666666667,1,1,5.959992319028091
14850,6,48.55429421288706,110,0.06666666666666667,1,1,-5.942457113836774
14950,6,48.96618695733237,113,0.06666666666666667,1,1,-5.9575531312060495
15070,1,48.65330782770534,114,0.024999999999999998,1,1,-5.952250368169618
15180,0,48.68088813390017,117,0.024999999999999998,1,1,-5.9721489940729535
15280,0,48.78991896431913,120,0.024999999999999998,1,1,-5.973950753444738
15390,0,47.3810933093766,120,0.024999999999999998,1,1,5.9799429834428945
15490,0,48.55081521285818,113,0.024999999999999998,1,1,-5.978094683671027
15590,0,48.18745601431787,113,0.075,1,1,5.9851572534536315
15710,0,47.57471431911968,113,0.024999999999999998,1,1,5.882558228572846
15800,0,47.14029416699188,113,0.06666666666666667,1,1,5.9570215004098195
15920,0,48.485213446497966,116,0.024999999999999998,1,1,-5.939052782924657
16020,0,47.49118163137291,116,0.06666666666666667,1,1,5.963200677172005
16120,0,46.806413129472524,116,0.06666666666666667,1,1,5.943108160812738
16240,1,47.40571759138897,117,0.024999999999999998,1,1,5.95807343819051
16340,0,46.70193524163709,117,0.024999999999999998,1,1,5.974786581386849
16450,0,48.14036396317071,120,0.024999999999999998,1,1,-5.975163831034446
16560,0,47.665303905105475,110,0.024999999999999998,1,1,5.975330845048691
16650,7,48.7615833706554,113,0.075,1,1,-5.979302133860864
16760,9,49.2459321855832,116,0.075,1,1,-5.844149486121662
16860,9,48.675623862156094,116,0.06666666666666667,1,1,-5.861177722622216
16970,0,48.016523728356546,116,0.075,1,1,5.910385515016156
17080,4,48.95871720371782,119,0.075,1,1,-5.865881368111765
17180,2,49.29333989216074,121,0.06666666666666667,1,1,5.880574308532197
17290,2,48.65161197340337,121,0.06666666666666667,1,1,-5.921759509440234
17390,7,49.00952813166343,124,0.06666666666666667,1,1,-5.9332895094511
17500,7,48.56723297452045,124,0.06666666666666667,1,1,-5.94128628077136
17620,7,48.855263384990586,127,0.024999999999999998,1,1,-5.93723057015451
17710,6,49.09240450790454,130,0.06666666666666667,1,1,-5.963763881099181
17830,6,48.594435397202275,130,0.024999999999999998,1,1,-5.946437825127603
17930,4,48.91133190766061,133,0.024999999999999998,1,1,-5.970666026370329
18040,0,48.03836301078614,133,0.024999999999999998,1,1,5.967239791099022
18150,7,48.12163302111261,136,0.024999999999999998,1,1,-5.974410105534347
18250,7,48.98848188885534,123,0.024999999999999998,1,1,-5.979132440798303
18350,0,48.60261186379038,123,0.075,1,1,5.984311439051028
18450,0,48.011023000018504,123,0.06666666666666667,1,1,5.838429097754451
18560,0,47.40847906283603,123,0.075,1,1,5.9101326152817695
18670,0,46.9365788025598,123,0.075,1,1,5.869797463316936
18770,0,46.432011867200174,123,0.06666666666666667,1,1,5.871707483725973
18880,0,48.00360122772725,126,0.06666666666666667,1,1,5.924336967496935
18980,0,47.36036317941066,126,0.06666666666666667,1,1,5.928474517377807
19100,0,48.53113770347965,129,0.024999999999999998,1,1,-5.956284329459849
19210,0,47.57790242581028,129,0.024999999999999998,1,1,5.973486296365028
19310,0,46.47854750635597,129,0.024999999999999998,1,1,5.974844635191994
19420,0,48.381013639588154,121,0.024999999999999998,1,1,5.980465179659324
19510,0,48.92782408180883,124,0.075,1,1,-5.982392782581127
19620,0,48.27619385361713,124,0.075,1,1,5.866880401417751
19730,7,49.04610044006417,128,0.075,1,1,-5.869954762466568
19830,7,48.62497913292569,128,0.06666666666666667,1,1,-5.879489967764039
19950,3,49.175156586069086,131,0.024999999999999998,1,1,-5.93910539958707
20050,3,48.76977426387105,131,0.024999999999999998,1,1,-5.96220201183935
20160,0,48.818916940330816,132,0.024999999999999998,1,1,5.961913582312855
20270,3,49.168147534764074,135,0.024999999999999998,1,1,-5.960935926569116
20370,3,48.623108736953604,126,0.024999999999999998,1,1,-5.969457032395575
20470,0,47.959666001239135,126,0.075,1,1,5.966318714619537
20570,0,48.84930120938975,129,0.075,1,1,-5.860841755771158
20680,6,49.55617453165768,132,0.06666666666666667,1,1,5.88119364163955
20800,6,48.967886755670335,132,0.024999999999999998,1,1,-5.93303259802875
20890,0,48.51898936490545,132,0.06666666666666667,1,1,5.95526709812461
21010,6,48.78295000241455,135,0.024999999999999998,1,1,-5.936998832449952
21110,8,48.97823383609353,138,0.024999999999999998,1,1,-5.964220909197791
21220,0,48.32435483968891,138,0.024999999999999998,1,1,5.977206758192586
21330,9,48.87739021879721,141,0.024999999999999998,1,1,-5.974067345432612
21430,4,48.47804550204368,144,0.024999999999999998,1,1,-5.973835138900307
21540,0,47.59816656184723,144,0.024999999999999998,1,1,5.9729004084073685
21640,0,48.11452815007339,147,0.024999999999999998,1,1,-5.98334455962085
21750,0,47.81532262368916,134,0.024999999999999998,1,1,5.9792567151676
21850,6,48.91399696465187,137,0.06666666666666667,1,1,-5.983190858975743
21950,0,48.51035978304391,137,0.075,1,1,5.887704210341476
22060,9,49.12030280277997,140,0.06666666666666667,1,1,-5.833421689015083
22160,0,48.663790468179705,140,0.06666666666666667,1,1,-5.913556004390164
22270,0,48.198565973253665,140,0.06666666666666667,1,1,5.9194486895438825
22380,8,48.997053536685016,143,0.06666666666666667,1,1,-5.922185059608115
22480,9,49.358226329980425,146,0.06666666666666667,1,1,-5.923420693824792
22600,9,48.77624706539745,146,0.024999999999999998,1,1,-5.9239678422535
22690,0,48.043343785761245,146,0.06666666666666667,1,1,5.954968436560764
22800,0,47.51334870488179,146,0.06666666666666667,1,1,5.936441200954729
22920,0,48.5944814588253,137,0.024999999999999998,1,1,5.947167876543168
23010,1,48.77005424641707,138,0.06666666666666667,1,1,-5.968909857274516
23120,9,49.00942689303801,141,0.06666666666666667,1,1,-5.88808007156115
23220,9,48.561290555487844,141,0.075,1,1,-5.885574913124992
23330,0,47.92580037037493,141,0.06666666666666667,1,1,5.875599043465382
23440,0,47.512994827260066,141,0.06666666666666667,1,1,5.920952318209685
23550,0,47.063532151727856,141,0.024999999999999998,1,1,5.940822707145181
23660,0,46.58594314323467,141,0.024999999999999998,1,1,5.961545031982414
23760,0,46.11742160896876,141,0.024999999999999998,1,1,5.964259419234513
23870,0,45.316810462917836,141,0.024999999999999998,1,1,5.966060969931378
23980,2,48.974789218894095,136,0.024999999999999998,1,1,-5.965503688755422
24070,0,48.52981168110423,136,0.075,1,1,5.977702644214734
24180,4,49.185445797697504,139,0.075,1,1,-5.82310033376811
24290,0,48.727614009022574,139,0.06666666666666667,1,1,-5.835398372215934
24390,0,48.34603513735277,139,0.06666666666666667,1,1,5.908712066499031
24510,0,48.10447050650189,140,0.024999999999999998,1,1,5.9223751842081445
24600,2,48.37499744874661,142,0.06666666666666667,1,1,-5.958823882809684
24710,0,47.83533532860933,142,0.06666666666666667,1,1,5.95030437018506
24830,0,47.26073327981504,142,0.024999999999999998,1,1,5.949797707468673
24930,0,46.67019174998045,142,0.024999999999999998,1,1,5.969375186920618
25040,0,47.10001650040001,143,0.024999999999999998,1,1,5.970927004488462
25140,0,46.27113273536061,143,0.024999999999999998,1,1,5.971574183275864
25250,0,48.111573988411685,149,0.024999999999999998,1,1,-5.974648647779471
25360,0,47.78553750498542,136,0.024999999999999998,1,1,5.9782909447553
25450,0,47.52260912108681,136,0.075,1,1,5.986115554053056
25560,0,47.1276249505222,136,0.06666666666666667,1,1,5.785489014946175
25660,0,46.69980633801728,136,0.075,1,1,5.874010180484737
25770,0,46.27098097247289,136,0.075,1,1,5.817985050699542
25880,7,49.23291988858163,142,0.06666666666666667,1,1,-5.829869131032256
25980,7,48.71409853416062,142,0.06666666666666667,1,1,-5.917928891694942
26090,0,48.12751257402966,142,0.06666666666666667,1,1,5.9196643860075495
26190,0,47.66917228500489,142,0.06666666666666667,1,1,5.930118297825039
26310,7,49.04028593527636,146,0.024999999999999998,1,1,-5.93684957408148
26420,0,48.54661572357818,146,0.024999999999999998,1,1,-5.964851809437505
26520,3,49.01081923503058,149,0.024999999999999998,1,1,-5.967313641746378
26630,0,48.28259344292697,149,0.024999999999999998,1,1,-5.966999197259486
26730,0,47.68211543401152,149,0.024999999999999998,1,1,5.970238008539801
26840,0,46.43915967913173,149,0.024999999999999998,1,1,5.975988907023836
26950,0,48.5791345703201,137,0.024999999999999998,1,1,5.971960308197243
27040,0,48.18516824359629,137,0.075,1,1,5.983846419193569
27150,0,47.89030480550097,137,0.075,1,1,5.805683280910923
27250,7,49.042925720421,140,0.06666666666666667,1,1,-5.8175858404725735
27360,7,48.659857687891474,140,0.06666666666666667,1,1,-5.886239618404128
27480,0,48.26616333466841,140,0.024999999999999998,1,1,5.897541800570532
27580,2,49.0491022231733,142,0.024999999999999998,1,1,5.958963664338815
27690,2,48.552555484187934,142,0.024999999999999998,1,1,-5.959930598444917
27790,0,47.51184669816968,142,0.024999999999999998,1,1,5.960961056846669
27890,9,48.93389944143106,145,0.06666666666666667,1,1,5.9671606451105195
28010,0,47.690893098922025,145,0.024999999999999998,1,1,5.95944909381835
28110,3,49.07358071176483,137,0.024999999999999998,1,1,-5.98251270302231
28210,3,48.66465095034363,137,0.06666666666666667,1,1,-5.9838468722093605
28310,3,49.163568517514385,140,0.075,1,1,-5.8644020598512325
28420,3,48.72764918657797,140,0.06666666666666667,1,1,-5.823259670557615
28530,3,49.20559228219627,143,0.06666666666666667,1,1,-5.919830287655438
28630,3,48.83138902179534,143,0.06666666666666667,1,1,-5.919070324412724
28750,0,48.199545857295966,143,0.024999999999999998,1,1,5.916012523303964
28850,7,48.27958533224272,146,0.024999999999999998,1,1,-5.958115263959826
28960,0,48.550666139360054,139,0.024999999999999998,1,1,5.973099757077473
29060,0,48.23606596584257,139,0.075,1,1,5.983321212038237
29160,5,49.14097492186175,142,0.075,1,1,-5.771049358141404
29270,5,48.819706969169985,142,0.075,1,1,-5.778767302393464
29370,3,49.4548595662578,145,0.06666666666666667,1,1,-5.791185935654138
29490,0,48.96625737983367,145,0.024999999999999998,1,1,-5.894543910295735
29590,0,48.43251661579972,145,0.075,1,1,5.924768845743951
29690,7,48.83483453774164,147,0.06666666666666667,1,1,-5.847744798487926
29810,8,49.244783871099514,150,0.024999999999999998,1,1,-5.931745621343274
29910,8,48.782246632869175,150,0.024999999999999998,1,1,-5.965502726911986
30020,0,48.69810164894752,151,0.024999999999999998,1,1,-5.961315926796691
30130,0,48.14678002806511,151,0.024999999999999998,1,1,5.965123988821839
30230,0,47.318142858145244,151,0.024999999999999998,1,1,5.966794060035435
30330,0,46.541200286480205,151,0.06666666666666667,1,1,5.969914805783305
30440,6,49.591052919228765,157,0.024999999999999998,1,1,5.951959132524372
30550,6,49.33296654998193,142,0.024999999999999998,1,1,-5.977177317950382
30650,6,49.05221901188961,142,0.075,1,1,-5.983441866305746
30750,0,48.66002716123138,142,0.06666666666666667,1,1,-5.737156478201488
30860,9,49.32468446161077,145,0.075,1,1,-5.8811709015364215
30960,9,49.05442958014542,145,0.06666666666666667,1,1,-5.816885047629725
31070,9,48.75516465296882,145,0.06666666666666667,1,1,-5.880235528986919
31180,3,49.27782984325631,148,0.06666666666666667,1,1,-5.877066546047554
31280,0,48.74923900876745,148,0.06666666666666667,1,1,-5.887723956600656
31390,4,49.107707485020875,151,0.075,1,1,-5.902982897565067
31490,0,48.65429992974068,151,0.075,1,1,-5.8573077519093975
31600,5,49.266958565484835,154,0.06666666666666667,1,1,-5.85576153810757
31720,5,48.7143693887919,154,0.024999999999999998,1,1,-5.921733365011755
31810,2,48.59993772223482,156,0.06666666666666667,1,1,-5.953744956747169
31920,0,48.85978838432767,158,0.06666666666666667,1,1,-5.933677025047884
32040,6,49.17769809580833,161,0.024999999999999998,1,1,-5.951960626526329
32140,0,48.474466364308654,161,0.024999999999999998,1,1,-5.968306463400323
32250,6,48.83481670124921,164,0.024999999999999998,1,1,-5.966469513339309
32350,1,49.25670546914301,168,0.024999999999999998,1,1,-5.975315496274781
32460,1,47.70398452183972,168,0.024999999999999998,1,1,-5.975588986278257
32570,0,47.446737838463086,149,0.024999999999999998,1,1,5.977010185650138
32660,0,47.058751662074435,149,0.075,1,1,5.986067900837686
32770,0,46.635091538665826,149,0.075,1,1,5.7364059233052265
32870,6,48.68459741320182,152,0.075,1,1,-5.815199194285888
32980,2,49.103028938579094,154,0.06666666666666667,1,1,-5.828463358417087
33090,0,48.617545077176686,154,0.06666666666666667,1,1,-5.893705391189643
33190,8,49.22210053993982,157,0.06666666666666667,1,1,-5.891892959762431
33310,8,48.43080269085798,157,0.024999999999999998,1,1,-5.926124380960488
33400,8,48.93490126824176,160,0.06666666666666667,1,1,-5.95752608174344
33520,5,49.37162303514487,154,0.024999999999999998,1,1,-5.950227402738353
33620,5,49.071981251456734,154,0.075,1,1,-5.971947818107805
33720,5,48.71220650469854,154,0.06666666666666667,1,1,-5.777661139390402
33830,2,49.055281744241334,156,0.06666666666666667,1,1,-5.887849053498324
33930,2,48.65496307163104,156,0.06666666666666667,1,1,-5.904500193301449
34040,2,48.70839995226829,158,0.06666666666666667,1,1,-5.907315025533534
34150,0,48.34010177671006,158,0.075,1,1,5.912939377114849
34260,7,49.27126706897285,161,0.024999999999999998,1,1,-5.88531066930019
34360,7,48.697795513053755,161,0.06666666666666667,1,1,-5.957527597251404
34470,2,48.38609515204392,163,0.024999999999999998,1,1,-5.950625165568166
34570,0,48.38609515204392,153,0.06666666666666667,1,1,5.970879743153845
34680,7,49.13088222828011,156,0.075,1,1,-5.959291664731631
34780,7,48.82073256499608,156,0.075,1,1,-5.764141648743231
34890,3,49.41911264996878,159,0.075,1,1,-5.772322667608248
34990,3,49.14390895455887,159,0.06666666666666667,1,1,-5.776022017137274
35100,3,48.69879260467341,159,0.06666666666666667,1,1,-5.8587382931774075
35220,9,49.19034013024404,162,0.024999999999999998,1,1,-5.87904062715242
35320,0,48.60236211885823,162,0.024999999999999998,1,1,-5.963960823563089
35430,2,48.25719145460338,164,0.024999999999999998,1,1,-5.962432401353165
35530,4,49.21452082844014,158,0.024999999999999998,1,1,-5.9714724571979465
35630,4,48.91576327007336,158,0.075,1,1,-5.982642675775424
35740,2,49.0227895989357,159,0.075,1,1,-5.746577071675897
35840,2,48.631732292181724,159,0.06666666666666667,1,1,-5.768635162171926
35950,9,49.28902715314844,162,0.075,1,1,-5.870228653369757
36050,9,48.9561580518917,162,0.06666666666666667,1,1,-5.816433739141639
36160,0,48.62704457742624,162,0.06666666666666667,1,1,5.889773853969859
36270,5,49.171969616978565,165,0.06666666666666667,1,1,-5.897782259250852
36370,0,48.65883475007235,165,0.06666666666666667,1,1,-5.896758518565037
36480,7,49.142552237857494,168,0.06666666666666667,1,1,-5.916664471477276
36590,0,48.63404102596038,168,0.024999999999999998,1,1,-5.929473388277242
36700,1,48.269536136568036,169,0.024999999999999998,1,1,-5.964964288211794
36810,0,47.96431494411808,157,0.024999999999999998,1,1,5.967812653122361
36900,9,49.05095315456913,160,0.075,1,1,-5.978106844674462
37010,9,48.719921995245556,160,0.075,1,1,-5.7728916711688445
37110,8,49.06829284827433,163,0.06666666666666667,1,1,-5.7961296532021285
37220,8,48.59947169394121,163,0.075,1,1,-5.897284115349013
37330,0,48.124022805527865,163,0.06666666666666667,1,1,5.862361547850537
37430,7,49.05072389506492,166,0.06666666666666667,1,1,-5.923917555762124
37550,7,48.60406628214205,166,0.024999999999999998,1,1,-5.924813667869805
37650,3,49.17144489384651,169,0.024999999999999998,1,1,-5.9599072632335535
37760,3,48.75452456343566,169,0.024999999999999998,1,1,-5.9640673709777365
37870,6,49.18240355093153,172,0.024999999999999998,1,1,-5.961716569102431
37970,6,48.753860013862166,172,0.024999999999999998,1,1,-5.96187337477763
38080,0,48.28717258794044,172,0.024999999999999998,1,1,5.964198335437948
38180,6,49.506681270789024,176,0.024999999999999998,1,1,-5.9627669798796985
38290,6,49.22079769375943,162,0.024999999999999998,1,1,-5.965388345477905
38390,6,48.92766172351502,162,0.075,1,1,-5.96856577361588
38490,4,49.42689145194773,165,0.075,1,1,-5.759604607871936
38600,4,49.16442854979903,165,0.06666666666666667,1,1,-5.764785956061979
38700,4,48.893972994780036,165,0.06666666666666667,1,1,-5.870680863967148
38810,0,48.58561483595981,165,0.06666666666666667,1,1,5.873810343219325
38920,4,49.02847565102111,168,0.06666666666666667,1,1,-5.877147973814681
39020,4,48.500943751633216,168,0.075,1,1,-5.890658515833458
39130,0,48.120873213075775,168,0.075,1,1,5.862366113339172
39240,3,49.3281418607878,171,0.024999999999999998,1,1,-5.85707282998171
39350,3,48.95649459535931,171,0.024999999999999998,1,1,-5.958681191817793
39460,0,48.20873715950727,171,0.024999999999999998,1,1,5.959454910642085
39550,5,48.765415653070505,173,0.06666666666666667,1,1,-5.957863172559934
39670,0,48.30459734546273,173,0.024999999999999998,1,1,5.947991153002006
39780,0,48.86228523049502,176,0.024999999999999998,1,1,-5.96349265069429
39880,3,49.41027076185034,164,0.024999999999999998,1,1,-5.965013109664575
39980,3,49.05444358582771,164,0.075,1,1,-5.973220981890787
40080,3,48.72773507051754,164,0.075,1,1,-5.732192478652202
40190,8,49.27772480385777,167,0.06666666666666667,1,1,-5.80102949145974
40300,8,48.744674524573306,167,0.06666666666666667,1,1,-5.89609078424829
40400,3,49.22795079038379,170,0.075,1,1,-5.901016225992619
40510,3,48.53785259158233,170,0.06666666666666667,1,1,-5.85828702895918
40610,7,49.21173822766053,173,0.075,1,1,-5.912898562544256
40730,7,48.782473729226716,173,0.024999999999999998,1,1,-5.884827056406439
40840,0,48.33412808643706,173,0.024999999999999998,1,1,5.956136634239328
40940,0,47.90005992412165,173,0.024999999999999998,1,1,5.962820822822045
41050,0,47.31912374232277,173,0.024999999999999998,1,1,5.9641832281882845
41150,0,47.11965339139995,161,0.024999999999999998,1,1,5.963175029007113
41250,0,46.919426599540735,161,0.075,1,1,5.971188419930071
41360,0,46.62557826300097,161,0.075,1,1,5.670364475815753
41460,0,46.33496537571003,161,0.075,1,1,5.671462784565263
41570,0,48.66459497475791,164,0.075,1,1,5.765281587245281
41670,2,49.08351237179866,166,0.06666666666666667,1,1,-5.7630116679970715
41780,0,48.824586713519025,166,0.06666666666666667,1,1,-5.867936928642485
41900,4,49.523215085948685,169,0.024999999999999998,1,1,5.895034579824969
42000,4,49.05733579223476,169,0.024999999999999998,1,1,-5.9418399548307494
42110,4,48.37877410694079,169,0.024999999999999998,1,1,-5.96315077290148
42210,5,48.89431104093619,172,0.024999999999999998,1,1,-5.965337236905833
42320,0,48.699022112402986,161,0.024999999999999998,1,1,5.974602332733174
42420,5,49.33624848087683,164,0.075,1,1,-5.972872361976272
42520,5,48.94426313995296,164,0.075,1,1,-5.66414781005919
42630,0,48.421768678552866,164,0.06666666666666667,1,1,5.753890545295185
42730,0,48.03338019113341,164,0.075,1,1,5.91134549070715
42840,9,48.87074813613953,167,0.06666666666666667,1,1,-5.8559425120350435
42950,8,49.27231771015115,170,0.06666666666666667,1,1,-5.9106366775233985
43060,8,48.81622847421173,170,0.024999999999999998,1,1,-5.933072526077405
43170,8,49.191601073723334,173,0.024999999999999998,1,1,-5.959876923674683
43270,8,48.74454599041412,173,0.024999999999999998,1,1,-5.964703771326048
43380,3,49.17269396877616,176,0.024999999999999998,1,1,-5.9648066859967335
43490,3,48.617710398413806,176,0.024999999999999998,1,1,-5.964094729534923
43590,0,47.861869991800084,176,0.024999999999999998,1,1,5.964652826797569
43700,0,48.14480178947374,179,0.024999999999999998,1,1,-5.970079626793861
43800,6,49.22899203656899,168,0.024999999999999998,1,1,-5.976681295484657
43900,6,48.92672033304886,168,0.075,1,1,-5.983652557062824
44010,0,48.60306442544726,168,0.075,1,1,5.699205292045364
44110,3,49.36321617124771,171,0.075,1,1,-5.770971142469066
44220,3,49.014886530314314,171,0.06666666666666667,1,1,-5.784127714064366
44320,3,48.58819386206283,171,0.06666666666666667,1,1,-5.8538304971196355
44440,2,48.907219366075275,173,0.024999999999999998,1,1,-5.901767514756271
44550,0,48.4920608872205,173,0.024999999999999998,1,1,5.962627924378857
44650,0,47.89497327372292,173,0.024999999999999998,1,1,5.965301205808069
44760,0,47.32983905554383,173,0.024999999999999998,1,1,5.961733578773248
44860,7,48.96331907722191,166,0.024999999999999998,1,1,-5.971829998525764
44960,6,49.6049110648785,169,0.06666666666666667,1,1,5.970525377273626
45070,6,49.26590359028042,169,0.06666666666666667,1,1,-5.8660324179380625
45170,6,48.794441868933696,169,0.06666666666666667,1,1,-5.886879185261549
45290,0,48.619156279667955,165,0.024999999999999998,1,1,5.8994074048252365
45380,0,48.373624162629135,165,0.075,1,1,5.965686727762313
45490,3,49.23536623779633,168,0.06666666666666667,1,1,-5.630542540290175
45600,3,48.82944844875272,168,0.06666666666666667,1,1,-5.86603731566122
45700,3,49.34645960016312,171,0.075,1,1,-5.881918199981776
45810,3,49.03533464954864,171,0.06666666666666667,1,1,-5.822150348489263
45910,3,48.536829692313944,171,0.06666666666666667,1,1,-5.890139420147983
46020,5,49.21775754383924,174,0.075,1,1,-5.891517928695827
46130,5,48.79417538234946,174,0.06666666666666667,1,1,-5.850252863491693
46230,0,48.22323291166294,174,0.06666666666666667,1,1,5.901861296761008
46340,8,49.11610440018292,177,0.06666666666666667,1,1,-5.91706097304188
46450,0,48.73686614368126,177,0.024999999999999998,1,1,-5.935436246244428
46560,0,48.31277783385377,177,0.024999999999999998,1,1,5.956397307367043
46670,0,47.89433600871154,177,0.024999999999999998,1,1,5.958601973461408
46770,0,47.079883869980435,177,0.024999999999999998,1,1,5.962430214937753
46870,0,48.59839737761241,180,0.06666666666666667,1,1,5.96199315734865
46980,7,49.04430170308764,183,0.024999999999999998,1,1,-5.951319842169341
47090,7,48.33159170035434,183,0.024999999999999998,1,1,-5.9692192172560326
47200,0,48.88725739659624,186,0.024999999999999998,1,1,-5.969410431259237
47300,3,48.78024483972831,189,0.024999999999999998,1,1,-5.975576409192986
47410,6,49.42441242849536,172,0.024999999999999998,1,1,-5.972625466390891
47500,6,49.15753331342183,172,0.075,1,1,-5.979436199853323
47610,6,48.81544340215102,172,0.075,1,1,-5.690395578011251
47720,0,48.51767166020244,172,0.075,1,1,5.7447432335302375
47820,5,49.26174714296531,175,0.06666666666666667,1,1,-5.7941893899549335
47930,5,48.8744563550994,175,0.06666666666666667,1,1,-5.887225236265338
48040,6,49.21413112983347,178,0.06666666666666667,1,1,-5.887650629195165
48140,1,49.14015835028288,179,0.06666666666666667,1,1,-5.910417771848405
48250,1,48.695023341868854,179,0.06666666666666667,1,1,-5.921581706759145
48360,8,49.3734904182705,173,0.024999999999999998,1,1,-5.92839459367281
48460,8,49.125246690817,173,0.075,1,1,-5.9639621178151625
48570,8,48.85192541224301,173,0.075,1,1,-5.719724222156793
48670,0,48.922069505273264,174,0.075,1,1,5.728052820155717
48780,0,48.659782165088814,174,0.075,1,1,5.750003725444448
48880,0,48.38315208797077,174,0.06666666666666667,1,1,5.77751046723593
48990,8,49.00345404104644,176,0.06666666666666667,1,1,-5.873734791555534
49100,8,48.71775834966686,176,0.06666666666666667,1,1,-5.87959673715584
49200,0,48.42544666371171,176,0.06666666666666667,1,1,5.880105153006791
49310,0,48.11823445863986,176,0.06666666666666667,1,1,5.883003684426428
49410,0,48.32860581809943,177,0.06666666666666667,1,1,5.885358961218907
49520,6,49.179850447936644,180,0.06666666666666667,1,1,-5.890298104112729
49640,6,48.74619115207097,180,0.024999999999999998,1,1,-5.915920808534356
49740,6,49.210016412233145,183,0.024999999999999998,1,1,-5.952560718010063
49850,0,48.23664436889329,183,0.024999999999999998,1,1,-5.96314518446364
49950,2,49.02912136077991,170,0.024999999999999998,1,1,-5.961996517841489
50050,2,49.479827293035044,172,0.075,1,1,-5.980765123240357
50160,2,49.267565511482516,172,0.075,1,1,-5.6513188720660645
50260,2,49.05933371847544,172,0.075,1,1,-5.670422169507799
50370,2,48.87711953275945,172,0.075,1,1,-5.6879347461005905
50470,0,48.623739173721155,172,0.06666666666666667,1,1,5.682620616585867
50580,0,48.36480955177654,172,0.06666666666666667,1,1,5.824516532925129
50690,9,49.22932279416309,175,0.06666666666666667,1,1,-5.869767080271858
50790,9,48.930425698969984,175,0.06666666666666667,1,1,-5.8722704911819745
50900,0,48.64104692409304,175,0.06666666666666667,1,1,5.883178394952245
51000,5,49.28676104095903,178,0.06666666666666667,1,1,-5.887601556315911
51110,5,48.92534879765015,178,0.06666666666666667,1,1,-5.8843279094510565
51220,4,49.311595782025144,181,0.06666666666666667,1,1,-5.891351763169003
51320,4,48.65605584573628,181,0.06666666666666667,1,1,-5.9048772142427515
51430,7,49.22537703670911,184,0.06666666666666667,1,1,-5.90679818761674
51540,7,48.83078652811302,184,0.024999999999999998,1,1,-5.94228160676252
51650,9,49.187921187182575,187,0.024999999999999998,1,1,-5.958330877747019
51760,0,48.71731914120352,187,0.024999999999999998,1,1,-5.960009776127252
51860,0,48.55582616407449,169,0.024999999999999998,1,1,5.965322398645174
51960,8,49.386572275124294,172,0.075,1,1,-5.965633444800106
52060,8,49.09741507616283,172,0.075,1,1,-5.602825432941567
52170,8,48.69935666716445,172,0.06666666666666667,1,1,-5.648599133118968
52280,5,49.50299274717384,175,0.06666666666666667,1,1,5.884249180512679
52380,5,48.909623648405805,175,0.06666666666666667,1,1,-5.912513576166991
52490,0,48.465148596394116,175,0.06666666666666667,1,1,5.908252940092682
52600,7,49.38459950141348,178,0.024999999999999998,1,1,-5.937439440871893
52710,7,48.89687606551813,178,0.024999999999999998,1,1,-5.963916274117753
52820,9,49.08089276774487,181,0.024999999999999998,1,1,-5.969491111133089
52920,0,48.52475666786298,181,0.024999999999999998,1,1,-5.966659419174404
53030,0,48.34458674688607,170,0.024999999999999998,1,1,5.9716417157947586
53120,6,49.30974599513711,173,0.075,1,1,-5.970131053883846
53230,6,49.08783326096595,173,0.075,1,1,-5.639397845338963
53340,6,48.86842427798898,173,0.075,1,1,-5.670787690031718
53440,9,49.42802969753194,176,0.075,1,1,-5.699912706217585
53550,9,49.063663232018364,176,0.06666666666666667,1,1,-5.696901743534451
53650,9,49.632475182634685,179,0.075,1,1,-5.8615444803608545
53760,9,49.327373977618294,179,0.06666666666666667,1,1,-5.805028916695422
53870,9,49.02933725541215,179,0.06666666666666667,1,1,-5.889292764881277
53970,9,48.71912976255483,179,0.06666666666666667,1,1,-5.889627207589462
54080,8,49.32913180981379,182,0.06666666666666667,1,1,-5.887314097577154
54190,8,48.853991807991584,182,0.024999999999999998,1,1,-5.891234621843215
54290,9,49.19324114305349,185,0.06666666666666667,1,1,-5.947709463634531
54410,9,48.786656089629595,185,0.024999999999999998,1,1,-5.924772453885576
54510,0,48.292546643030406,185,0.024999999999999998,1,1,5.965420725997509
54620,0,48.08883984790828,170,0.024999999999999998,1,1,5.961036116873374
54710,0,47.86815240835923,170,0.075,1,1,5.967023970775082
54820,0,47.60141846129196,170,0.075,1,1,5.676415748066595
54930,0,47.33935903129109,170,0.075,1,1,5.698447329359257
55030,5,48.897354120966206,173,0.06666666666666667,1,1,-5.74462187955682
55140,5,49.18590764044336,176,0.06666666666666667,1,1,-5.873636564162477
55240,5,48.642939547955955,176,0.075,1,1,-5.892488167270725
55350,5,49.18564174520334,179,0.075,1,1,-5.847428984751652
55460,5,48.79545789478758,179,0.06666666666666667,1,1,-5.86040839624376
55570,5,48.99418393993271,182,0.024999999999999998,1,1,-5.915113519618456
55670,0,48.62326973879812,182,0.06666666666666667,1,1,5.9596169540605874
55790,2,48.95819905905172,184,0.024999999999999998,1,1,-5.941809422562961
55890,3,49.562431656199905,187,0.024999999999999998,1,1,-5.957790235120216
56000,3,49.00530026223305,187,0.024999999999999998,1,1,-5.962869682503408
56100,3,48.41751505186414,187,0.024999999999999998,1,1,-5.963242273465092
56210,5,49.347646440649434,175,0.024999999999999998,1,1,-5.9701752944595885
56310,5,49.063184661815114,175,0.075,1,1,-5.971464770691309
56410,5,48.78641234257859,175,0.06666666666666667,1,1,-5.64512732195689
56520,0,48.42882365704011,175,0.06666666666666667,1,1,5.882552508099553
56620,0,48.068551236360285,175,0.06666666666666667,1,1,5.879651885175143
56730,4,49.05253766988063,178,0.06666666666666667,1,1,-5.903991564031933
56850,4,48.634601387237616,178,0.024999999999999998,1,1,-5.904615136302237
56950,0,48.08953790449646,178,0.024999999999999998,1,1,5.958210814227921
57060,0,47.397212343586624,178,0.024999999999999998,1,1,5.961953453767567
57160,3,49.010997980485556,172,0.024999999999999998,1,1,-5.9696280279650935
57260,3,48.780792774066285,172,0.075,1,1,-5.975006466874067
57370,0,48.51946921345037,172,0.075,1,1,5.6949389955025245
57470,3,49.178632682140375,175,0.075,1,1,-5.709438301997936
57590,3,48.81933314613388,175,0.024999999999999998,1,1,-5.740006693925307
57690,2,49.02227481742385,177,0.024999999999999998,1,1,-5.958928425626972
57800,2,48.57429343266928,177,0.024999999999999998,1,1,-5.956595155102124
57910,0,48.728601436018295,178,0.024999999999999998,1,1,5.964497180396822
58010,0,48.16946827658887,178,0.024999999999999998,1,1,5.964158300989554
58120,0,48.57073990719744,181,0.024999999999999998,1,1,-5.9662884374967255
58220,0,48.317914402863,171,0.024999999999999998,1,1,5.970263797467943
58320,9,49.21887872762997,174,0.06666666666666667,1,1,-5.979380662274841
58430,9,48.93991751086848,174,0.06666666666666667,1,1,-5.869510848591548
58530,0,48.643160838592465,174,0.06666666666666667,1,1,5.881911107437018
58640,0,48.20613421439989,174,0.06666666666666667,1,1,5.880493568931041
58740,0,48.41395994604287,175,0.075,1,1,5.886883388640185
58860,5,49.171845138784974,178,0.024999999999999998,1,1,-5.832888976405396
58970,5,48.782107314822646,178,0.024999999999999998,1,1,-5.959612056761403
59070,0,48.230302897118,178,0.024999999999999998,1,1,5.956479852996563
59180,5,49.306054693218755,172,0.024999999999999998,1,1,-5.959576701858042
59270,5,49.09073850411922,172,0.075,1,1,-5.969936660701248
59380,5,48.80835039645937,172,0.075,1,1,-5.619611924499673
59490,5,49.408621241213524,175,0.075,1,1,-5.6918362261821525
59590,5,49.07269217160743,175,0.06666666666666667,1,1,-5.757015775807492
59700,5,48.783585974363646,175,0.075,1,1,-5.862386094804429
59800,0,48.47315584668526,175,0.06666666666666667,1,1,5.790945707942608
59910,0,48.15942114936589,175,0.06666666666666667,1,1,5.884231042121289
60020,2,48.787127824532156,177,0.06666666666666667,1,1,-5.891303521850058
60120,3,49.269873066606785,180,0.06666666666666667,1,1,-5.892314892726682
60230,3,48.6426178861534,180,0.06666666666666667,1,1,-5.9118984174689455
60330,0,48.27490990799278,180,0.075,1,1,5.90696599973187
60450,0,47.861444488456804,180,0.024999999999999998,1,1,5.875775054235809
60560,0,47.43448774264175,180,0.024999999999999998,1,1,5.957467830512973
60660,0,46.94222335586664,180,0.024999999999999998,1,1,5.961598124893736
60770,0,46.41472837315469,180,0.024999999999999998,1,1,5.962647837825361
60870,0,48.293881041202965,183,0.024999999999999998,1,1,5.966919610800463
60980,0,47.42628515573184,183,0.024999999999999998,1,1,5.9687867496104765
61090,0,48.11393764491921,166,0.024999999999999998,1,1,5.9735055469248985
61180,9,49.26619144150655,169,0.075,1,1,-5.979034444909867
61290,9,49.08588773816056,169,0.075,1,1,-5.62091755816625
61390,9,48.784304766918794,169,0.075,1,1,-5.629964193547162
61500,0,48.50531498701082,169,0.075,1,1,5.639634023372362
61610,2,48.974278697033505,171,0.06666666666666667,1,1,-5.770517458233684
61710,7,49.31889066956181,174,0.06666666666666667,1,1,-5.880504466431393
61830,7,48.93688793889234,174,0.024999999999999998,1,1,-5.90487827077644
61930,2,49.326459757723406,176,0.024999999999999998,1,1,5.958405720238913
62040,2,48.9249457226526,176,0.024999999999999998,1,1,-5.9588637790293975
62150,7,49.22255531223718,179,0.024999999999999998,1,1,-5.964454858646343
62250,7,48.61237807110014,179,0.024999999999999998,1,1,-5.960609642839425
62360,5,49.65893740177818,171,0.024999999999999998,1,1,5.96488905242072
62450,5,49.4007435432009,171,0.075,1,1,-5.972325130783944
62560,5,49.14979868456524,171,0.075,1,1,-5.704696874822505
62670,0,48.88673834550118,171,0.06666666666666667,1,1,-5.737252219412899
62770,0,48.491158946322486,171,0.06666666666666667,1,1,5.868634107528787
62880,0,48.19484224498136,171,0.075,1,1,5.874066704332859
62980,0,47.869693287717794,171,0.06666666666666667,1,1,5.818217579580129
63090,5,49.14658887707716,175,0.06666666666666667,1,1,-5.886734503329744
63200,0,48.83512162765769,175,0.075,1,1,-5.895652577185267
63300,0,48.29617232364795,175,0.06666666666666667,1,1,5.831456093251103
63410,0,47.92475139433672,175,0.075,1,1,5.8916232084656
63510,0,47.53289458742412,175,0.06666666666666667,1,1,5.859558023045716
63620,5,48.807455429741324,178,0.06666666666666667,1,1,-5.907110366795806
63730,8,49.055399912062114,181,0.06666666666666667,1,1,-5.911320382466392
63830,0,48.687851285717514,181,0.06666666666666667,1,1,-5.922905223416815
63950,0,48.92331253146902,183,0.024999999999999998,1,1,-5.9372569108604445
64060,1,48.08711781203091,184,0.024999999999999998,1,1,-5.957451660941471
64160,0,47.22921286394153,184,0.024999999999999998,1,1,5.966990164961931
64270,0,47.062900303763335,166,0.024999999999999998,1,1,5.983400630394351
64360,8,49.18735848333962,170,0.075,1,1,-5.978854601182046
64470,0,48.90943593601042,170,0.075,1,1,-5.613001428792528
64580,2,49.29869042957238,172,0.075,1,1,-5.71193096840021
64680,2,48.96928413183959,172,0.06666666666666667,1,1,-5.753617269628704
64790,0,48.408588932793926,172,0.06666666666666667,1,1,5.850016141726571
64900,0,47.810633670927224,172,0.024999999999999998,1,1,5.89683916501425
65010,0,47.28195365294152,172,0.024999999999999998,1,1,5.970332421954707
65120,0,46.69205461864752,172,0.024999999999999998,1,1,5.97186348669658
65220,3,48.950859509857445,177,0.024999999999999998,1,1,-5.96884524660431
65330,8,49.4913140696383,170,0.024999999999999998,1,1,-5.971548770335294
65420,8,49.28684052925268,170,0.075,1,1,-5.972448431170465
65530,8,48.970080528037876,170,0.075,1,1,-5.667954659498994
65640,0,48.699023825755276,170,0.075,1,1,5.677485498811476
65740,0,48.409029012837244,170,0.06666666666666667,1,1,5.780072698216293
65850,2,48.92952612832246,172,0.06666666666666667,1,1,-5.877391194577129
65950,1,48.913595312595355,173,0.06666666666666667,1,1,-5.884546174940116
66060,0,48.335198055614605,173,0.06666666666666667,1,1,5.905324857439526
66170,0,47.94164243765923,173,0.06666666666666667,1,1,5.907399187005355
66280,0,47.31295498596564,173,0.024999999999999998,1,1,5.936119208158549
66390,0,46.49058651510701,173,0.024999999999999998,1,1,5.959918308775474
66490,0,47.47189459326808,163,0.024999999999999998,1,1,5.972990239941116
66590,4,49.0042723667332,166,0.075,1,1,-5.978158950336529
66700,4,48.744149799789355,166,0.075,1,1,-5.653493017166713
66800,5,49.26002662517153,169,0.06666666666666667,1,1,-5.726522364918462
66910,0,48.85573590001558,169,0.06666666666666667,1,1,-5.872794979897259
67020,0,48.86423175700195,172,0.024999999999999998,1,1,-5.906331708814973
67120,4,49.16524773848567,175,0.06666666666666667,1,1,-5.960844480902884
67240,4,48.660092556778224,175,0.024999999999999998,1,1,-5.950489218310463
67340,0,47.949990319350825,175,0.024999999999999998,1,1,5.967254166980487
67450,4,48.41355649217321,178,0.024999999999999998,1,1,-5.967632867519906
67550,6,49.20323200939922,181,0.024999999999999998,1,1,5.975505316277156
67660,6,49.00471751476683,170,0.024999999999999998,1,1,-5.980847231700264
67760,6,48.80535454139508,170,0.075,1,1,-5.982430355745049
67860,0,48.60054640468052,170,0.075,1,1,5.668965272908859
67970,6,49.33417631923315,173,0.075,1,1,-5.670207928905774
68070,6,49.08690018514343,173,0.075,1,1,-5.677949937446394
68180,6,48.83677937516551,173,0.06666666666666667,1,1,-5.730831568894355
68290,7,49.37671784865741,176,0.06666666666666667,1,1,-5.866886178074279
68390,7,49.074728276233635,176,0.06666666666666667,1,1,-5.868245872545079
68500,7,48.776074019730586,176,0.06666666666666667,1,1,-5.880364819173201
68600,0,48.455146500636026,176,0.06666666666666667,1,1,5.8886214843370475
68710,0,48.02593566427164,176,0.06666666666666667,1,1,5.8875205865409255
68820,0,47.39023638228079,176,0.06666666666666667,1,1,5.894445401318567
68920,6,48.829520171347426,179,0.075,1,1,-5.917991872625608
69040,0,48.1768313499615,179,0.024999999999999998,1,1,5.877093703036282
69140,0,48.289997386505746,182,0.024999999999999998,1,1,-5.96023974702176
69250,0,48.12631597022528,167,0.024999999999999998,1,1,5.973796684321691
69350,7,49.16999018221101,170,0.075,1,1,-5.983150433465773
69450,0,48.81832686040304,170,0.075,1,1,-5.607515758122996
69560,4,49.24308979787991,173,0.06666666666666667,1,1,-5.751212605086641
69660,4,48.884738372097445,173,0.06666666666666667,1,1,-5.902581572508574
69780,0,48.411336880479176,173,0.024999999999999998,1,1,5.914131701775469
69890,0,47.973953975718345,173,0.024999999999999998,1,1,5.956494202164309
69990,3,49.25448533134689,176,0.024999999999999998,1,1,5.965806247861757
70100,3,48.41178352910292,176,0.024999999999999998,1,1,-5.963414934258977
70200,2,48.39776202350876,178,0.024999999999999998,1,1,-5.966794243877363
70310,0,48.24917736227691,168,0.024999999999999998,1,1,5.978564150520678
70410,6,49.31754965894505,171,0.075,1,1,-5.979545474091875
70510,6,49.13312960753302,171,0.075,1,1,-5.572539142447721
70620,6,48.94783168290598,171,0.075,1,1,-5.607529856126177
70720,7,49.42816007108225,174,0.075,1,1,-5.646742755157849
70830,7,49.16833485510737,174,0.06666666666666667,1,1,-5.648220184176647
70940,0,48.84015859725729,174,0.06666666666666667,1,1,-5.872779127769927
71040,8,49.3144361870874,177,0.06666666666666667,1,1,-5.872664688818922
71160,8,48.93074076408786,177,0.024999999999999998,1,1,-5.89649944722787
71260,0,48.533225907334966,177,0.024999999999999998,1,1,5.9546547723663865
71370,6,49.20650444599633,180,0.024999999999999998,1,1,-5.959022232049495
71480,6,48.47140547236245,180,0.024999999999999998,1,1,-5.960265681135649
71570,7,49.38995016591848,183,0.06666666666666667,1,1,5.956552233294303
71690,7,48.70661360570209,183,0.024999999999999998,1,1,-5.947291651667611
71800,2,49.44304586479249,188,0.024999999999999998,1,1,-5.968925951074657
71900,2,49.26818763800286,173,0.024999999999999998,1,1,-5.974744370376979
72000,2,49.0955705324831,173,0.075,1,1,-5.9790770035484355
72100,0,48.892864205398915,173,0.075,1,1,-5.629745561040914
72210,2,49.41753928980207,175,0.075,1,1,5.62550532860682
72320,2,49.17914683277642,175,0.075,1,1,-5.675008356324996
72420,2,48.93896521898987,175,0.075,1,1,-5.675986694970116
72530,9,49.44680794584518,178,0.075,1,1,-5.718221014221593
72630,9,49.162170115301805,178,0.06666666666666667,1,1,-5.720063999429246
72740,9,48.86060112595868,178,0.06666666666666667,1,1,-5.862652638290816
72850,0,48.55466106791382,178,0.06666666666666667,1,1,5.882617115862214
72950,0,48.180864268550046,178,0.06666666666666667,1,1,5.888483980470337
73060,0,47.78759824568738,178,0.06666666666666667,1,1,5.889894893531571
73160,0,47.37858072332424,178,0.06666666666666667,1,1,5.907623149307688
73270,0,46.830335076085156,178,0.06666666666666667,1,1,5.911594778283943
73380,6,48.69731866788056,181,0.06666666666666667,1,1,-5.914534751762726
73490,0,48.34760517116637,181,0.024999999999999998,1,1,5.9332436080976985
73600,2,48.65787941495,183,0.024999999999999998,1,1,-5.957038333503678
73700,7,49.35382975191563,186,0.024999999999999998,1,1,-5.9555494067513814
73810,7,49.18121000395255,168,0.024999999999999998,1,1,-5.972233910031935
73910,7,48.98843853797824,168,0.075,1,1,-5.978486030264889
74010,6,49.50158693718946,171,0.075,1,1,-5.625510389168742
74120,6,49.29478194195124,171,0.075,1,1,-5.660281833822817
74220,6,49.085243399130476,171,0.075,1,1,-5.669224824019987
74330,0,48.840104747023396,171,0.075,1,1,-5.680691989943967
74440,5,49.40486606089337,174,0.06666666666666667,1,1,-5.684365056484025
74540,5,49.15019757378039,174,0.06666666666666667,1,1,-5.865844169591304
74650,5,48.75602854137907,174,0.06666666666666667,1,1,-5.868876134782322
74750,4,49.36373984073178,177,0.075,1,1,-5.870357717651628
74860,4,49.03473299927631,177,0.06666666666666667,1,1,-5.817665504040686
74970,4,48.6822796539525,177,0.06666666666666667,1,1,-5.876009455662094
75070,0,48.151128301827264,177,0.06666666666666667,1,1,5.8967291156627395
75180,4,49.03306119570864,180,0.075,1,1,-5.902772265151163
75280,0,48.57052055274202,180,0.06666666666666667,1,1,-5.857872002044095
75390,2,49.00785117732616,182,0.06666666666666667,1,1,-5.916306295179577
75510,0,48.589234443922614,182,0.024999999999999998,1,1,-5.923044953077553
75610,0,47.96467310066437,182,0.024999999999999998,1,1,5.956330510952093
75720,0,47.79575286130551,164,0.024999999999999998,1,1,5.962006871840281
75810,0,47.532528107477795,164,0.075,1,1,5.972845382456399
75920,0,47.151106740816324,164,0.075,1,1,5.61827967723818
76040,0,46.772517326483644,164,0.024999999999999998,1,1,5.741649226208125
76140,0,48.446132844526055,167,0.024999999999999998,1,1,-5.958809035007744
76240,4,49.07311038512345,170,0.06666666666666667,1,1,-5.958539975157204
76350,4,48.54370489482442,170,0.024999999999999998,1,1,-5.937798604856647
76460,8,48.88219909068034,173,0.024999999999999998,1,1,-5.96537553044273
76570,9,48.61224475593367,176,0.024999999999999998,1,1,-5.968880929480915
76670,8,49.53262328001308,170,0.024999999999999998,1,1,5.974831710423207
76770,8,49.28545168006557,170,0.075,1,1,-5.981883260322996
76870,8,48.97775143077231,170,0.075,1,1,-5.655339314139889
76980,9,49.45207911748058,173,0.075,1,1,-5.727019228154451
77090,9,49.06648094616008,173,0.06666666666666667,1,1,-5.774478368231035
77190,0,48.729710825021776,173,0.075,1,1,-5.865791916474845
77300,5,49.49469183528824,176,0.06666666666666667,1,1,5.814226033877451
77400,5,48.93289063379226,176,0.06666666666666667,1,1,-5.898821819689974
77510,6,49.2960792387714,179,0.06666666666666667,1,1,-5.918944483778674
77630,0,48.71613176816713,179,0.024999999999999998,1,1,-5.93457426403634
77720,0,48.132524222259434,179,0.06666666666666667,1,1,5.959395295180589
77840,8,48.95774914607741,182,0.024999999999999998,1,1,-5.936259043429375
77940,0,48.230807616982496,182,0.024999999999999998,1,1,5.971296975053673
78050,8,48.7040675535435,170,0.024999999999999998,1,1,5.966728718127677
78150,0,48.51955267405249,170,0.075,1,1,5.97595543032025
78250,0,48.278608105553104,170,0.075,1,1,5.62946132615882
78360,7,49.22758754523067,173,0.075,1,1,-5.6469029873036956
78460,7,48.89543532012196,173,0.06666666666666667,1,1,-5.720841940313937
78570,8,49.2171638695215,176,0.06666666666666667,1,1,-5.87377055318307
78680,8,48.82327282298918,176,0.06666666666666667,1,1,-5.897588607559484
78790,0,48.39214402488988,176,0.024999999999999998,1,1,5.922046825067558
78900,0,47.97442842348425,176,0.024999999999999998,1,1,5.959948007495364
79000,0,48.84903236771746,179,0.024999999999999998,1,1,-5.96295922229378
79110,8,49.04268198734019,182,0.024999999999999998,1,1,-5.961936092251207
79220,8,47.9668544295014,182,0.024999999999999998,1,1,-5.969891072281999
79320,0,47.80906202479648,170,0.024999999999999998,1,1,5.972549196933063
79420,8,49.162349499275635,173,0.075,1,1,-5.982117702189384
79530,8,48.914735546401474,173,0.075,1,1,-5.594617183653909
79630,6,49.59858026556963,176,0.075,1,1,5.653472377278715
79740,6,49.28297927115745,176,0.06666666666666667,1,1,-5.727446720970404
79840,6,48.72384326966762,176,0.06666666666666667,1,1,-5.8767702547132
79950,1,48.7985060740804,177,0.06666666666666667,1,1,-5.892876868745501
80070,0,48.41189227316617,177,0.024999999999999998,1,1,5.934317688851414
80170,0,47.97504674051772,177,0.024999999999999998,1,1,5.955662184245911
80280,9,48.6956438659501,180,0.024999999999999998,1,1,-5.95929218268937
80370,0,48.6956438659501,170,0.06666666666666667,1,1,5.963376287793402
80480,0,48.302716302990184,170,0.075,1,1,5.945489741599415
80590,0,48.085950331481136,170,0.075,1,1,5.649349248673141
80690,0,47.810306718457156,170,0.075,1,1,5.680893794057125
80800,0,47.545495695448125,170,0.075,1,1,5.69365141665655
80900,9,48.98115086214408,173,0.06666666666666667,1,1,-5.751842050741208
81010,3,49.371408119020224,176,0.06666666666666667,1,1,-5.874811391243927
81120,3,49.01785901076183,176,0.06666666666666667,1,1,-5.885106657765349
81220,5,49.58895123610797,179,0.06666666666666667,1,1,-5.8960913826179535
81330,5,49.23527297577126,179,0.06666666666666667,1,1,-5.903035365388424
81440,5,48.820615822897615,179,0.024999999999999998,1,1,-5.913833539818997
81550,0,48.34412267381162,179,0.024999999999999998,1,1,5.9559887554652535
81660,4,48.991413962638056,182,0.024999999999999998,1,1,-5.961693584623206
81760,3,49.21572799090831,185,0.024999999999999998,1,1,-5.965994740423602
81870,3,48.59323606499479,185,0.024999999999999998,1,1,-5.968306155785552
81970,9,49.39044359146557,173,0.024999999999999998,1,1,-5.966526265730439
82070,9,49.18279875851926,173,0.075,1,1,-5.972772009910406
82180,9,48.963194560030736,173,0.075,1,1,-5.660228964882505
82280,1,49.06654593657998,174,0.075,1,1,-5.681830263413633
82390,0,48.8180423101669,174,0.075,1,1,-5.697138858361914
82490,3,49.466027905440875,177,0.075,1,1,-5.722162571964833
82600,3,49.17988734786462,177,0.06666666666666667,1,1,-5.728302090350085
82710,0,48.763513119025795,177,0.075,1,1,-5.8258637558256465
82810,0,48.30597574346465,177,0.06666666666666667,1,1,5.759792528749316
82920,4,49.111435135960285,180,0.06666666666666667,1,1,-5.915832584546957
83030,4,48.394216764067764,180,0.024999999999999998,1,1,-5.922332855212581
83130,0,47.868417954082474,180,0.06666666666666667,1,1,5.959293830540849
83250,0,48.79994844924223,183,0.024999999999999998,1,1,5.946261804508743
83350,8,48.996462946917596,186,0.024999999999999998,1,1,-5.968702564504724
83460,0,48.321272421412345,186,0.024999999999999998,1,1,5.970668473828359
83560,0,48.15272208518938,171,0.024999999999999998,1,1,5.973642709663182
83660,3,49.266665209006355,174,0.075,1,1,-5.974500845499774
83770,3,49.06912074144561,174,0.075,1,1,-5.617540293063112
83870,3,48.82387433357688,174,0.075,1,1,-5.649380930365006
83980,0,48.584973383055235,174,0.075,1,1,5.667532199450926
84080,0,48.32917643438888,174,0.06666666666666667,1,1,5.725141504801271
84190,0,47.96367933622949,174,0.06666666666666667,1,1,5.862698974106848
84300,0,47.69866943172756,174,0.075,1,1,5.870870352185763
84400,0,48.833496590004145,177,0.06666666666666667,1,1,-5.805544846311308
84510,0,48.49630943599689,177,0.06666666666666667,1,1,5.874895378786832
84620,3,49.18186175200364,180,0.024999999999999998,1,1,-5.926014647826498
84730,0,48.608064453854674,180,0.024999999999999998,1,1,-5.954093895711843
84840,3,48.857261994592804,183,0.024999999999999998,1,1,-5.957957570164557
84940,0,48.986426541533405,186,0.024999999999999998,1,1,5.970893380141349
85050,7,48.73135480583089,188,0.024999999999999998,1,1,-5.97604305476679
85150,0,48.55598124645485,173,0.024999999999999998,1,1,5.974494608010868
85250,0,48.28479136150505,173,0.075,1,1,5.978072742994228
85360,0,48.05685329417916,173,0.075,1,1,5.63070613973003
85460,0,47.74586360633039,173,0.06666666666666667,1,1,5.748289896714659
85570,4,48.97917074167631,176,0.06666666666666667,1,1,-5.856763301758543
85670,8,49.58225156871245,179,0.06666666666666667,1,1,5.891476263505125
85780,8,49.22654844664321,179,0.06666666666666667,1,1,-5.902888590933878
85900,8,49.06768351679358,172,0.024999999999999998,1,1,-5.910772309231565
85990,8,48.874353641514894,172,0.075,1,1,-5.956209383285039
86100,0,48.63991142697625,172,0.075,1,1,5.597033008783441
86200,2,49.15316861999176,174,0.075,1,1,-5.66114759350553
86310,2,48.77863448566111,174,0.06666666666666667,1,1,-5.714056687349763
86420,2,49.33313629484092,176,0.075,1,1,5.864456439278627
86520,2,48.93475229954053,176,0.06666666666666667,1,1,-5.809559802330032
86630,0,48.56755344868861,176,0.075,1,1,5.88053804284554
86730,1,48.63417525508735,177,0.06666666666666667,1,1,-5.819304104496052
86840,8,49.25456166361665,180,0.06666666666666667,1,1,-5.906182970834828
86960,0,48.88637343699064,180,0.024999999999999998,1,1,-5.9148641679684095
87060,2,49.12139898345721,182,0.024999999999999998,1,1,-5.954518644443022
87170,0,48.66980178222305,182,0.024999999999999998,1,1,-5.957516477630427
87270,0,48.24441620544559,182,0.024999999999999998,1,1,5.95901854604171
87380,3,49.68233123410556,188,0.024999999999999998,1,1,-5.96440396893878
87490,3,48.971803885466386,188,0.024999999999999998,1,1,-5.96252899771298
87590,0,48.80450731304261,172,0.024999999999999998,1,1,5.96994365509556
87690,0,48.62380284485422,172,0.075,1,1,5.975516941147453
87800,3,49.39091149834096,175,0.075,1,1,-5.615011345685674
87900,3,49.17695981894459,175,0.075,1,1,-5.640339554448471
88010,1,49.27652164691299,176,0.075,1,1,-5.673045355004957
88110,1,49.0433793157702,176,0.075,1,1,-5.690106406134855
88220,1,48.78909840466255,176,0.06666666666666667,1,1,-5.740747152911987
88330,2,49.209428570294904,178,0.06666666666666667,1,1,-5.859649161357675
88430,2,48.82279692322539,178,0.06666666666666667,1,1,-5.870180621734128
88540,0,48.496847124855385,178,0.075,1,1,5.869310326001913
88640,0,48.5283180945088,179,0.06666666666666667,1,1,5.814648631657495
88750,3,49.10151624269814,182,0.075,1,1,-5.8958781144237875
88870,3,48.632594931029736,182,0.024999999999999998,1,1,-5.8426369628283785
88970,4,49.42753190484483,185,0.024999999999999998,1,1,5.965117086395996
89080,4,48.811772599907954,185,0.024999999999999998,1,1,-5.965528710747975
89180,0,48.04466241048381,185,0.024999999999999998,1,1,5.970505545380262
89290,0,47.84555957281511,169,0.024999999999999998,1,1,5.9725299009585315
89390,4,49.14286310893406,172,0.075,1,1,-5.976949585492407
89490,4,48.89366524269154,172,0.075,1,1,-5.6698280101108836
89600,9,49.39278046374849,175,0.075,1,1,-5.696140117627795
89700,9,49.134286991563044,175,0.075,1,1,-5.728965494974065
89810,9,48.846867792830174,175,0.06666666666666667,1,1,-5.754765993184507
89920,0,48.39674077582667,175,0.06666666666666667,1,1,5.872077549189974
90020,0,47.99672359224075,175,0.06666666666666667,1,1,5.883627509131236
90140,7,49.67561672056952,181,0.024999999999999998,1,1,-5.921249406554969
90240,7,48.92423792267965,181,0.024999999999999998,1,1,-5.960481702207394
90350,0,48.75082287805043,171,0.024999999999999998,1,1,5.9674195616919805
90450,9,49.44412398639582,174,0.075,1,1,-5.9765728648815095
90550,9,49.20915508951329,174,0.075,1,1,-5.627026869320358
90660,9,48.91907116889732,174,0.075,1,1,-5.648974959729495
90760,0,48.65647713787577,174,0.075,1,1,5.714619648389238
90870,6,49.22916181763664,177,0.06666666666666667,1,1,-5.762635913345507
90980,6,48.950684750032885,177,0.075,1,1,-5.873866708822951
91080,0,48.65945439493392,177,0.06666666666666667,1,1,5.808785352304344
91190,0,48.34179229554326,177,0.06666666666666667,1,1,5.8803085209245225
91290,0,47.86364671428157,177,0.06666666666666667,1,1,5.884981199088781
91400,8,49.02170262153366,180,0.075,1,1,-5.8934899539927645
91510,8,48.642721497999844,180,0.06666666666666667,1,1,-5.844986184361529
91610,9,49.11096830121399,183,0.06666666666666667,1,1,-5.901015223601372
91720,9,48.6609786879957,183,0.06666666666666667,1,1,-5.908720056273184
91820,7,49.05780754357979,186,0.06666666666666667,1,1,-5.926301877600383
91930,7,48.71819116429448,186,0.06666666666666667,1,1,-5.921228983959189
92050,0,48.381995818507164,186,0.024999999999999998,1,1,5.932960561466921
92150,0,48.03639400518408,186,0.024999999999999998,1,1,5.954384497187657
92260,5,48.95421230096906,189,0.024999999999999998,1,1,-5.95397404938717
92360,0,48.78936154490925,170,0.024999999999999998,1,1,5.955083200553734
92460,0,48.58831555201383,170,0.075,1,1,5.965216327939171
92570,0,48.36897765771018,170,0.075,1,1,5.609974005910128
92670,0,48.97139604333057,172,0.075,1,1,-5.6726433698043675
92780,0,48.71365350938775,172,0.075,1,1,5.696815297096669
92880,5,49.29523916459439,175,0.06666666666666667,1,1,-5.771909007737785
92990,5,48.944706624604194,175,0.06666666666666667,1,1,-5.871743852394544
93100,7,49.304788949264896,178,0.06666666666666667,1,1,-5.895219255734198
93200,0,48.92387628079583,178,0.06666666666666667,1,1,-5.902307155003988
93320,2,49.05175580626632,180,0.024999999999999998,1,1,-5.909454331562287
93420,2,48.551608027397016,180,0.024999999999999998,1,1,-5.958760997296028
93530,9,48.98565222474764,183,0.024999999999999998,1,1,-5.9655939589489035
93640,4,49.055425903986766,186,0.024999999999999998,1,1,-5.967360151381155
93740,4,48.888678697334825,173,0.024999999999999998,1,1,-5.971360999987944
93840,3,49.480961060329555,176,0.075,1,1,-5.973512541770067
93940,3,49.20452295841379,176,0.075,1,1,-5.613891973336073
94050,3,48.73083805932101,176,0.06666666666666667,1,1,-5.655527414938846
94160,5,49.11254522462716,179,0.06666666666666667,1,1,-5.879522219014535
94260,5,48.65918236695258,179,0.06666666666666667,1,1,-5.924577587831344
94380,0,48.181700183182116,179,0.024999999999999998,1,1,5.9292745927544654
94480,0,48.736591833110054,181,0.024999999999999998,1,1,-5.964522515476555
94590,9,49.12460588105848,184,0.024999999999999998,1,1,-5.966054527166197
94700,0,48.63404524589475,184,0.024999999999999998,1,1,-5.964649859626194
94800,8,48.877125856388666,187,0.024999999999999998,1,1,-5.9674097419468435
94910,0,48.99953774745467,190,0.024999999999999998,1,1,5.9668225496145135
95010,1,49.15980835431986,179,0.024999999999999998,1,1,-5.975722972464722
95110,1,48.92599317274341,179,0.075,1,1,-5.974273509929168
95220,0,48.69020766585227,179,0.06666666666666667,1,1,5.626650101254525
95320,9,49.35415888181328,182,0.06666666666666667,1,1,-5.860013092734085
95430,9,48.939164264537595,182,0.06666666666666667,1,1,-5.861067110688029
95540,0,48.57119152538462,182,0.075,1,1,5.8717491850304295
95640,0,48.070272326791375,182,0.06666666666666667,1,1,5.825445762980315
95750,0,48.34230603019113,183,0.06666666666666667,1,1,5.906354529372363
95860,0,47.98492866855989,183,0.024999999999999998,1,1,5.9280389898211725
95970,0,47.5261962835113,183,0.024999999999999998,1,1,5.957819586535722
96080,6,48.8633872559279,186,0.024999999999999998,1,1,-5.956389931450383
96180,0,48.151269494021754,186,0.024999999999999998,1,1,5.964877447387988
96290,8,49.25829160367895,189,0.024999999999999998,1,1,-5.9607892171793235
96390,8,48.988192544413984,176,0.024999999999999998,1,1,-5.9755603090687845
96490,4,49.245282880476566,178,0.075,1,1,-5.973856285489886
96600,4,48.92219775643438,178,0.075,1,1,-5.747402714173653
96700,4,49.40398810890788,181,0.075,1,1,-5.772764982704211
96810,4,49.02753827412225,181,0.06666666666666667,1,1,-5.783798433667481
96910,0,48.617032070831,181,0.06666666666666667,1,1,-5.879609536802849
97020,0,48.25529289428749,181,0.06666666666666667,1,1,5.908188206058872
97140,2,49.054795628274675,176,0.024999999999999998,1,1,-5.914801084972044
97230,2,48.876344946020986,176,0.075,1,1,-5.956852505999861
97340,8,49.58481840793929,179,0.075,1,1,5.619984520753053
97440,8,49.36002697193445,179,0.075,1,1,-5.636332997203377
97550,8,49.11162676986341,179,0.06666666666666667,1,1,-5.75335441168495
97660,8,48.810561969040634,179,0.06666666666666667,1,1,-5.854955065885054
97760,6,49.33928734383376,182,0.06666666666666667,1,1,-5.867427104750438
97870,6,49.026673136054825,182,0.06666666666666667,1,1,-5.888318645129288
97970,6,48.657894883618674,182,0.06666666666666667,1,1,-5.890636078663014
98090,3,49.23740803541662,185,0.024999999999999998,1,1,-5.891974321510457
98200,3,48.82101566143343,185,0.024999999999999998,1,1,-5.957576072349556
98300,9,49.27696653661867,187,0.024999999999999998,1,1,5.957184059091207
98410,9,48.82454036928529,187,0.024999999999999998,1,1,-5.961831606957309
98510,7,49.20537522763865,190,0.024999999999999998,1,1,-5.964148680147865
98620,0,48.661701113542044,190,0.024999999999999998,1,1,-5.9644597405373485
98730,0,48.17890378934105,190,0.024999999999999998,1,1,5.964045504472153
98830,0,47.354302550511484,190,0.024999999999999998,1,1,5.96956346867984
98940,0,48.38166769873481,193,0.024999999999999998,1,1,5.966371649884869
99040,7,49.36128654742515,178,0.024999999999999998,1,1,-5.978204418613448
99140,7,49.19786077935376,178,0.075,1,1,-5.978401527413433
99250,7,49.030219931648425,178,0.075,1,1,-5.5977984029876495
99350,7,48.81981926870697,178,0.075,1,1,-5.606973924709285
99460,2,49.2576681272375,180,0.075,1,1,-5.615709317856683
99560,2,49.02053271252467,180,0.075,1,1,-5.685504654375189
99670,0,48.76476212757299,180,0.06666666666666667,1,1,-5.694940753952588
99780,2,49.11685193136508,182,0.06666666666666667,1,1,-5.861779342476535
99880,0,48.778994111876216,182,0.06666666666666667,1,1,-5.870858426335611
99990,7,49.20943831405553,185,0.06666666666666667,1,1,-5.89812715982868
100100,7,48.566195756319324,185,0.024999999999999998,1,1,-5.899107458444903
100210,4,49.31578798146897,177,0.024999999999999998,1,1,-5.962784820955767
100310,4,49.08862163275171,177,0.075,1,1,-5.973486446633207
100410,4,48.84316281500104,177,0.06666666666666667,1,1,-5.738304660328677
100520,0,48.6680579720628,177,0.06666666666666667,1,1,5.856324361401325
100630,6,49.29603149998631,180,0.024999999999999998,1,1,-5.866001380102918
100730,6,48.86668042861993,180,0.06666666666666667,1,1,-5.91672582432698
100840,7,49.18543706910556,183,0.06666666666666667,1,1,-5.890958686752726
100940,7,48.74026453404795,183,0.06666666666666667,1,1,-5.918014757482877
101050,0,48.388500075582684,183,0.06666666666666667,1,1,5.925252753450071
101160,3,49.163810634512,186,0.024999999999999998,1,1,-5.920505134818019
101270,3,48.74075665428567,186,0.024999999999999998,1,1,-5.955777909092794
101380,4,49.20575480489911,189,0.024999999999999998,1,1,-5.956532221731953
101480,4,48.75043655353069,189,0.024999999999999998,1,1,-5.962351022295242
101590,5,48.7478598289944,192,0.024999999999999998,1,1,-5.962203154108733
101690,0,48.584504883952356,178,0.024999999999999998,1,1,5.9646527335236055
101790,6,49.306687121441776,181,0.075,1,1,-5.9792926808844316
101900,6,48.94305685410076,181,0.075,1,1,-5.606823537464964
102000,0,48.549070957489725,181,0.075,1,1,5.75047013712917
102110,0,48.28239283509911,181,0.075,1,1,5.804691300147799
102210,2,48.92330771435616,183,0.06666666666666667,1,1,-5.81759353494092
102320,4,49.347548210933404,186,0.06666666666666667,1,1,-5.875595027234997
102430,0,48.87280303632931,186,0.06666666666666667,1,1,-5.892186490537937
102530,0,48.53468711124519,186,0.06666666666666667,1,1,5.89793370224271
102650,0,48.16424667702346,186,0.024999999999999998,1,1,5.924719695801278
102750,0,47.78995529581969,186,0.024999999999999998,1,1,5.954205491717773
102860,0,48.90857449478622,189,0.024999999999999998,1,1,5.957742944286768
102970,0,48.32700545954872,189,0.024999999999999998,1,1,5.958123894075157
103070,0,48.70812962435979,177,0.024999999999999998,1,1,5.963358413997447
103170,0,48.52844485762382,177,0.075,1,1,5.971214226720129
103270,0,48.22836017962148,177,0.075,1,1,5.632862113411454
103380,3,49.150486279116954,180,0.075,1,1,-5.638538575688787
103490,3,48.8878290147096,180,0.075,1,1,-5.769523553425616
103590,8,49.23411096847338,183,0.06666666666666667,1,1,-5.784660388553468
103700,8,48.90062355095827,183,0.06666666666666667,1,1,-5.87389386989805
103820,0,48.36117945053654,183,0.024999999999999998,1,1,5.919139527131235
103920,0,48.6074598915455,176,0.024999999999999998,1,1,5.953643228540916
104020,0,48.381048972021965,176,0.075,1,1,5.969364875428711
104120,0,48.15691874149709,176,0.06666666666666667,1,1,5.769462477284671
104230,3,49.19996007035309,179,0.06666666666666667,1,1,-5.855891852378121
104340,3,48.897718165236704,179,0.06666666666666667,1,1,-5.854568788459487
104440,0,48.59420155525611,179,0.06666666666666667,1,1,5.870025226729104
104550,0,48.26716113181362,179,0.06666666666666667,1,1,5.888703800449139
104650,0,47.71742697259391,179,0.06666666666666667,1,1,5.889117578111125
104760,5,48.76740076871297,182,0.06666666666666667,1,1,-5.896183513287712
104870,0,48.408133354191094,182,0.06666666666666667,1,1,5.9333929027700965
104980,4,49.06125651758091,185,0.024999999999999998,1,1,-5.934040168341836
105090,4,48.6138881454538,185,0.024999999999999998,1,1,-5.956591743533107
105190,8,49.41262692157762,176,0.024999999999999998,1,1,-5.96541306478461
105290,8,49.205300463011774,176,0.075,1,1,-5.964116259648983
105400,8,48.98800059743177,176,0.075,1,1,-5.633105338492788
105500,0,48.67221066470325,176,0.075,1,1,5.681399786604479
105610,0,48.33127280273696,176,0.075,1,1,5.694314061348589
105710,2,48.868213735759895,178,0.075,1,1,-5.779488526689732
105820,0,48.5623921457275,178,0.075,1,1,5.793591474168589
105930,7,48.9679421783133,181,0.06666666666666667,1,1,-5.816062862754806
106030,0,48.56387555235377,181,0.075,1,1,5.889857176845406
106140,1,48.64610435791606,182,0.06666666666666667,1,1,-5.872312889423526
106250,7,49.237329003988165,185,0.024999999999999998,1,1,-5.9136350705393435
106360,7,48.84550912708326,185,0.024999999999999998,1,1,-5.960175494237307
106470,0,48.25757636053026,185,0.024999999999999998,1,1,5.956829183906765
106560,6,49.07198037157033,188,0.06666666666666667,1,1,-5.959763819324895
106680,6,48.6649784088624,188,0.024999999999999998,1,1,-5.936967766927352
106780,0,48.632050858014715,189,0.024999999999999998,1,1,-5.961459424891677
106890,6,48.85800016764796,192,0.024999999999999998,1,1,-5.961070708963018
107000,0,48.68746886853705,175,0.024999999999999998,1,1,5.966081802362443
107090,4,49.358447804618066,178,0.075,1,1,-5.976206417458824
107200,4,49.103426783218524,178,0.075,1,1,-5.621464773821638
107300,4,48.76948065082303,178,0.075,1,1,-5.732216165220235
107410,0,48.50939416274089,178,0.075,1,1,5.734393567772151
107520,0,48.240304919332566,178,0.06666666666666667,1,1,5.78987702792443
107620,0,47.877855509934825,178,0.06666666666666667,1,1,5.872779186697769
107730,4,48.82894134985211,181,0.06666666666666667,1,1,-5.8765912058671
107830,0,48.43554777275443,181,0.06666666666666667,1,1,5.905114276182303
107950,4,49.092477923355574,184,0.024999999999999998,1,1,-5.932636614659248
108060,4,48.6727301414508,184,0.024999999999999998,1,1,-5.959903943702483
108160,0,48.2562089926277,184,0.024999999999999998,1,1,5.963881843593405
108270,0,47.68367327099407,184,0.024999999999999998,1,1,5.962095282521458
108370,4,49.631412184404844,190,0.024999999999999998,1,1,-5.961841804334059
108480,4,49.445360302892155,176,0.024999999999999998,1,1,-5.970840479076876
108580,4,49.21515776134046,176,0.075,1,1,-5.970198941573496
108680,0,48.98146940134699,176,0.075,1,1,-5.649478546687445
108790,0,48.733996831789355,176,0.075,1,1,5.709435346158638
108890,0,48.495745257368526,176,0.06666666666666667,1,1,5.713246685367971
109000,3,49.255734255044544,179,0.06666666666666667,1,1,-5.866981054341156
109110,3,48.95411681015562,179,0.06666666666666667,1,1,-5.862362278463557
109210,5,49.392548392934046,182,0.06666666666666667,1,1,-5.887489336055884
109320,5,49.070683510133385,182,0.06666666666666667,1,1,-5.888499841563728
109420,5,48.69291031967336,182,0.06666666666666667,1,1,-5.887154214623878
109540,5,49.50660717788397,185,0.024999999999999998,1,1,-5.8947161448129455
109650,5,49.034775472534754,185,0.024999999999999998,1,1,-5.958461682538742
109750,5,48.44422886574191,185,0.024999999999999998,1,1,-5.956468527757489
109860,0,48.92467035553367,188,0.024999999999999998,1,1,-5.965709600021231
109960,6,48.920526133244984,191,0.024999999999999998,1,1,-5.971574383867935
110070,7,49.52088859098408,179,0.024999999999999998,1,1,-5.972478932909014
110170,7,49.3051411679951,179,0.075,1,1,-5.976801715848405
110270,7,49.02754625200631,179,0.075,1,1,-5.597931473075255
110380,7,48.7416914763147,179,0.06666666666666667,1,1,-5.692378577439896
110480,2,49.21590566600964,181,0.06666666666666667,1,1,-5.879969721943982
110600,0,48.8281929758513,181,0.024999999999999998,1,1,-5.883061574663678
110700,6,48.9420302366837,183,0.06666666666666667,1,1,-5.93386498188396
110800,0,48.58313280813575,183,0.06666666666666667,1,1,5.910502053271152
110920,2,48.83965903279069,185,0.024999999999999998,1,1,-5.932106655662687
111020,5,49.50423655742443,179,0.024999999999999998,1,1,-5.956552404198944
111120,5,49.31262375826918,179,0.075,1,1,-5.968940556876261
111230,5,49.06730859883387,179,0.075,1,1,-5.5809193494633575
111330,5,48.7936377966397,179,0.075,1,1,-5.658470192192686
111440,9,49.39670717886174,182,0.075,1,1,-5.7252090472854755
111550,9,49.153419719288884,182,0.06666666666666667,1,1,-5.750282322045506
111650,9,48.849874218376605,182,0.06666666666666667,1,1,-5.866193977429431
111760,0,48.5126050665146,182,0.06666666666666667,1,1,5.86492723611934
111860,0,48.14188140475114,182,0.06666666666666667,1,1,5.889126916695078
111980,0,48.98740905729975,185,0.024999999999999998,1,1,-5.898953094662427
112090,9,49.535160491322095,188,0.024999999999999998,1,1,-5.9577712301536945
112190,9,48.95435261149885,188,0.024999999999999998,1,1,-5.965091824121434
112300,2,48.24697111481046,188,0.024999999999999998,1,1,5.97013578637744
112400,0,47.47486220514181,188,0.024999999999999998,1,1,5.971183181143498
112510,7,49.082290416340626,177,0.024999999999999998,1,1,-5.975430586524708
112610,7,48.91402845441499,177,0.075,1,1,-5.97706608585702
112710,4,49.627170214209784,180,0.075,1,1,5.619473270186917
112820,4,49.452107526862086,180,0.075,1,1,-5.6169617541980195
112920,4,49.20114097033833,180,0.075,1,1,-5.624952663952595
113030,4,48.88196461075538,180,0.075,1,1,-5.630127312549849
113140,0,48.59992862393783,180,0.075,1,1,5.730639723855181
113240,0,48.31917125351784,180,0.06666666666666667,1,1,5.781512885556487
113350,5,49.21091170456505,183,0.06666666666666667,1,1,-5.881654221295186
113450,0,48.8512823042839,183,0.06666666666666667,1,1,-5.88117460631023
113560,0,48.360161258910495,183,0.06666666666666667,1,1,5.884923176340969
113670,4,48.967848338004174,186,0.06666666666666667,1,1,-5.904466564835407
113770,0,48.48864571991334,186,0.06666666666666667,1,1,5.9268374264666255
113890,0,48.03734717255203,186,0.024999999999999998,1,1,5.933044566082051
113990,0,47.592339975506164,186,0.024999999999999998,1,1,5.966157941520879
114100,0,47.93891026967568,187,0.024999999999999998,1,1,5.964383826004967
114210,0,47.417426193927156,187,0.024999999999999998,1,1,5.963953249994085
114310,0,47.26199797316529,170,0.024999999999999998,1,1,5.964696752026323
114410,0,46.97576392558771,170,0.075,1,1,5.968485956434967
114510,9,48.80714836198758,173,0.075,1,1,-5.589181830020458
114620,0,48.88826879158899,174,0.075,1,1,5.759860814043186
114730,3,49.431459556203215,177,0.075,1,1,-5.767298285392092
114830,3,49.12007336215768,177,0.06666666666666667,1,1,-5.779914531606936
114940,3,48.612834911623,177,0.06666666666666667,1,1,-5.862821747988243
115040,1,48.63771289726101,178,0.06666666666666667,1,1,-5.89159829909414
115160,4,49.181698084421676,181,0.024999999999999998,1,1,-5.928789553452228
115270,4,48.68027983687785,181,0.024999999999999998,1,1,-5.963424087898786
115370,0,48.125212911997316,181,0.024999999999999998,1,1,5.9616939152664115
115480,2,49.52262984506429,186,0.024999999999999998,1,1,-5.967429857703879
115580,2,48.68091724677822,186,0.024999999999999998,1,1,-5.970083353295406
115690,0,48.50908889081634,173,0.024999999999999998,1,1,5.968338676901019
115790,0,48.32479682287249,173,0.075,1,1,5.978544889575241
115890,4,49.26913386409648,176,0.075,1,1,-5.623988242234645
116000,4,49.043723247373734,176,0.06666666666666667,1,1,-5.6465262529415705
116100,4,48.79676295789258,176,0.06666666666666667,1,1,-5.860386567841085
116210,8,49.39395773338787,179,0.06666666666666667,1,1,-5.855314783506193
116320,8,49.027468293908065,179,0.06666666666666667,1,1,-5.866733318461956
116420,0,48.656614095747535,179,0.075,1,1,-5.867964831575333
116530,0,48.35836851432946,179,0.075,1,1,5.805995122754626
116630,8,49.194967505650055,182,0.06666666666666667,1,1,-5.807947837678722
116740,8,48.81327702456097,182,0.06666666666666667,1,1,-5.887384029265667
116850,6,49.029005512564744,185,0.06666666666666667,1,1,-5.893773159030239
116960,6,48.226452171066796,185,0.024999999999999998,1,1,-5.909281608456234
117070,9,49.273794479767574,175,0.024999999999999998,1,1,-5.972660498622605
117160,9,49.06538500791495,175,0.075,1,1,-5.977744379766314
117270,9,48.840146461589036,175,0.075,1,1,-5.672160071349015
117380,6,49.3654351004981,178,0.075,1,1,-5.682859029994188
117480,6,48.973479922796095,178,0.075,1,1,-5.703813474872536
117590,3,49.57919472146198,181,0.075,1,1,5.76321831837425
117690,3,49.169621108461335,181,0.06666666666666667,1,1,-5.816791111748786
117800,3,48.65488183534891,181,0.06666666666666667,1,1,-5.911678451768786
117910,1,48.754626826951146,182,0.06666666666666667,1,1,-5.9146344631599055
118020,0,48.396183612129036,182,0.024999999999999998,1,1,5.929656774112208
118130,0,48.036358989877364,182,0.024999999999999998,1,1,5.955427357785533
118230,2,48.99874426688338,185,0.024999999999999998,1,1,-5.956503998882248
118340,9,49.23104257067737,188,0.024999999999999998,1,1,-5.95665083782356
118450,9,48.70809812341472,188,0.024999999999999998,1,1,-5.962070972431758
118550,0,47.70001943194396,188,0.024999999999999998,1,1,5.965737824454825
118660,0,47.52818309816965,173,0.024999999999999998,1,1,5.968559668330589
118750,4,49.06208542491906,176,0.075,1,1,-5.981254029369706
118860,0,48.83931645247416,176,0.075,1,1,-5.624003652420796
118970,9,49.41658215401479,179,0.075,1,1,-5.678939296358801
119070,9,49.15226259157937,179,0.06666666666666667,1,1,-5.700927587724264
119180,0,48.891049340309436,179,0.06666666666666667,1,1,-5.863013964679904
119290,0,48.616552035325654,179,0.06666666666666667,1,1,5.8746033160079625
119390,6,49.31875485014306,182,0.06666666666666667,1,1,-5.873270397519517
119500,6,49.02276773282368,182,0.06666666666666667,1,1,-5.8787631230007165
119600,6,48.708213262590874,182,0.06666666666666667,1,1,-5.877503289771754
119710,7,49.14566070964207,185,0.06666666666666667,1,1,-5.886622687713254
119820,7,48.75888038723897,185,0.06666666666666667,1,1,-5.892562549325534
119930,0,48.356759652785534,185,0.024999999999999998,1,1,5.924294635231064
120040,4,48.95283772236833,188,0.024999999999999998,1,1,-5.959307463843326
120140,0,48.40622480867183,188,0.024999999999999998,1,1,5.96066122963999
120250,0,48.902841284346316,191,0.024999999999999998,1,1,5.9703140537725075
120360,1,49.112684068513246,176,0.024999999999999998,1,1,-5.969699639358253
120450,0,48.85042168378146,176,0.075,1,1,-5.972858368354512
120560,0,48.570589829178274,176,0.06666666666666667,1,1,5.5902249574769
120660,4,49.2987902946152,179,0.06666666666666667,1,1,-5.8737240441263205
120770,4,48.945042151102115,179,0.06666666666666667,1,1,-5.880824755854914
120880,0,48.57421388504366,179,0.06666666666666667,1,1,5.880002786270322
120980,5,49.19033960161226,182,0.06666666666666667,1,1,-5.903082982710842
121090,5,48.77090609259827,182,0.06666666666666667,1,1,-5.90698144270031
121200,0,48.61371575467084,174,0.024999999999999998,1,1,5.91040066289738
121300,0,48.448115619956816,174,0.075,1,1,5.962070764323722
121410,9,49.333969732410125,177,0.075,1,1,-5.593247529137493
121510,9,49.12509551676635,177,0.075,1,1,-5.611532251477305
121620,9,48.81707066020053,177,0.075,1,1,-5.679883888485613
121720,0,48.33836251098512,177,0.06666666666666667,1,1,5.683480809625441
121830,0,47.777220778794415,177,0.075,1,1,5.89055396159737
121940,0,47.105168317813906,177,0.06666666666666667,1,1,5.8451375984020295
122040,0,46.642779955021574,177,0.06666666666666667,1,1,5.93451100268476
122160,0,46.18868425410858,177,0.024999999999999998,1,1,5.943418252890074
122260,4,48.70526909483439,180,0.024999999999999998,1,1,5.965114418097113
122370,0,48.87735354692511,182,0.024999999999999998,1,1,-5.96457144937352
122480,9,49.07618140425934,185,0.024999999999999998,1,1,-5.9702315027895
122580,0,48.421634400885125,185,0.024999999999999998,1,1,-5.969727150393789
122690,0,47.597695433608344,185,0.024999999999999998,1,1,5.971599485379242
122790,0,47.42718171030723,170,0.024999999999999998,1,1,5.973856661162409
122890,9,49.019656520759,173,0.075,1,1,-5.978190957693631
123000,0,48.70018810869844,173,0.075,1,1,-5.621430331522792
123100,0,48.35253205819943,173,0.06666666666666667,1,1,5.695211510303373
123210,0,47.982487441612406,173,0.06666666666666667,1,1,5.894020848732948
123310,9,49.00460128854768,176,0.06666666666666667,1,1,-5.901601161140704
123430,9,48.63402421907735,176,0.024999999999999998,1,1,-5.906810347368037
123540,0,48.275996602875566,176,0.024999999999999998,1,1,5.960274570350837
123640,0,48.58327839255984,177,0.024999999999999998,1,1,5.957756595380826
123750,8,48.12365836652124,180,0.024999999999999998,1,1,-5.956459601847736
123850,0,47.92131395986752,170,0.024999999999999998,1,1,5.960572558088568
123950,0,47.68204900750222,170,0.075,1,1,5.9854793343031165
124060,5,49.01233400768571,173,0.06666666666666667,1,1,-5.674495976185196
124160,5,48.70834530946676,173,0.06666666666666667,1,1,-5.862886923243692
124270,1,48.804618041281955,174,0.06666666666666667,1,1,-5.888253204628007
124370,6,49.12299221073463,176,0.06666666666666667,1,1,-5.889269955164637
124480,6,48.73238986935173,176,0.06666666666666667,1,1,-5.898160687594629
124590,0,48.74201133617918,177,0.06666666666666667,1,1,5.901121197984093
124690,5,49.23168829298083,180,0.06666666666666667,1,1,-5.911074474823041
124810,0,48.758282354625564,180,0.024999999999999998,1,1,-5.915228057201977
124910,4,49.18371093907943,183,0.024999999999999998,1,1,-5.960096288208407
125020,0,48.74734627016329,183,0.024999999999999998,1,1,-5.9658065207303475
125130,8,49.46654799637288,186,0.024999999999999998,1,1,-5.96418507965477
125230,8,48.93528959926349,186,0.024999999999999998,1,1,-5.963341624999428
125340,0,48.785428641926934,172,0.024999999999999998,1,1,5.969751788710688
125430,0,48.62733836545171,172,0.075,1,1,5.968971625636081
125540,7,49.42964622978154,175,0.075,1,1,-5.575750504872568
125650,7,49.25186081485446,175,0.075,1,1,-5.595291207188311
125750,7,49.04797975483286,175,0.075,1,1,-5.607426417404191
125860,5,49.62090836283968,178,0.075,1,1,-5.635132042876526
125960,5,49.37375925499737,178,0.075,1,1,-5.676659550740715
126070,5,49.082085670227826,178,0.06666666666666667,1,1,-5.786267993317956
126180,5,48.69546782409084,178,0.06666666666666667,1,1,-5.866824747072039
126290,0,48.23431850253272,178,0.024999999999999998,1,1,5.885136373926834
126400,3,49.046239532725174,181,0.024999999999999998,1,1,-5.95929255406183
126500,0,48.18863343616092,181,0.024999999999999998,1,1,-5.965034525571982
126610,4,49.311854563421356,172,0.024999999999999998,1,1,-5.962919759583572
126710,4,48.97369559639823,172,0.075,1,1,-5.978848990687579
126810,0,48.69725473470186,172,0.075,1,1,5.579664050793211
126920,0,48.382395358732026,172,0.06666666666666667,1,1,5.79213297469145
127020,3,49.17208010441217,175,0.06666666666666667,1,1,-5.879523290985872
127130,0,48.79856260519391,175,0.06666666666666667,1,1,-5.8926543387983745
127240,0,48.4341539960629,175,0.06666666666666667,1,1,5.901841398197891
127340,0,48.01753464317342,175,0.06666666666666667,1,1,5.9075632019018025
127450,0,47.683782732134546,175,0.06666666666666667,1,1,5.9055584536982755
127570,0,47.2968882162926,175,0.024999999999999998,1,1,5.915875048665638
127670,0,48.43289741313437,177,0.024999999999999998,1,1,5.953675775988248
127780,8,49.05920325065479,180,0.024999999999999998,1,1,-5.959317935458495
127880,0,48.58394121233601,180,0.024999999999999998,1,1,-5.957265062419683
127990,2,48.53866601487628,181,0.024999999999999998,1,1,-5.965993341561972
128100,8,49.58398932553533,187,0.024999999999999998,1,1,-5.9659199743197
128190,8,48.91148513940613,187,0.06666666666666667,1,1,-5.968272204332351
128310,0,48.20312433568605,187,0.024999999999999998,1,1,5.957347731572679
128410,0,48.002046039093436,170,0.024999999999999998,1,1,5.974419248538319
128510,0,47.78746945055966,170,0.075,1,1,5.975457550762247
128620,0,47.23817680570847,170,0.075,1,1,5.672689736913789
128720,0,46.806599837319936,170,0.06666666666666667,1,1,5.690901217690471
128840,4,48.28115702837332,173,0.024999999999999998,1,1,-5.933348703416449
128940,0,47.68102352429281,173,0.024999999999999998,1,1,5.962992315662316
129050,1,48.34115266998215,168,0.024999999999999998,1,1,5.977078614032062
129150,0,48.142112245963744,168,0.075,1,1,5.971947134116342
129250,0,47.943738718259404,168,0.075,1,1,5.619024718257706
129360,6,49.15098446448202,171,0.075,1,1,-5.66973671710193
129460,6,48.80782494907373,171,0.075,1,1,-5.668757840363236
129570,0,48.52820083269922,171,0.075,1,1,5.719624819856596
129680,8,49.19164398514181,174,0.06666666666666667,1,1,-5.794741032024618
129780,0,48.826836988326136,174,0.06666666666666667,1,1,-5.88074591707288
129890,6,49.25827440492629,177,0.06666666666666667,1,1,-5.907293794456737
129990,6,48.884058920567995,177,0.06666666666666667,1,1,-5.905648198079101
130110,2,49.03178565110573,179,0.024999999999999998,1,1,-5.91176045420009
130220,2,48.4279967964927,179,0.024999999999999998,1,1,-5.958116461355023
130320,0,47.5269595352569,179,0.024999999999999998,1,1,5.965734832274708
130430,0,47.32459586798205,166,0.024999999999999998,1,1,5.9720861534497
130520,0,47.07274707434203,166,0.075,1,1,5.979625415751379
130630,7,48.81827402349909,169,0.075,1,1,-5.674523287783555
130740,0,48.57931188028435,169,0.075,1,1,5.731466413227499
130840,0,48.33942879878324,169,0.06666666666666667,1,1,5.7786404301716034
130950,6,49.250125355074445,172,0.06666666666666667,1,1,-5.86273060960831
131050,0,48.98204486543882,172,0.06666666666666667,1,1,-5.863204809458471
131160,7,49.32428917570658,175,0.06666666666666667,1,1,-5.871793304215182
131270,0,48.876254201719576,175,0.075,1,1,-5.876176568394849
131370,6,49.095300884281485,178,0.075,1,1,-5.809368840446554
131480,6,48.664749320770404,178,0.06666666666666667,1,1,-5.836340180277832
131590,2,49.21876116024636,180,0.024999999999999998,1,1,-5.935509913347751
131700,2,48.79943160563942,180,0.024999999999999998,1,1,-5.962916497711313
131810,5,49.521637251510505,183,0.024999999999999998,1,1,-5.96231127328017
131910,5,48.933076752354744,183,0.024999999999999998,1,1,-5.962062646210798
132020,0,48.33238524486421,183,0.024999999999999998,1,1,5.961633470301261
132120,0,47.267918523970856,183,0.024999999999999998,1,1,5.971495649095625
132230,8,49.03955376445715,169,0.024999999999999998,1,1,-5.971968464961636
132330,8,48.8901336107739,169,0.075,1,1,-5.981980527924906
132430,0,48.70507033344804,169,0.075,1,1,5.578427512981499
132540,6,49.42574728537539,172,0.075,1,1,-5.574647157870662
132640,6,49.25784808961538,172,0.075,1,1,-5.647826578249741
132750,6,49.01910736007207,172,0.06666666666666667,1,1,-5.656821651567883
132860,6,48.75664220149748,172,0.075,1,1,-5.810918080490474
132960,0,48.48359312616371,172,0.075,1,1,5.718581836509053
133070,7,49.31827577297198,175,0.075,1,1,-5.740995717119632
133170,7,49.03865343362932,175,0.06666666666666667,1,1,-5.749786283729788
133280,7,48.73592296635399,175,0.06666666666666667,1,1,-5.859255346474925
133390,0,48.37075844475078,175,0.06666666666666667,1,1,5.880745242174932
133490,7,48.628527189528654,177,0.06666666666666667,1,1,-5.888862795924927
133600,0,48.17097331134589,177,0.075,1,1,5.905728572911645
133710,7,49.03158807451935,180,0.024999999999999998,1,1,-5.8788598494483555
133820,7,48.49238652743002,180,0.024999999999999998,1,1,-5.964800256680185
133930,9,49.39852414769624,183,0.024999999999999998,1,1,-5.962611725629024
134030,9,48.91141281932167,183,0.024999999999999998,1,1,-5.969353393834274
134140,0,48.84803198516046,186,0.024999999999999998,1,1,-5.9685305975512755
134240,7,49.47065215253954,170,0.024999999999999998,1,1,-5.966623976792849
134340,7,49.28348057225955,170,0.075,1,1,-5.9783017898973965
134450,7,49.08943726349692,170,0.075,1,1,-5.652724885521731
134550,7,48.881846467466566,170,0.075,1,1,-5.651329647749686
134660,0,48.56624250856306,170,0.075,1,1,5.662246834762971
134760,0,48.21207024382346,170,0.06666666666666667,1,1,5.681757288067457
134870,7,49.02190691112082,173,0.06666666666666667,1,1,-5.89287775620549
134980,7,48.50680669056576,173,0.06666666666666667,1,1,-5.9031842737725855
135080,3,48.532518197822505,174,0.06666666666666667,1,1,-5.920982252037097
135200,0,48.064506189049744,174,0.024999999999999998,1,1,5.929697875042723
135310,0,47.37908576180288,174,0.024999999999999998,1,1,5.965721201676122
135410,0,46.40333478658356,174,0.024999999999999998,1,1,5.965471735994267
135520,0,45.49264096124051,174,0.024999999999999998,1,1,5.974805740718362
135620,0,48.50565182779071,164,0.024999999999999998,1,1,5.980799742459634
135720,0,48.29323638428246,164,0.075,1,1,5.979788009696921
135830,4,49.417807273720136,167,0.075,1,1,5.596964625657284
135930,4,49.15042126436293,167,0.075,1,1,-5.688133573738511
136040,4,48.859511485085505,167,0.06666666666666667,1,1,-5.737201438222643
136140,0,48.149867004489934,167,0.06666666666666667,1,1,5.875889325643581
136250,0,48.961212723341205,170,0.06666666666666667,1,1,-5.884868675839966
136370,0,47.458759710421376,170,0.024999999999999998,1,1,5.9458100458413
136470,0,47.294858264894195,162,0.024999999999999998,1,1,5.96682478390105
136570,9,49.036284883216375,165,0.075,1,1,-5.985769571832887
136670,9,48.83745449560433,165,0.075,1,1,-5.607980829033211
136780,0,48.601622399928935,165,0.075,1,1,5.604335723527903
136890,5,49.33861451662835,168,0.075,1,1,-5.6694290956264854
136990,5,49.09992943916049,168,0.06666666666666667,1,1,-5.715537105589521
137100,5,48.83621322239626,168,0.06666666666666667,1,1,-5.8667774427435795
137200,0,48.52878034135752,168,0.06666666666666667,1,1,5.8625872448763054
137310,0,48.241716621933264,168,0.06666666666666667,1,1,5.874346830523257
137420,4,49.16138044261243,171,0.06666666666666667,1,1,-5.890367713937946
137520,4,48.844539083733245,171,0.06666666666666667,1,1,-5.883499445522553
137630,7,49.55545952242017,174,0.06666666666666667,1,1,5.893485403770275
137730,7,49.289819087149496,174,0.06666666666666667,1,1,-5.89324676137962
137850,7,48.889730084429154,174,0.024999999999999998,1,1,-5.900904591101609
137950,0,48.33620635069023,174,0.06666666666666667,1,1,5.943172060548973
138060,1,49.28072998272866,178,0.024999999999999998,1,1,-5.912896327438069
138170,1,48.74257189067797,178,0.024999999999999998,1,1,-5.970014181189097
138270,9,49.44678409712393,181,0.024999999999999998,1,1,-5.971390515547628
138380,9,48.7701237632822,181,0.024999999999999998,1,1,-5.969303882932954
138490,0,48.56042078312699,162,0.024999999999999998,1,1,5.972306544475797
138580,8,48.782535291326674,163,0.075,1,1,-5.974545217320038
138690,7,49.52000278170409,166,0.06666666666666667,1,1,5.684583106632237
138790,7,49.12894844447947,166,0.06666666666666667,1,1,-5.871745054197718
138910,7,48.7569680846688,166,0.024999999999999998,1,1,-5.913350630667168
139020,2,48.94207241301848,168,0.024999999999999998,1,1,-5.959695249292419
139120,0,47.940437071071926,168,0.024999999999999998,1,1,5.957896219932238
139220,8,49.38975913216946,164,0.06666666666666667,1,1,-5.967649777507643
139320,8,49.026082662310415,164,0.075,1,1,-5.958306225035058
139430,8,48.779386251252404,164,0.075,1,1,-5.613081852482668
139540,4,49.19710343963469,166,0.075,1,1,-5.667205735417115
139640,4,48.92182661070893,166,0.075,1,1,-5.72655836593293
139750,0,48.555631514141474,166,0.075,1,1,5.739201841192522
139850,8,49.314109289925064,169,0.075,1,1,-5.751553694778048
139960,8,49.02639131099937,169,0.06666666666666667,1,1,-5.805861811488474
140070,0,48.71156428712378,169,0.06666666666666667,1,1,-5.871827192071339
140170,0,48.31919062101994,169,0.06666666666666667,1,1,5.883734906069141
140280,2,48.96386220927722,171,0.06666666666666667,1,1,5.8926446077510635
140380,0,48.58928027651707,171,0.06666666666666667,1,1,5.91142124874691
140500,0,48.974879753924505,174,0.024999999999999998,1,1,5.941923323099025
140600,9,49.35254956966245,176,0.06666666666666667,1,1,5.958152320667566
140710,9,48.75657298427027,176,0.024999999999999998,1,1,-5.93859588238581
140820,0,48.25884188112553,176,0.024999999999999998,1,1,5.962997202113334
140920,4,48.829134481046424,179,0.024999999999999998,1,1,-5.971786974935703
141030,6,49.03636588476966,182,0.024999999999999998,1,1,-5.96722657885156
141140,6,48.134651973067726,182,0.024999999999999998,1,1,-5.973870164594222
141240,0,47.97831221374983,163,0.024999999999999998,1,1,5.972564444014105
141340,0,47.8136720207624,163,0.075,1,1,5.979636922133058
141440,2,48.852085634270786,165,0.075,1,1,-5.591295710008703
141550,3,49.053833994977,166,0.075,1,1,-5.609533768531839
141660,3,48.82206329464432,166,0.075,1,1,-5.632259595087883
141760,7,49.42848044290573,169,0.075,1,1,-5.64066475824655
141870,7,48.97153349140782,169,0.06666666666666667,1,1,-5.711163502537311
141970,7,49.59473040391726,172,0.06666666666666667,1,1,5.853607575388324
142090,7,49.231868010357815,172,0.024999999999999998,1,1,-5.922247804945773
142200,7,48.84787867207797,172,0.024999999999999998,1,1,-5.954349070533406
142300,0,48.22551078134239,172,0.024999999999999998,1,1,5.956969835044136
142410,5,49.30008324918075,164,0.024999999999999998,1,1,-5.959049603984774
142500,5,49.113528679445295,164,0.075,1,1,-5.972767596720212
142610,5,48.928408168857246,164,0.075,1,1,-5.628401940206373
142720,0,48.72305826448003,164,0.075,1,1,5.650312196120998
142820,0,48.510079323106325,164,0.075,1,1,5.647922670354389
142930,0,48.27959471062365,164,0.075,1,1,5.678698892346535
143030,0,48.00184847536399,164,0.075,1,1,5.6888603629659205
143140,7,49.026796838671885,167,0.075,1,1,-5.709747853532452
143250,7,48.66732914061234,167,0.075,1,1,-5.753480928895123
143350,0,48.31908412130886,167,0.06666666666666667,1,1,5.812385161498466
143460,5,48.915856391402606,170,0.06666666666666667,1,1,-5.904429120673671
143580,0,48.415748354125306,170,0.024999999999999998,1,1,5.901746650961403
143680,0,48.38923435298028,171,0.024999999999999998,1,1,5.971397148796639
143790,0,47.70271337667092,171,0.024999999999999998,1,1,5.967357965208086
143890,0,47.55243963218909,157,0.024999999999999998,1,1,5.970062369485155
143990,3,49.074219795895445,160,0.075,1,1,-5.9748380022955665
