sysTime,Action,ChannelUsed,TransJob,CPU,JobFaultProb,RunningJob,ActionQos
130,1,2.438652644413965,2,0.01875,0.0,1,0.0
260,1,7.105427357601002e-15,0,0.00625,0.0,1,7.925782835283383
380,1,5.329070518200751e-15,0,0.00625,0.0,1,7.993851853929859
510,1,5.329070518200751e-15,0,0.04375,1,1,7.9934129161786425
620,6,-8.881784197001252e-16,0,0.01875,1,1,7.9970344693041895
740,6,-8.881784197001252e-16,0,0.01875,1,1,7.913912836037401
870,6,-8.881784197001252e-16,0,0.01875,1,1,7.913912836037401
990,6,-8.881784197001252e-16,0,0.01875,1,1,7.913912836037401
1120,1,3.552713678800501e-15,0,0.04375,1,1,7.913912836037401
1230,6,-8.881784197001252e-16,0,0.01875,1,1,7.9970344693041895
1360,6,-8.881784197001252e-16,0,0.01875,0.5333333333333333,1,7.913912836037401
1490,6,-8.881784197001252e-16,0,0.00625,1,1,7.913912836037401
1600,6,-8.881784197001252e-16,0,0.01875,1,1,7.9934129161786425
1730,6,-8.881784197001252e-16,0,0.01875,1,1,7.913912836037401
1850,6,-8.881784197001252e-16,0,0.01875,1,1,7.913912836037401
1970,6,-8.881784197001252e-16,0,0.01875,1,1,7.913912836037401
2110,0,1.7763568394002505e-15,0,0.00625,1,1,7.913912836037401
2220,6,-8.881784197001252e-16,0,0.01875,1,1,7.9934129161786425
2340,0,11.11111111111111,5,0.01875,1,1,7.913912836037401
2470,0,33.76771833561958,10,0.04375,1,1,7.913912836037401
2590,0,33.83066041197424,14,0.01875,1,1,7.997232164345706
2720,0,36.567109257868914,17,0.04375,1,1,7.921664497609306
2840,0,40.25856735212577,20,0.04375,1,1,7.997119194553698
2970,0,36.417689437173784,20,0.04375,1,1,7.996865024190772
3090,0,31.00692888238031,20,0.00625,1,1,7.996483798938305
3210,0,27.399755179184663,20,0.04375,1,1,7.990921290575981
3340,0,41.70044285167146,23,0.00625,1,1,7.996409705854598
3460,0,39.077182038439055,24,0.04375,1,1,7.990674662441435
3580,0,35.48399546332222,24,0.04375,1,1,7.99351873187148
3700,0,39.07081218076618,26,0.00625,1,1,7.99640496576953
3830,0,36.085725349181494,26,0.04375,1,1,7.990658884835548
3950,0,38.34383701504126,29,0.00625,1,1,7.99615594893395
4070,0,41.52404545168289,32,0.04375,1,1,7.989830081377986
4200,0,46.48936422752245,38,0.00625,1,1,7.9967528239661645
4320,0,41.65069604862986,38,0.04375,1,1,7.991816863742204
4440,0,44.3003533766286,41,0.04375,1,1,7.995246003652371
4560,0,39.66226182635577,41,0.00625,1,1,7.996265736482577
4690,0,42.313388667087345,43,0.04375,1,1,7.9901954727657065
4810,0,44.596269359006314,47,0.00625,1,1,7.996206853166661
4930,0,46.93533996627309,53,0.04375,1,1,-7.989999496300032
5060,7,46.26663439982706,56,0.00625,1,1,-7.995931677877779
5180,0,44.38308894464548,56,0.04375,1,1,7.9890837423368195
5300,6,49.59776231035168,63,0.00625,1,1,7.995295553474391
5430,0,46.8146609932283,63,0.04375,1,1,-7.986967350452973
5550,0,47.20079497176317,66,0.04375,1,1,-7.989762428392715
5670,0,43.75488224721509,66,0.00625,1,1,7.9952601893769035
5790,0,41.45760709751637,66,0.04375,1,1,7.98684971678959
5920,0,44.49524508047113,68,0.00625,1,1,7.995715442008516
6040,0,46.56771795832688,71,0.04375,1,1,7.988364235525492
6160,0,45.546164613751245,71,0.04375,1,1,7.99377105721111
6290,0,46.80804138562293,74,0.04375,1,1,7.993970312940199
6410,5,47.526988256745554,77,0.04375,1,1,-7.991181188136915
6530,4,48.20547611085256,80,0.04375,1,1,-7.9941090574372895
6660,4,46.62082491720251,83,0.04375,1,1,-7.993314530025049
6780,0,47.80502763305708,89,0.04375,1,1,7.991425225297806
6900,0,45.97010932654746,89,0.00625,1,1,7.995313685563227
7020,0,47.32134652356078,92,0.04375,1,1,7.987027665219553
7150,9,49.52796949899878,99,0.04375,1,1,-7.994037401719274
7270,0,48.7036322512473,99,0.04375,1,1,-7.993190738347799
7390,6,49.55244424981949,105,0.04375,1,1,-7.991438078034724
7520,0,48.20914735866864,105,0.04375,1,1,-7.98964047973699
7640,3,49.57743577315373,111,0.04375,1,1,-7.99178074458032
7760,0,48.68455128100732,111,0.04375,1,1,-7.992724268142148
7890,4,46.2620529986962,66,0.04375,1,1,-7.9902748642988675
8000,3,48.533082809275705,72,0.01875,1,1,-7.990253088803103
8130,0,48.364528838083096,75,0.00625,1,1,-7.885846773649515
8250,2,48.73942213633385,77,0.00625,1,1,-7.981898529011007
8380,0,47.721257984411544,77,0.04375,1,1,7.982560781748458
8500,0,47.26874058355718,77,0.00625,1,1,7.9852976859442295
8620,0,46.04546171255077,77,0.04375,1,1,7.980381490391353
8750,1,48.55902916994849,81,0.00625,1,1,7.9830896478648
8870,7,48.97487105026892,84,0.00625,1,1,-7.982783777468065
8990,5,49.101001760870965,87,0.04375,1,1,-7.979970200499777
9110,5,48.56996744724459,87,0.04375,1,1,-7.986624806515928
9240,0,48.13784486432703,87,0.04375,1,1,7.986570938912798
9360,8,48.9447501112179,90,0.04375,1,1,-7.985235846678808
9480,0,48.347799230774115,90,0.04375,1,1,7.982404809329078
9610,4,48.79030379180867,92,0.04375,1,1,-7.984559307266561
9730,0,48.3955891601013,95,0.04375,1,1,-7.986602281917833
9850,0,48.20643958125064,98,0.04375,1,1,-7.983787753632662
9980,0,45.64585430461598,81,0.04375,1,1,7.992341559178777
10090,0,43.24107183581888,81,0.01875,1,1,7.992630895499005
10210,0,45.60189690127585,84,0.01875,1,1,7.8701805532749525
10330,5,49.05579641064805,90,0.01875,1,1,-7.865876608932577
10470,0,46.4935926330105,90,0.00625,1,1,-7.865601422743949
10580,0,48.28002892080454,93,0.01875,1,1,7.968591632134474
10710,7,48.527715296630525,95,0.00625,1,1,-7.870222539453907
10840,7,48.85444335876969,98,0.00625,1,1,-7.973297744712844
10960,0,48.30488519360204,98,0.00625,1,1,7.974107622646486
11080,4,48.74681596489005,101,0.00625,1,1,-7.974150279782475
11210,9,49.10928363053903,103,0.00625,1,1,-7.9681873023217955
11330,9,48.51226279002754,103,0.04375,1,1,-7.975287678479146
11450,1,48.71585325579777,104,0.00625,1,1,-7.977928704614785
11570,0,47.88519836661914,104,0.04375,1,1,7.970290965012984
11700,0,48.10115984750467,105,0.00625,1,1,7.975145103947925
11820,8,48.892223641584636,108,0.04375,1,1,-7.977149656528146
11940,5,49.41138884606957,111,0.04375,1,1,-7.984171689948114
12070,0,48.690903431043814,111,0.00625,1,1,-7.985556380257131
12190,6,49.13179592510692,114,0.04375,1,1,-7.978110528874345
12310,0,48.51107754654927,114,0.04375,1,1,-7.988490522054285
12430,6,49.15560572217304,117,0.04375,1,1,-7.983929815859467
12560,6,48.62080210887348,117,0.04375,1,1,-7.987023884398654
12680,0,47.3383727182725,120,0.04375,1,1,-7.981316362152038
12800,9,48.372022234347874,122,0.04375,1,1,7.985323049359847
12930,2,47.81041996013545,124,0.04375,1,1,-7.994703345161544
13050,5,48.182433088080664,127,0.04375,1,1,-7.991051052710696
13170,4,47.20213459586828,103,0.04375,1,1,-7.99313454670794
13290,0,45.140760573524794,103,0.01875,1,1,7.991992751485506
13410,0,46.83338639438383,106,0.01875,1,1,7.85117129045402
13530,8,48.62326121052357,109,0.01875,1,1,-7.854116876286653
13660,4,49.22289744496464,112,0.00625,1,1,-7.83821961275425
13790,7,49.66850008742349,115,0.04375,1,1,-7.961491566486418
13910,7,49.11776649768153,115,0.04375,1,1,-7.979815211856772
14030,7,47.61578246119684,115,0.00625,1,1,-7.978386706637469
14160,0,46.638426217035914,115,0.00625,1,1,7.9682437641606185
14280,0,46.2040456640755,115,0.00625,1,1,7.984997772939567
14400,7,49.093423800077275,121,0.04375,1,1,-7.979783517173273
14530,7,48.528385531277955,121,0.04375,1,1,-7.9824837895750775
14650,0,48.11065751957464,121,0.04375,1,1,7.98614857141573
14770,2,48.664379827597905,123,0.04375,1,1,-7.985980494341292
14890,8,49.18229621132634,126,0.04375,1,1,-7.981881277569933
15020,8,48.52010866315461,126,0.04375,1,1,-7.984359684978307
15140,8,49.12514815498634,129,0.04375,1,1,-7.9820390602252695
15260,8,48.62884067050276,129,0.04375,1,1,-7.987687110489048
15390,0,48.169108040127256,129,0.04375,1,1,7.982552546877653
15510,0,48.64361098483918,131,0.04375,1,1,7.984370229263266
15630,3,49.05544770325349,134,0.00625,1,1,-7.983317403845448
15760,3,48.32558768996531,134,0.04375,1,1,-7.982761351469686
15880,5,49.0999740758595,137,0.04375,1,1,-7.985500902130467
16000,5,47.48022760036776,137,0.04375,1,1,-7.988607749573043
16120,0,47.82456328718028,139,0.04375,1,1,7.981343432355933
16250,0,46.98101787919706,139,0.04375,1,1,7.993560714023383
16370,4,48.09915940542037,142,0.04375,1,1,-7.991388576984588
16490,6,49.08098677750769,118,0.04375,1,1,-7.989822174571692
16620,0,48.68220369103048,118,0.00625,1,1,-7.991083732453728
16740,3,49.212704282314334,121,0.00625,1,1,-7.953807126529706
16860,3,48.85868140656342,121,0.00625,1,1,-7.958197733008575
16980,7,49.32616471523526,124,0.00625,1,1,-7.958019453067099
17110,7,48.92819746160607,124,0.00625,1,1,-7.953602621895852
17230,0,48.5143852092343,124,0.00625,1,1,7.951365762074915
17350,0,47.73518357212552,124,0.00625,1,1,7.9581231850357455
17480,4,48.624009402836165,127,0.00625,1,1,-7.959518693022368
17600,0,47.991062685337724,127,0.00625,1,1,7.975991497743446
17720,6,48.798903676867695,130,0.00625,1,1,-7.9740224440685665
17850,0,47.71907269320654,130,0.00625,1,1,7.9716741102432165
17970,0,47.26015976338107,130,0.00625,1,1,7.970646268089846
18090,0,47.92287737347141,133,0.04375,1,1,-7.98119950904206
18210,0,48.754775431997885,136,0.00625,1,1,-7.983291889122455
18340,3,49.18583784830979,139,0.04375,1,1,-7.983180104136493
18460,3,48.69254073602799,139,0.04375,1,1,-7.987176270585808
18580,2,48.40161523241961,141,0.04375,1,1,-7.982851363536588
18710,0,47.7234207248392,141,0.00625,1,1,7.984289460471298
18830,0,48.873328320824676,144,0.04375,1,1,-7.980369207868042
18950,9,49.10803391764019,147,0.04375,1,1,-7.987921443916737
19080,0,48.26810978442945,147,0.04375,1,1,-7.983077203368365
19200,2,48.670321593161475,149,0.00625,1,1,-7.9858367015989025
19320,0,48.03670806163493,149,0.04375,1,1,7.9773432465574965
19440,0,47.12342798276195,149,0.04375,1,1,7.985874800594557
19570,3,48.18882502618345,152,0.04375,1,1,-7.987239408074572
19690,0,46.9331280560624,126,0.04375,1,1,7.9904176292994995
19800,0,45.696194137340896,126,0.01875,1,1,7.9907600449858105
19930,0,45.394515870104655,126,0.01875,1,1,7.801710860689888
20060,0,48.347330387715594,129,0.00625,1,1,7.799691034701084
20180,3,49.193396944743995,132,0.00625,1,1,-7.946509617253241
20300,3,48.86741534680526,132,0.00625,1,1,-7.944248144314408
20430,8,49.300981326034844,135,0.00625,1,1,-7.948815827143254
20550,0,48.980765586023395,135,0.00625,1,1,-7.950084569008945
20670,1,48.963974648482555,136,0.00625,1,1,-7.954662717437824
20800,0,48.47321308069273,136,0.00625,1,1,7.949285247787961
20920,9,49.329502438224594,139,0.00625,1,1,-7.953891006365816
21040,9,48.88804407277677,139,0.04375,1,1,-7.965019138154198
21170,4,49.019224023486444,141,0.00625,1,1,-7.967525092435838
21290,0,48.3155321111273,141,0.00625,1,1,-7.961714669765717
21410,0,47.942594709478726,141,0.00625,1,1,7.964764358759555
21530,0,48.719513516704154,144,0.04375,1,1,7.973985991777846
21660,5,49.18133116121879,147,0.00625,1,1,-7.979994280907338
21780,0,48.4263923519273,147,0.04375,1,1,-7.9729743539537195
21900,8,49.01951814981426,151,0.04375,1,1,-7.982651881897744
22030,8,48.327143940971396,151,0.04375,1,1,-7.988907058504369
22150,0,48.841433562208806,153,0.04375,1,1,-7.987797687080157
22270,1,48.65032563628235,154,0.04375,1,1,-7.9881199876327225
22400,0,47.11516425965057,154,0.04375,1,1,7.98178082671787
22520,0,46.8463428800525,131,0.04375,1,1,7.986227459144255
22640,5,48.68889089637156,134,0.00625,1,1,-7.993336755796636
22760,4,49.28065157223215,137,0.00625,1,1,-7.940655725211715
22890,0,48.91887873542057,137,0.00625,1,1,-7.956065686663893
23010,9,49.42972839331477,140,0.00625,1,1,-7.950740765755384
23130,9,49.0098745087758,140,0.04375,1,1,-7.954479221391401
23260,9,48.58746548775811,140,0.00625,1,1,-7.971345248069888
23380,8,49.201031724486505,143,0.00625,1,1,-7.960023176834398
23500,8,48.59217833857119,143,0.04375,1,1,-7.960232210457205
23630,8,49.292321152768054,146,0.00625,1,1,-7.98034125166219
23750,8,48.53346139438112,146,0.04375,1,1,-7.970764490601242
23870,0,48.1961903906536,146,0.00625,1,1,7.975008109439654
23990,0,47.82063316426182,146,0.04375,1,1,7.9754904084807015
24120,0,47.181394938208925,146,0.04375,1,1,7.978134104777811
24240,9,48.14141684171479,149,0.00625,1,1,-7.980117018574865
24360,9,49.08198259179948,153,0.00625,1,1,-7.9719003816292675
24490,9,48.57305361869706,153,0.04375,1,1,-7.980455337229262
24610,5,48.59150123679331,154,0.04375,1,1,-7.985681811195633
24730,6,49.15583820535866,157,0.04375,1,1,-7.984698481441961
24850,0,48.631302322667764,157,0.04375,1,1,-7.983238313070106
24980,3,49.03684126111425,160,0.04375,1,1,-7.982216372304759
25100,3,47.98562222113175,160,0.04375,1,1,-7.985082567300949
25220,0,47.71754646015747,161,0.04375,1,1,7.985825748777074
25350,0,46.91699377260285,138,0.04375,1,1,7.991362964725739
25460,0,46.10147452526524,138,0.01875,1,1,7.990618932115414
25580,9,49.435245494708774,144,0.01875,1,1,-7.726715622786858
25720,9,49.18912552754474,144,0.00625,1,1,-7.730478098580155
25840,9,48.8995384922378,144,0.00625,1,1,-7.92948927452278
25960,5,49.38302698237649,147,0.00625,1,1,-7.935704901777097
26080,5,49.07653856212615,147,0.00625,1,1,-7.944508906907624
26210,5,48.70162949191139,147,0.00625,1,1,-7.94473592698487
26330,4,49.286432885711804,150,0.00625,1,1,-7.947261912073778
26450,4,48.91434126125965,150,0.00625,1,1,-7.955882689059537
26580,0,48.41104872173199,150,0.00625,1,1,7.95047380587617
26700,0,48.84736891751149,152,0.00625,1,1,-7.955589981578944
26820,0,48.38578611161625,152,0.00625,1,1,7.965756194827095
26950,7,48.84675185050544,154,0.00625,1,1,-7.9620808770978515
27070,8,49.280768626862624,157,0.00625,1,1,-7.963148405782357
27190,8,48.94102382220375,157,0.04375,1,1,-7.961289307650372
27310,7,49.00042751714587,160,0.04375,1,1,-7.980208238247472
27440,7,48.65073692868527,160,0.00625,1,1,-7.97827570017671
27560,7,49.21402953664302,163,0.04375,1,1,-7.973446297672008
27680,7,48.77699316876687,163,0.04375,1,1,-7.978824806020134
27810,7,49.16678276814659,166,0.04375,1,1,-7.980598049281863
27930,0,48.69750888100365,166,0.04375,1,1,-7.982575643303964
28050,5,48.994548986054156,169,0.04375,1,1,-7.9836545422014575
28170,0,48.58153050643522,169,0.04375,1,1,7.983607847777836
28300,1,48.58485408322125,170,0.04375,1,1,-7.987003532412017
28420,0,48.9148137000987,172,0.04375,1,1,7.981702084460727
28540,9,49.00700405892501,175,0.04375,1,1,-7.983614575618608
28670,9,47.70749556734676,175,0.04375,1,1,-7.983207818630635
28790,0,47.712492221894124,148,0.04375,1,1,7.987824203281586
28900,4,49.09441348432468,151,0.01875,1,1,-7.992559150118765
29040,4,48.788471531107696,151,0.00625,1,1,-7.715562144326498
29160,5,49.34422411905366,154,0.00625,1,1,-7.9309976655698735
29280,5,49.042804337906816,154,0.00625,1,1,-7.947177630110381
29400,5,48.657939845557806,154,0.00625,1,1,-7.945722653026065
29530,0,48.90153985351028,157,0.00625,1,1,-7.946468515029626
29650,8,49.351629377177986,159,0.00625,1,1,7.956882805475924
29770,8,48.72527269677997,159,0.04375,1,1,-7.973900989643691
29900,0,47.85893370239447,159,0.00625,1,1,7.979380936722988
30020,0,48.93281981653179,162,0.00625,1,1,7.971432242348125
30140,0,48.40316939044245,162,0.04375,1,1,7.977872250736798
30270,9,49.07711064747063,165,0.04375,1,1,-7.982428246100321
30390,0,48.66944170372626,165,0.04375,1,1,-7.985203519450172
30510,3,49.17159679847567,168,0.04375,1,1,-7.983000498118659
30630,1,49.132515755969386,169,0.04375,1,1,-7.981493527580279
30760,0,48.66080045037647,169,0.04375,1,1,-7.982476240211983
30880,6,48.924424032163344,155,0.04375,1,1,-7.983712904722212
30990,0,48.2645965675339,155,0.01875,1,1,7.983680282041394
31120,0,47.45060768470783,155,0.01875,1,1,7.690126640050287
31240,0,47.20198275027545,155,0.01875,1,1,7.6832579404369845
31370,0,46.90913912606,155,0.00625,1,1,7.7300995616802535
31500,0,46.632422555392864,155,0.00625,1,1,7.936295248541834
31620,0,48.63493936183098,158,0.00625,1,1,-7.945063923337952
31740,8,49.25625160662238,161,0.00625,1,1,-7.942188412520512
31860,8,48.88450581572713,161,0.00625,1,1,-7.955077606920612
31990,7,49.193834410892244,164,0.00625,1,1,-7.9518258454297985
32110,7,48.80879485783202,164,0.00625,1,1,-7.955553748326508
32230,8,49.538362771924334,167,0.04375,1,1,-7.964078759094523
32360,8,49.17964857450572,167,0.04375,1,1,-7.9805473283705135
32480,0,48.7952325246742,167,0.04375,1,1,-7.979700896644274
32600,0,48.44224046540878,167,0.04375,1,1,7.979296713815072
32720,2,48.9459336624368,169,0.04375,1,1,-7.9805196843280655
32850,4,49.46126385725009,172,0.04375,1,1,-7.979000255400839
32970,0,48.69876126454813,172,0.04375,1,1,-7.979449132082906
33090,6,49.21060495912423,175,0.04375,1,1,-7.9890122682649105
33220,6,48.76325157431017,175,0.04375,1,1,-7.988993469954346
33340,5,49.42209268398271,178,0.04375,1,1,-7.98134098026835
33460,0,48.889815814130195,178,0.04375,1,1,-7.982922138026036
33590,5,49.22753710542881,181,0.04375,1,1,-7.988403607727349
33710,5,48.7937949834135,181,0.04375,1,1,-7.9852647294451735
33830,7,49.19620607113689,184,0.04375,1,1,-7.982795254246442
33950,0,48.07368025626785,184,0.04375,1,1,-7.982461541487481
34080,7,49.17561224035272,161,0.04375,1,1,-7.982890784255574
34200,7,48.92524075609154,161,0.00625,1,1,-7.9917606233560345
34320,0,48.64068820424802,161,0.00625,1,1,7.937439300652372
34450,6,49.14222073668381,164,0.00625,1,1,-7.936699919975225
34570,0,48.62287885509868,164,0.04375,1,1,-7.943626045561256
34690,0,48.10362567690161,164,0.04375,1,1,7.983169468363651
34820,0,48.55108880691818,166,0.04375,1,1,-7.9849573018381985
34940,8,49.13694673467698,169,0.04375,1,1,-7.984955140818994
35060,8,48.486801004157535,169,0.04375,1,1,-7.986768092838603
35180,0,48.08473266529537,169,0.04375,1,1,7.98246168538052
35310,0,47.44262608405132,169,0.04375,1,1,7.987503228893753
35430,0,46.856768559984765,158,0.04375,1,1,7.981269248168351
35540,0,48.727543947840324,162,0.01875,1,1,7.987376634837029
35670,0,48.007656625399555,162,0.01875,1,1,7.6523444973972286
35790,0,47.75597114691183,162,0.01875,1,1,7.680144070724021
35920,3,49.08800124488723,165,0.00625,1,1,-7.703822321322123
36050,3,48.854874185913495,165,0.00625,1,1,-7.937000693876595
36170,3,49.36934588390879,168,0.00625,1,1,-7.935937592520089
36290,3,49.055449325632814,168,0.00625,1,1,-7.93244088391652
36410,3,48.74260006753752,168,0.00625,1,1,-7.944812187863598
36540,1,48.97816960963882,169,0.00625,1,1,7.94837568764798
36660,0,48.66516988448178,169,0.00625,1,1,7.948221414204113
36780,5,49.30033974118003,172,0.00625,1,1,-7.941928541738284
36910,5,48.947239457120475,172,0.00625,1,1,-7.948243642021444
37030,0,48.43890439531917,172,0.00625,1,1,7.946899931597209
37150,5,49.06166064358963,175,0.00625,1,1,-7.953495717534494
37270,0,48.3133101003436,175,0.00625,1,1,-7.966042573212437
37400,0,47.94147870558598,175,0.00625,1,1,7.964087982015834
37520,9,49.02000636932813,178,0.04375,1,1,-7.975220884672097
37640,9,48.5669024374108,178,0.04375,1,1,-7.9799419468990855
37770,0,47.93477766304467,178,0.04375,1,1,7.979857544650199
37890,3,48.905111872837814,181,0.04375,1,1,-7.983108432673954
38010,3,49.17497017227824,163,0.04375,1,1,-7.987214974076583
38130,3,48.62120024615916,163,0.01875,1,1,-7.984004754878547
38250,3,49.351217569696175,166,0.01875,1,1,-7.605865461285631
38380,3,49.062690790120925,166,0.00625,1,1,-7.636463520798842
38500,0,48.76285455205098,166,0.00625,1,1,-7.934273457822
38630,8,49.3616590899633,169,0.00625,1,1,-7.9443255223298985
38750,8,49.07221661907522,169,0.00625,1,1,-7.94621517615568
38870,1,49.171826499119966,170,0.00625,1,1,-7.941240304921705
39000,0,48.84764118770896,170,0.00625,1,1,-7.944483981278474
39120,2,49.13298928130231,172,0.00625,1,1,-7.9484607311495115
39240,0,48.728937174239874,172,0.00625,1,1,-7.949838581762964
39370,6,49.18995830535441,175,0.00625,1,1,-7.953698137309236
39490,6,48.76188725119171,175,0.00625,1,1,-7.958671979860112
39610,0,48.06339137563277,175,0.00625,1,1,7.961105743203904
39730,9,48.96052612018523,178,0.04375,1,1,-7.960686562995417
39860,0,48.94399812161809,181,0.04375,1,1,-7.988203214680129
39980,2,49.019750636649675,183,0.04375,1,1,-7.983499354464959
40100,2,48.57480726481027,183,0.04375,1,1,-7.988826364765813
40230,8,49.057355469494624,186,0.04375,1,1,-7.984748663380169
40350,8,48.37118170468995,186,0.04375,1,1,-7.982842633981473
40470,9,48.82897972610821,189,0.04375,1,1,-7.984982179081734
40590,6,49.1811289548807,171,0.04375,1,1,-7.988034177584681
40710,0,48.70824619719521,171,0.01875,1,1,-7.988065268164492
40830,5,49.3605650971288,174,0.01875,1,1,-7.58659278516009
40960,5,49.11601809540387,174,0.00625,1,1,-7.587287859129911
41090,5,48.85974072884952,174,0.00625,1,1,-7.938118897773286
41210,3,49.42681736163032,177,0.00625,1,1,-7.935328064617499
41330,3,49.185664850541144,177,0.00625,1,1,-7.938027728885441
41460,3,48.91643630189841,177,0.00625,1,1,-7.933018964674178
41580,5,49.380708499575334,180,0.00625,1,1,-7.934498217340571
41700,5,49.08502887818117,180,0.00625,1,1,-7.940736952199931
41820,5,48.78742897826483,180,0.00625,1,1,-7.945956383388606
41950,1,48.845391397786464,181,0.00625,1,1,-7.9455373608156865
42070,0,48.49922261232175,181,0.00625,1,1,7.9458528374347726
42190,2,48.911571311454466,183,0.00625,1,1,-7.952681555369058
42320,1,49.01990847117264,184,0.00625,1,1,7.952674410091757
42440,1,48.65494576211858,184,0.04375,1,1,-7.9601513142307585
42560,5,49.14186549305115,187,0.04375,1,1,-7.980398600035196
42690,5,48.729483677068146,187,0.04375,1,1,-7.979609848840504
42810,0,48.315396926628125,187,0.04375,1,1,7.983313279084888
42930,8,49.07717074004385,190,0.04375,1,1,-7.981677546605647
43050,8,48.43163453192144,190,0.04375,1,1,-7.981743087840585
43180,6,49.06023487550607,193,0.04375,1,1,-7.982102335413013
43300,6,48.51729544373605,193,0.04375,1,1,-7.987431026993883
43420,2,48.88699648851574,172,0.04375,1,1,-7.983778432525837
43540,0,48.367528730443226,172,0.01875,1,1,7.9855071504568205
43660,8,48.953941203698065,175,0.01875,1,1,-7.573418994604984
43780,0,48.27164725852838,175,0.01875,1,1,7.617404197759439
43910,3,49.18454867552641,178,0.01875,1,1,-7.640887807388255
44040,3,48.89538451209266,178,0.00625,1,1,-7.691361136314511
44160,4,49.404660962860085,181,0.00625,1,1,-7.946773258928731
44280,4,49.082680697730794,181,0.00625,1,1,-7.944435926098362
44410,4,48.58400761926676,181,0.00625,1,1,-7.940500276789887
44530,0,48.12655844273031,181,0.00625,1,1,7.949532886731993
44650,7,48.98596790815224,184,0.00625,1,1,-7.965488778652673
44780,0,48.601848304055224,184,0.00625,1,1,7.96286416491924
44900,0,48.255357010783634,184,0.04375,1,1,7.962967149043181
45020,0,47.90335638465633,184,0.04375,1,1,7.98050650950775
45140,0,47.513016293359065,184,0.04375,1,1,7.978651604250953
45270,0,47.08243169242414,184,0.04375,1,1,7.978947912833791
45390,7,48.73134497569543,187,0.04375,1,1,-7.980778777348795
45510,8,49.12384308579479,190,0.04375,1,1,-7.982350539783594
45640,8,48.63379732138111,190,0.04375,1,1,-7.9813549547871885
45760,0,48.18544590875397,190,0.04375,1,1,7.984474779475032
45880,0,47.62391155096334,190,0.04375,1,1,7.984201113469368
46010,0,48.77318530351851,193,0.04375,1,1,-7.982954812212911
46130,6,49.49005939301645,196,0.04375,1,1,-7.985907924317635
46250,0,48.5175366238245,196,0.04375,1,1,-7.985040702228258
46370,8,49.312863995739214,175,0.04375,1,1,-7.984314725522474
46500,8,49.06615639887926,175,0.00625,1,1,-7.9908564626930065
46620,8,48.764087110934376,175,0.00625,1,1,-7.936122709801768
46740,0,48.41717697656086,175,0.00625,1,1,7.935844457084072
46870,5,48.8661656286121,177,0.00625,1,1,-7.946571661099842
46990,0,48.486079204895276,177,0.00625,1,1,7.952763811093334
47110,0,48.12489130552808,177,0.04375,1,1,7.960866663369983
47240,6,48.62246126816022,179,0.04375,1,1,-7.98032522707823
47360,3,49.015722795260636,182,0.04375,1,1,-7.979421972402711
47480,3,48.391242276170736,182,0.04375,1,1,-7.985534231289152
47600,0,48.86211155908547,184,0.04375,1,1,-7.986204159477174
47730,2,48.702242321025764,186,0.04375,1,1,-7.987087681478472
47850,5,48.84953562648829,188,0.04375,1,1,-7.982072927094118
47970,0,48.35538116776312,188,0.04375,1,1,7.9893150155012185
48100,0,47.886253226190355,174,0.04375,1,1,7.9861557542453445
48210,7,48.86779815402067,177,0.01875,1,1,-7.9843125632762995
48330,3,49.354090175016964,180,0.01875,1,1,-7.584611537036688
48460,3,49.05746126045736,180,0.00625,1,1,-7.609185732789528
48590,3,48.695501639277346,180,0.00625,1,1,-7.94786297991166
48710,0,48.327296476641564,180,0.00625,1,1,7.945693824630442
48830,2,48.60822769904606,182,0.04375,1,1,-7.954499887676477
48960,8,49.17093220094581,185,0.00625,1,1,-7.979768160602983
49080,0,48.71175262366589,185,0.04375,1,1,-7.972220267662563
49200,5,49.08204449906903,188,0.04375,1,1,-7.981842160588434
49330,5,48.70998613755168,178,0.04375,1,1,-7.983300199005338
49440,4,49.25140156027391,181,0.01875,1,1,-7.985356245355747
49560,4,48.804144949784586,181,0.01875,1,1,-7.497712000531906
49680,0,47.75640113644617,181,0.01875,1,1,7.491273991220285
49810,5,49.08075756322408,184,0.01875,1,1,-7.568170621990407
49940,5,48.837449090521375,184,0.00625,1,1,-7.775365097131007
50060,0,48.53104914522341,184,0.00625,1,1,7.9376284152188665
50190,9,49.28983409163308,187,0.00625,1,1,-7.935027945752242
50310,9,49.00737568590861,187,0.00625,1,1,-7.947248286800328
50430,0,48.69066618919978,187,0.00625,1,1,-7.94184756259609
50560,0,48.35716010304906,187,0.00625,1,1,7.9432496016040455
50680,4,49.13887638459857,190,0.00625,1,1,-7.948785028473553
50800,0,48.790350725025554,190,0.00625,1,1,-7.951086347430443
50920,2,49.13288819861937,192,0.00625,1,1,-7.95582560052861
51050,2,48.716567852559436,192,0.00625,1,1,-7.952957320492436
51170,0,48.188548197217955,192,0.00625,1,1,7.950557311474113
51290,5,49.083977392944924,195,0.00625,1,1,-7.959729891725835
51420,5,48.79558679761732,195,0.04375,1,1,-7.96710834195539
51540,3,49.685497650662846,201,0.04375,1,1,-7.9802892551690565
51660,3,49.12792980954337,201,0.04375,1,1,-7.974839495930374
51790,0,48.664005709225385,201,0.04375,1,1,-7.988284529960594
51910,0,48.234589917114015,201,0.04375,1,1,7.985824674143079
52030,0,47.86743419061937,179,0.04375,1,1,7.9834464644681065
52140,5,48.98591285369564,182,0.01875,1,1,-7.98230903748422
52270,8,49.121970404838,185,0.01875,1,1,-7.492172389311445
52390,8,48.583899108710085,185,0.01875,1,1,-7.508761330425717
52510,0,48.32781937264541,185,0.01875,1,1,7.648400517334804
52650,9,49.27354487786202,188,0.00625,1,1,-7.62803071965605
52770,9,49.038877793777154,188,0.00625,1,1,-7.937984279397468
52890,9,48.778651066245644,188,0.00625,1,1,-7.931870266418997
53010,0,48.49159466562236,188,0.00625,1,1,7.932846497202211
53140,0,48.19269372387093,188,0.00625,1,1,7.93888226414451
53260,4,49.10173045087507,191,0.00625,1,1,-7.944068973943332
53380,0,48.717652063881374,191,0.00625,1,1,-7.946064292029091
53510,2,49.047612128709616,193,0.00625,1,1,-7.954589458161382
53630,2,48.71817582289284,193,0.00625,1,1,-7.956805710142278
53750,4,49.09259256934039,196,0.00625,1,1,-7.956645547350431
53880,4,48.715191954013946,196,0.00625,1,1,-7.950550164808543
54000,8,49.491907357984545,199,0.04375,1,1,7.967086848340707
54120,8,48.74404107013327,199,0.04375,1,1,-7.980202361448742
54240,4,49.1382137358547,202,0.04375,1,1,-7.982329973879206
54370,4,48.59060043687105,202,0.04375,1,1,-7.988824679853848
54490,4,49.179183704451795,205,0.04375,1,1,-7.984190287432324
54610,0,48.57536643685778,205,0.04375,1,1,-7.985610442643734
54740,3,49.17641528420067,208,0.04375,1,1,-7.981315730583256
54860,3,48.770513026923794,185,0.04375,1,1,-7.986727486705285
54970,1,48.75418320058059,186,0.01875,1,1,-7.981244961606142
55100,9,49.16366063425388,189,0.01875,1,1,-7.532488802678602
55220,0,48.91026968510933,189,0.01875,1,1,-7.550789945807302
55350,9,49.6057711858364,192,0.00625,1,1,7.583227513563314
55470,9,49.32384784710205,192,0.00625,1,1,-7.937386458390665
55600,0,48.96634613069555,192,0.00625,1,1,-7.934408702902746
55720,9,49.224010681581724,195,0.00625,1,1,-7.943152526676884
55840,0,48.87019553857743,195,0.00625,1,1,-7.954000791345717
55970,7,48.95438785274792,198,0.04375,1,1,-7.963693482488673
56090,0,48.39699431029639,198,0.04375,1,1,7.979043487650021
56210,2,48.68511760142204,200,0.04375,1,1,-7.98836688318274
56330,4,49.18295590319662,203,0.04375,1,1,-7.985820988785691
56460,4,48.75568117749423,203,0.04375,1,1,-7.986702518653799
56580,0,48.18407695522684,203,0.04375,1,1,7.98223870013233
56700,0,47.7654239786046,203,0.04375,1,1,7.982232424270738
56830,3,48.868103546691714,206,0.04375,1,1,-7.9861140905443655
56950,0,48.39322569231097,206,0.04375,1,1,7.98191599885146
57070,0,48.14775558388712,188,0.04375,1,1,7.983623516173077
57200,7,49.14506712148364,191,0.00625,1,1,-7.983773006117855
57320,7,48.77335522740399,191,0.00625,1,1,-7.935549795501926
57440,0,48.27477770216981,191,0.00625,1,1,7.947205079741957
57560,9,49.08627817780245,194,0.00625,1,1,-7.9555501933203825
57690,9,48.74824912903433,194,0.00625,1,1,-7.965483195048243
57810,7,49.21928186202181,197,0.04375,1,1,-7.958537578297624
57930,0,48.80400959554867,197,0.04375,1,1,-7.978177713450717
58060,9,49.20212505682112,200,0.04375,1,1,-7.9815783931931445
58180,9,48.667789826919915,200,0.04375,1,1,-7.981788344966595
58300,6,49.1669769269688,203,0.04375,1,1,-7.982794853132394
58430,6,48.42211825317033,203,0.04375,1,1,-7.98531228015603
58550,6,49.20530510389429,194,0.04375,1,1,-7.982618756532392
58660,6,48.88092287576621,194,0.01875,1,1,-7.988789174489806
58780,0,48.46335175550087,194,0.01875,1,1,7.441186223139229
58910,0,47.97707378838436,194,0.01875,1,1,7.437185598141677
59030,7,48.90171409365357,197,0.01875,1,1,-7.543237292913615
59150,0,48.64884999567256,197,0.01875,1,1,7.596513294751118
59290,9,49.29037652443174,200,0.00625,1,1,-7.604772123219643
59410,9,49.00409932969083,200,0.00625,1,1,-7.937267840124662
59530,9,48.67766580640715,200,0.00625,1,1,-7.947688253012535
59660,5,49.24312174331673,203,0.00625,1,1,-7.943931958319381
59780,5,48.769218230121034,203,0.00625,1,1,-7.950146032758732
59900,0,48.367594613203465,203,0.00625,1,1,7.954841536561078
60020,0,48.02304332343532,203,0.00625,1,1,7.963966312262888
60150,0,47.64644183629446,203,0.04375,1,1,7.95845493853623
60270,4,48.68523462760517,206,0.04375,1,1,-7.978545014521594
60390,5,49.035365790384056,209,0.04375,1,1,-7.980165466792788
60520,5,48.61811550006217,209,0.04375,1,1,-7.9869672232957205
60640,7,49.1464826830658,212,0.04375,1,1,-7.986183461150368
60760,7,48.620522100789245,212,0.04375,1,1,-7.981863284725223
60880,0,48.24987012504817,193,0.04375,1,1,7.98281361155834
61000,3,49.22984258979665,196,0.01875,1,1,-7.985116495547485
61130,3,48.94317284258591,196,0.00625,1,1,-7.4961370463230335
61250,2,49.26148809115497,198,0.00625,1,1,-7.936981316132773
61380,2,48.993840712847714,198,0.00625,1,1,-7.944001077287214
61500,0,48.622245017880026,198,0.00625,1,1,7.940653641378269
61620,5,49.21070682008249,201,0.00625,1,1,-7.940420147086527
61750,5,48.714134370883514,201,0.00625,1,1,-7.955538001774199
61870,4,49.22033930840763,204,0.00625,1,1,-7.9565076944832756
61990,4,48.546030571202415,204,0.04375,1,1,-7.965365535628857
62110,0,48.0956472364266,204,0.04375,1,1,7.981129824502694
62240,0,47.65486917189565,204,0.04375,1,1,7.987865579603933
62360,0,46.8703497839938,204,0.04375,1,1,7.9830208880990625
62480,2,48.634441108162854,207,0.04375,1,1,-7.982703178454085
62610,6,49.13476179132823,210,0.04375,1,1,-7.989235523939765
62730,0,48.0915450526595,210,0.04375,1,1,-7.982617423116337
62850,5,49.34733021502053,197,0.04375,1,1,7.9833451754845735
62970,5,49.01180185533542,197,0.01875,1,1,-7.99131494805015
63090,5,48.77592509333255,197,0.01875,1,1,-7.3896106098136345
63220,0,48.49095888530619,197,0.00625,1,1,7.45278254275465
63340,8,49.26802688962247,200,0.00625,1,1,-7.9331614178213234
63470,8,48.98892490520764,200,0.00625,1,1,-7.943699754238953
63590,6,49.38722229121805,203,0.00625,1,1,-7.943679036253136
63710,6,49.07063705496422,203,0.00625,1,1,-7.942634544883731
63840,0,48.71441356836342,203,0.00625,1,1,-7.94827318046068
63960,0,48.302803698116115,203,0.00625,1,1,7.948767098689632
64080,3,48.91375039668009,206,0.00625,1,1,-7.95385539117521
64210,2,49.05797073781783,208,0.04375,1,1,-7.959331124367649
64330,0,48.62934886144567,208,0.04375,1,1,-7.986346102383122
64450,7,48.89840331835289,211,0.04375,1,1,-7.983302443781377
64570,0,48.44321702107384,211,0.04375,1,1,7.982280718123121
64700,2,49.042241062825795,198,0.04375,1,1,-7.9881623657108065
64810,2,48.77768269478241,198,0.01875,1,1,-7.983174734186138
64930,0,48.51237119236295,198,0.01875,1,1,7.335452414126411
65060,6,49.28334625911895,201,0.01875,1,1,-7.332726904748123
65180,6,49.00486091798341,201,0.01875,1,1,-7.334312507507682
65300,6,48.72355126576188,201,0.01875,1,1,-7.355706466946534
65420,0,48.41582939516505,201,0.01875,1,1,7.360761593477579
65550,3,49.25376793943718,204,0.01875,1,1,-7.366132683462852
65680,3,48.958096328814484,204,0.00625,1,1,-7.4119053131670585
65800,4,49.39909171255734,207,0.00625,1,1,-7.942213225399477
65930,4,49.01570897970619,207,0.00625,1,1,-7.945536036220618
66050,4,48.665068591521816,207,0.00625,1,1,-7.944954543907868
66170,0,48.21552943338501,207,0.00625,1,1,7.956737223154871
66300,8,48.94825505499433,210,0.00625,1,1,-7.953207944269414
66420,3,49.33609614900844,213,0.00625,1,1,-7.962305735089841
66540,0,48.60184264090653,213,0.04375,1,1,-7.966844847133096
66660,2,48.875583024393855,215,0.04375,1,1,-7.978962465793012
66790,5,49.10110731400725,218,0.04375,1,1,-7.988661660337804
66910,3,49.598288474416535,221,0.04375,1,1,-7.9845466883236496
67030,3,49.07936081477448,221,0.04375,1,1,-7.985994757924825
67160,0,48.79775480076268,201,0.04375,1,1,-7.98322833277577
67270,6,49.34615885731305,204,0.01875,1,1,-7.984947204115692
67390,6,49.04135807353212,204,0.01875,1,1,-7.366690488193832
67520,6,48.416321842041484,204,0.01875,1,1,-7.395293160200897
67640,9,49.46182198566895,208,0.01875,1,1,-7.407207140693918
67770,9,49.23212112582351,208,0.00625,1,1,-7.669598689721427
67890,9,48.98105346772961,208,0.00625,1,1,-7.930309314432983
68020,2,49.42350515889556,210,0.00625,1,1,-7.931519132420505
68140,2,49.12745845376665,210,0.00625,1,1,-7.936859663792301
68260,8,49.60409083553004,213,0.00625,1,1,-7.942460559018618
68390,8,49.26706580393258,213,0.00625,1,1,-7.945597982320703
68510,0,48.904982602825946,213,0.04375,1,1,-7.963288785968481
68630,0,48.40910633361359,213,0.04375,1,1,7.9781199124876885
68750,0,47.88104946533527,213,0.04375,1,1,7.979466886121886
68880,9,48.77733928233879,216,0.04375,1,1,-7.9843587197610635
69000,1,48.71884040186137,217,0.04375,1,1,-7.985166084815882
69120,7,49.16847168982568,220,0.04375,1,1,-7.986562904999696
69250,7,48.9312708935132,203,0.04375,1,1,-7.983511112018068
69360,1,48.94862388780793,204,0.01875,1,1,-7.983070640652032
69480,3,49.422705506509466,207,0.01875,1,1,-7.2688788857964575
69620,3,49.12244994999226,207,0.00625,1,1,-7.457297389577378
69740,0,48.82859790697162,207,0.00625,1,1,-7.9400402856400865
69860,0,48.53642782421721,207,0.00625,1,1,7.946282518224543
69980,5,49.259263540522625,210,0.00625,1,1,-7.945233307903644
70110,5,48.87034579053333,210,0.00625,1,1,-7.9449501410332894
70230,3,49.520249911644065,213,0.00625,1,1,7.94735365065515
70350,3,49.17294868791556,213,0.00625,1,1,-7.9572753955248805
70480,0,48.822367039580335,213,0.04375,1,1,-7.964942993003353
70600,2,49.101801914611436,215,0.04375,1,1,-7.9786957527910936
70720,2,48.70105351486566,215,0.04375,1,1,-7.978872484243995
70850,2,48.8947977317319,217,0.04375,1,1,-7.98008198306851
70970,5,49.54442269656402,220,0.04375,1,1,7.981215479525463
71090,5,49.09902488653531,220,0.04375,1,1,-7.985162215935422
71210,5,48.39270804164707,220,0.04375,1,1,-7.982413543471847
71340,0,47.98515446909333,220,0.04375,1,1,7.982857691167193
71460,2,48.67745989799527,222,0.04375,1,1,-7.9883074480787934
71580,5,49.37212101557206,206,0.04375,1,1,-7.981488969531427
71700,5,49.134430520772256,206,0.01875,1,1,-7.9822244536836795
71820,0,48.88330240130589,206,0.01875,1,1,-7.265805706301953
71940,0,48.57713462750145,206,0.01875,1,1,7.270140090551788
72080,6,49.29266234241899,209,0.00625,1,1,-7.302982344862558
72200,6,48.98920481089963,209,0.00625,1,1,-7.94721249482409
72320,7,49.365162659223486,212,0.00625,1,1,-7.943838466721562
72440,7,48.988007925471514,212,0.00625,1,1,-7.946790652011763
72570,5,49.3541987233413,215,0.00625,1,1,-7.951324048089061
72690,5,49.00227024379496,215,0.00625,1,1,-7.956112876603915
72810,0,48.51441285186736,215,0.04375,1,1,-7.952648167946642
72940,8,49.0201071807825,218,0.04375,1,1,-7.978944092381265
73060,8,48.58712501907106,218,0.04375,1,1,-7.984140988172808
73180,9,49.06884590965558,221,0.04375,1,1,-7.985434936295861
73300,0,48.39723073268669,221,0.04375,1,1,-7.982434972966563
73430,0,48.17345285759643,206,0.04375,1,1,7.984789036876453
73540,0,47.92539177462833,206,0.01875,1,1,7.987826476374748
73660,2,48.76075689278214,208,0.01875,1,1,-7.232350102304695
73790,0,48.32852455091905,208,0.01875,1,1,7.295774404348264
73910,6,49.26989753566177,211,0.01875,1,1,-7.426584522368162
74040,0,48.96530839376081,211,0.00625,1,1,-7.555958970549739
74170,1,48.97962141636564,212,0.00625,1,1,-7.932894448319621
74290,0,48.627583504180095,212,0.00625,1,1,7.946967691905754
74410,6,49.19680906050929,215,0.00625,1,1,-7.95070272337468
74530,0,48.725931163917124,215,0.00625,1,1,-7.953371925773647
74660,8,49.26625508714651,218,0.00625,1,1,-7.957992864548141
74780,0,48.91579638308249,218,0.04375,1,1,-7.9637694071067475
74900,0,48.523252062942596,218,0.04375,1,1,7.979169850974987
75030,6,49.12159835501845,221,0.04375,1,1,-7.978865920210191
75150,6,48.64730989751893,221,0.04375,1,1,-7.980873189165933
75270,5,49.10400721655399,224,0.04375,1,1,-7.982705497723519
75400,5,48.63304888957767,224,0.04375,1,1,-7.983755818937386
75520,5,49.16239155577234,210,0.04375,1,1,-7.98434051450478
75630,5,48.92100275503458,210,0.01875,1,1,-7.983657903484884
75760,0,48.61030111968047,210,0.00625,1,1,7.556255613088398
75890,0,48.30901747549287,210,0.00625,1,1,7.934556732886832
76010,0,48.574182682786855,211,0.00625,1,1,7.947901822783412
76130,0,48.23725095308673,211,0.00625,1,1,7.946446839524569
76260,0,47.899920261577236,211,0.04375,1,1,7.962176225289496
76380,7,48.686218076454544,214,0.04375,1,1,-7.978114523675082
76500,0,48.8589384398417,216,0.04375,1,1,-7.978137545576629
76620,1,48.7818201279545,217,0.04375,1,1,-7.988108478251532
76750,7,49.033897111507706,219,0.04375,1,1,-7.985816015061377
76870,7,48.541647799155236,219,0.04375,1,1,-7.983246821415553
76990,6,49.11699894336712,222,0.04375,1,1,-7.982138894406797
77120,6,48.66134857322635,222,0.04375,1,1,-7.984261116445895
77240,0,48.45006645980322,208,0.04375,1,1,7.983037488136214
77350,0,48.23274539451073,208,0.01875,1,1,7.983189427616017
77480,0,48.0192682345031,208,0.01875,1,1,7.194563198274666
77600,0,47.68681951552708,208,0.01875,1,1,7.213317940515953
77720,5,49.24804034403815,211,0.01875,1,1,7.201491568126808
77850,5,49.016506194885814,211,0.00625,1,1,-7.448571281696057
77980,0,48.78278509599566,211,0.00625,1,1,-7.93011895281702
78100,7,49.389473293123274,214,0.00625,1,1,-7.932015709429138
78220,7,49.12230769329276,214,0.00625,1,1,-7.932597971062337
78350,0,48.834060272740544,214,0.00625,1,1,-7.9365844034463295
78470,6,49.35760450375584,217,0.00625,1,1,-7.94032287710261
78590,6,49.07290237083614,217,0.00625,1,1,-7.944276980528354
78720,6,48.747664109551074,217,0.00625,1,1,-7.945743549421537
78840,7,49.26912494767411,220,0.00625,1,1,-7.943652723718316
78960,7,48.92744197009712,220,0.00625,1,1,-7.9499831026389485
79080,5,49.6859449218721,224,0.00625,1,1,-7.954261044545205
79210,0,48.985918342397845,224,0.04375,1,1,-7.952125224453008
79330,6,49.26160405286199,227,0.04375,1,1,-7.978564107635212
79450,6,48.775486652580405,227,0.04375,1,1,-7.988223798121889
79580,2,49.079792017610366,229,0.04375,1,1,7.9826062081657865
79700,2,48.87867317278621,209,0.04375,1,1,-7.98409279641916
79810,8,49.447173909943956,212,0.01875,1,1,-7.989844382063307
79940,8,49.202333967383304,212,0.01875,1,1,-7.160705864558435
80060,8,48.91338030937466,212,0.01875,1,1,-7.223053998964388
80180,0,48.62799960659952,212,0.01875,1,1,7.288025779578456
80300,6,49.288515247227416,215,0.01875,1,1,-7.380179866540081
80430,6,48.98255638249329,215,0.01875,1,1,-7.373700958371062
80550,0,48.74793739612907,215,0.01875,1,1,7.407475300418065
80680,3,49.34036371326765,218,0.00625,1,1,-7.409079775717592
80810,3,49.01023323590484,218,0.00625,1,1,-7.9328339091100775
80930,0,48.54920918582225,218,0.00625,1,1,-7.944347731708185
81050,0,48.857227396451876,221,0.00625,1,1,-7.95064255002398
81170,2,49.11174721170362,223,0.00625,1,1,-7.96311028079348
81300,2,48.84104057347129,223,0.04375,1,1,-7.974253489460116
81420,0,48.43530227213651,223,0.04375,1,1,7.980337366195352
81540,8,48.8462298716186,226,0.04375,1,1,-7.973355378123808
81670,5,49.46326089248067,213,0.04375,1,1,-7.981416911801599
81780,5,49.244017731466535,213,0.01875,1,1,-7.988089465826794
81900,5,48.97464966009158,213,0.01875,1,1,-7.138353687888644
82030,3,49.5918923130461,216,0.01875,1,1,7.219090112358239
82150,3,49.35825317700342,216,0.01875,1,1,-7.342711885920271
82280,3,49.09655696357683,216,0.00625,1,1,-7.474144875899924
82400,0,48.80265916313134,216,0.00625,1,1,-7.932576344048013
82530,4,49.329040039631835,219,0.00625,1,1,-7.939193683195828
82650,4,49.01506782164763,219,0.00625,1,1,-7.945240966401391
82770,4,48.64362883296297,219,0.00625,1,1,-7.948710309666546
82900,0,48.31546262472799,219,0.00625,1,1,7.948386793134848
83020,5,49.03419342841805,222,0.00625,1,1,-7.955521548217404
83140,5,48.628133471069546,222,0.00625,1,1,-7.950380125166155
83270,0,48.06416372909816,222,0.00625,1,1,7.963492291036078
83390,2,48.75098174829048,224,0.00625,1,1,-7.958849475634766
83510,6,49.35162365346779,227,0.04375,1,1,-7.96886337172726
83630,0,48.99410431016683,227,0.04375,1,1,-7.980705514535663
83760,7,49.34864486974814,230,0.04375,1,1,-7.97401542008898
83880,7,49.010617650547424,230,0.04375,1,1,-7.979235591678389
84000,7,48.553284186080596,230,0.04375,1,1,-7.979017082126396
84130,1,48.61816858943009,231,0.04375,1,1,-7.978177608434596
84250,6,49.106971532883,234,0.04375,1,1,-7.983242467840287
84370,6,48.91491705158631,212,0.04375,1,1,-7.9818672019147785
84480,0,48.710591438086084,212,0.01875,1,1,7.98402237437056
84610,0,48.48440078337389,212,0.01875,1,1,7.127794514962145
84730,0,48.13266233372075,212,0.01875,1,1,7.171717343103209
84850,0,48.450126778964965,213,0.01875,1,1,7.2392076827748975
84990,9,49.25765189686009,216,0.00625,1,1,-7.473804401134694
85110,0,48.95705409630874,216,0.00625,1,1,-7.947028762455714
85230,7,49.387212078071705,219,0.00625,1,1,-7.943370282749841
85360,7,49.06313381121731,219,0.00625,1,1,-7.946337343821703
85480,0,48.6030298200225,219,0.00625,1,1,-7.946839184891044
85600,0,48.22925421095123,219,0.00625,1,1,7.94982383724773
85720,0,47.848330009768524,219,0.04375,1,1,7.9630473024251165
85850,0,47.500619403576636,219,0.04375,1,1,7.980033737334931
85970,9,48.87485274345112,222,0.04375,1,1,-7.980363198499223
86090,2,49.04081340482181,224,0.04375,1,1,-7.9787179897735285
86220,2,48.47930094639781,224,0.04375,1,1,-7.980527407589768
86340,4,49.054336244790306,228,0.04375,1,1,-7.983298378916194
86460,0,48.6379968275538,228,0.04375,1,1,-7.98590746791279
86590,0,48.155758222913995,228,0.04375,1,1,7.987426963994644
86710,7,49.317080815621935,231,0.04375,1,1,-7.98182886350682
86830,0,48.48395395014748,231,0.04375,1,1,-7.983984117615606
86950,8,49.356860937976116,213,0.04375,1,1,-7.983344627740562
87070,8,49.15289963583146,213,0.01875,1,1,-7.989724661656532
87190,8,48.95195311506689,213,0.01875,1,1,-7.13486921111095
87310,6,49.40256260826171,216,0.01875,1,1,-7.170482111983908
87440,6,49.1779414551283,216,0.01875,1,1,-7.160105157855532
87570,6,48.9530543274553,216,0.00625,1,1,-7.3764833043393985
87690,9,49.39784233623592,219,0.00625,1,1,-7.930101205633804
87820,9,48.87627642694809,219,0.00625,1,1,-7.930177024932688
87940,0,48.477162814658534,219,0.00625,1,1,7.944913109950146
88060,0,48.36232932101261,220,0.04375,1,1,7.966767754379
88180,0,48.39159514033006,221,0.04375,1,1,7.98114839331944
88310,0,48.77825371116818,223,0.04375,1,1,-7.987053274550377
88430,0,48.00996962874286,223,0.04375,1,1,7.984890761554278
88550,4,48.90501268819519,226,0.04375,1,1,-7.984646805941259
88680,5,49.48250129148284,215,0.04375,1,1,-7.9890583737519245
88790,5,49.28463163631216,215,0.01875,1,1,-7.984607030583419
88910,5,49.04806413859993,215,0.01875,1,1,-7.131574921966375
89030,5,48.77757193771008,215,0.01875,1,1,-7.149220832066696
89170,0,48.45517397900391,215,0.00625,1,1,7.267240753878708
89290,0,48.02498814102572,215,0.00625,1,1,7.940987494104407
89410,9,49.19127892552618,218,0.00625,1,1,-7.949591112603515
89540,9,48.84363029096242,218,0.04375,1,1,-7.960853209989307
89660,0,48.28821238064612,218,0.04375,1,1,7.968251787834388
89780,0,47.91316329512983,218,0.00625,1,1,7.9787146269325016
89910,0,47.57523017210712,218,0.04375,1,1,7.968466410652849
90030,4,48.773937285510506,221,0.04375,1,1,-7.980093346137346
90150,5,49.09083193234065,224,0.04375,1,1,-7.978172205838437
90270,5,48.55469697911734,224,0.04375,1,1,-7.984665001995663
90400,0,47.89135352203162,224,0.04375,1,1,7.985572568369801
90520,2,48.25456717827198,226,0.04375,1,1,-7.985353557307389
90640,0,48.075352925206595,210,0.04375,1,1,7.987704410765096
90760,0,47.880123842396294,210,0.01875,1,1,7.989481734466723
90880,0,47.670859470212314,210,0.01875,1,1,7.076093500149959
91000,0,48.756260259141946,212,0.01875,1,1,7.139633812928336
91130,1,48.962173689323265,213,0.01875,1,1,-7.188078358352899
91250,4,49.4616772939098,216,0.01875,1,1,-7.185807951205596
91370,4,49.14852962371578,216,0.01875,1,1,-7.186134989924729
91490,4,48.81614460689299,216,0.01875,1,1,-7.251994637852602
91620,5,49.390130314503224,219,0.01875,1,1,-7.420414514734215
91750,5,49.154589005907305,219,0.00625,1,1,-7.448483398989259
91870,0,48.849700029596086,219,0.00625,1,1,-7.938640617215269
92000,9,49.38093424494604,222,0.00625,1,1,-7.933074409433586
92120,9,49.00659260599671,222,0.00625,1,1,-7.947014381931771
92240,9,48.67129404271898,222,0.00625,1,1,-7.9424734877344845
92370,9,49.09411995770726,225,0.00625,1,1,-7.955824090619362
92490,9,48.74477099606289,225,0.00625,1,1,-7.9513183950494755
92610,2,49.09313855184638,227,0.04375,1,1,-7.966257682006995
92730,2,48.72814278124478,227,0.04375,1,1,-7.978806462137506
92860,6,49.21446584516862,230,0.04375,1,1,-7.978786712091025
92980,6,48.51158368584583,230,0.04375,1,1,-7.979611477221812
93100,9,49.35621773249769,213,0.04375,1,1,-7.981533659765753
93220,9,49.078670835124406,213,0.01875,1,1,-7.988261957881487
93340,9,48.85331935565726,213,0.01875,1,1,-7.1664150039735866
93470,5,49.411059032665754,216,0.00625,1,1,-7.358954490146632
93590,5,49.15710956521062,216,0.00625,1,1,-7.930308968567241
93720,5,48.90071620334808,216,0.00625,1,1,-7.936425334958296
93840,0,48.594635438132656,216,0.00625,1,1,7.937511672782963
93960,5,49.30603607388163,219,0.00625,1,1,-7.938053199730065
94090,1,49.33264161805888,220,0.00625,1,1,-7.947199067518764
94210,0,48.98822534671776,220,0.00625,1,1,-7.942346952772651
94330,4,49.363315795356556,223,0.00625,1,1,-7.947351841267681
94460,4,48.92108682396608,223,0.00625,1,1,-7.952461548121307
94580,0,48.26274953764132,223,0.00625,1,1,7.951523522092914
94700,0,47.97015518816365,223,0.00625,1,1,7.961771963231244
94820,2,48.559009010763205,225,0.04375,1,1,-7.9725608527773675
94950,0,47.78262883416731,225,0.00625,1,1,7.975165976855186
95070,2,48.599921790455014,227,0.04375,1,1,-7.967661013583158
95190,6,49.14226002622633,230,0.04375,1,1,-7.989147638743655
95320,6,48.7238503582473,230,0.04375,1,1,-7.981761945744483
95440,3,49.197929181377084,233,0.04375,1,1,-7.982774615009237
95560,3,48.70179040999236,233,0.04375,1,1,-7.981906880395552
95690,0,48.51731269621427,212,0.04375,1,1,7.982112013560665
95800,9,49.37098354209373,215,0.01875,1,1,-7.984365728545813
95920,9,49.176745156371,215,0.01875,1,1,-7.098065169710002
96040,9,48.94547173345532,215,0.01875,1,1,-7.118790801914487
96170,5,49.61604898350676,218,0.01875,1,1,7.135976473720794
96290,5,49.36647815782204,218,0.01875,1,1,-7.25322602791481
96410,5,49.11042589982624,218,0.01875,1,1,-7.27930747568742
96540,0,48.79449022436244,218,0.01875,1,1,-7.2993428594284975
96660,5,49.31176361886363,221,0.01875,1,1,-7.314221903901989
96780,5,49.12623237583416,221,0.01875,1,1,-7.42468056784993
96910,5,48.860156634307785,221,0.00625,1,1,-7.446631961242265
97040,8,49.30484533023862,224,0.00625,1,1,-7.916617517655456
97160,8,48.83625722402343,224,0.00625,1,1,-7.9401015463432065
97280,8,49.30924522207766,227,0.00625,1,1,-7.953991901419598
97410,8,48.91462675770865,227,0.04375,1,1,-7.9636187052404255
97530,0,48.531193434240684,227,0.04375,1,1,7.978621551110368
97650,9,49.42599661638071,230,0.04375,1,1,7.980961068003787
97780,0,48.74938167910192,230,0.04375,1,1,-7.980475931406629
97900,0,48.890322701493375,233,0.04375,1,1,-7.983583379112576
98020,0,48.42362996497838,233,0.04375,1,1,7.9878988123145716
98140,0,48.52370342940135,234,0.04375,1,1,7.988720672560661
98270,6,49.36268796851674,216,0.04375,1,1,-7.983530445106138
98380,6,49.148034458430544,216,0.01875,1,1,-7.982164100414457
98500,6,48.89306415493877,216,0.01875,1,1,-7.15640471121307
98630,5,49.32334372535882,219,0.01875,1,1,-7.205151620818934
98750,5,49.09157796898298,219,0.01875,1,1,-7.311786578442113
98880,0,48.841545245305454,219,0.00625,1,1,-7.46997293595177
99010,0,48.32395846090819,219,0.00625,1,1,7.932077889562462
99130,4,49.121168218080776,222,0.00625,1,1,-7.936621868674931
99250,4,48.78748902711021,222,0.04375,1,1,-7.966553543675874
99370,0,48.45023080934946,222,0.04375,1,1,7.980421911246302
99500,5,49.046580027434224,225,0.04375,1,1,-7.977924788656052
99620,5,48.61463513387933,225,0.04375,1,1,-7.978133367552054
99740,0,48.98244568984496,227,0.04375,1,1,-7.9843145708725585
99870,1,48.67587665332494,228,0.04375,1,1,-7.982398559054038
99990,0,48.25900387969225,228,0.04375,1,1,7.981259833305602
100110,0,47.73354720135171,228,0.04375,1,1,7.987434458529356
100240,0,48.83635957316392,231,0.04375,1,1,-7.981849036865828
100360,0,48.67227959505456,214,0.04375,1,1,7.98510451641554
100470,6,49.42303759277812,217,0.01875,1,1,-7.984257036582276
100590,6,49.230686406394625,217,0.01875,1,1,-7.005984975071354
100720,6,49.037724759135905,217,0.01875,1,1,-7.094330818013924
100840,6,48.838901032551874,217,0.01875,1,1,-7.128915910756279
100960,4,49.458850928715556,220,0.01875,1,1,-7.131213399936979
101090,4,49.260450995438,220,0.01875,1,1,-7.152628305106312
101210,4,49.05821978978333,220,0.01875,1,1,-7.14652168580163
101330,4,48.82586935006799,220,0.01875,1,1,-7.151118369008884
101450,0,48.584021754578096,220,0.01875,1,1,7.164561223040002
101580,8,49.312087660203574,223,0.01875,1,1,-7.256124464266949
101700,8,49.08679891152177,223,0.01875,1,1,-7.280657891357809
101830,0,48.853899603758855,223,0.00625,1,1,-7.340653180824795
101960,0,48.62124500986003,223,0.00625,1,1,7.930291175394876
102080,0,48.37791449612563,223,0.00625,1,1,7.932380446828945
102200,0,48.10545611512797,223,0.00625,1,1,7.9323153776107045
102330,6,49.3406509434681,226,0.00625,1,1,-7.935033313210363
102450,9,49.67098498329351,229,0.00625,1,1,-7.941372734488768
102570,9,49.17823583533069,229,0.00625,1,1,-7.950725889494679
102690,9,48.798288046766615,229,0.00625,1,1,-7.962415804062081
102820,6,49.2560229403831,232,0.04375,1,1,-7.965138537438176
102940,6,49.61402738588222,235,0.04375,1,1,-7.980318927466608
103060,6,49.097437655665374,235,0.04375,1,1,-7.980673636227124
103190,0,48.63564936695848,235,0.04375,1,1,-7.985848146275858
103310,1,48.33494864508956,236,0.04375,1,1,-7.9848899079393085
103430,0,48.16919868880131,211,0.04375,1,1,7.983380992376202
103550,8,49.290914098808635,214,0.01875,1,1,-7.988913347831909
103670,8,49.12182986274396,214,0.01875,1,1,-7.0142763860613915
103790,8,48.92045033744737,214,0.01875,1,1,-7.018568394190131
103910,6,49.412384355372694,217,0.01875,1,1,-7.030397045587978
104040,6,49.1171163648658,217,0.01875,1,1,-7.161612811071292
104170,6,48.83817658621311,217,0.00625,1,1,-7.339387879179199
104290,0,48.55554164871195,217,0.00625,1,1,7.945469204461301
104420,9,49.141509802644634,220,0.00625,1,1,-7.942604448538995
104540,9,48.772531187624224,220,0.00625,1,1,-7.943281548895614
104660,0,48.433346417572544,220,0.04375,1,1,7.960878025876083
104780,0,47.9907729492574,220,0.04375,1,1,7.979805514072216
104910,2,48.635017451195985,222,0.04375,1,1,-7.978243825345635
105030,4,49.37577770743632,225,0.04375,1,1,7.982763610303838
105150,4,48.97520705635853,225,0.04375,1,1,-7.9836884661401255
105280,0,48.540987865476026,225,0.04375,1,1,7.988752385242275
105400,3,49.11291656394202,228,0.04375,1,1,-7.981208211792551
105520,3,48.94600224110123,211,0.04375,1,1,-7.9824781725841145
105640,1,49.1161486301811,212,0.01875,1,1,-7.983161958000484
105760,1,48.92337252122527,212,0.01875,1,1,-7.019970621835716
105880,7,49.469859601075676,215,0.01875,1,1,-7.084458612294537
106000,7,49.17016682898447,215,0.01875,1,1,-7.130516503287978
106130,7,48.84383193649474,215,0.01875,1,1,-7.194109065624996
106250,0,48.61320386745546,215,0.01875,1,1,7.398786423206073
106380,6,49.326018465963024,218,0.00625,1,1,-7.439990144334229
106510,6,49.07039625031771,218,0.00625,1,1,-7.931771261442594
106630,0,48.75809301434719,218,0.00625,1,1,-7.939483568433157
106750,5,48.860933518554795,219,0.00625,1,1,-7.9378834365822755
106880,0,48.57734470927642,219,0.00625,1,1,7.948140573989164
107000,7,49.24898643894433,222,0.00625,1,1,-7.94796569316817
107120,7,48.92092053436685,222,0.00625,1,1,-7.943453489209093
107240,3,49.17661657344612,225,0.00625,1,1,-7.950556800324231
107370,0,48.78958358429674,225,0.00625,1,1,-7.9503666408104445
107490,7,49.271216205256074,228,0.04375,1,1,-7.965777037961796
107610,7,48.66094910152318,228,0.04375,1,1,-7.980635114311757
107740,0,48.17946298442716,228,0.04375,1,1,7.97986140069549
107860,0,47.50972063417963,228,0.04375,1,1,7.986842533104649
107980,0,46.80747055504549,228,0.04375,1,1,7.983962831442351
108110,3,49.51554017143978,233,0.04375,1,1,7.987799102836361
108230,3,48.28925123039672,233,0.04375,1,1,-7.9882535379637165
108350,0,48.14091981386789,210,0.04375,1,1,7.984098908056234
108460,5,49.297290470815504,213,0.01875,1,1,-7.992256726114099
108590,5,49.12950015182369,213,0.01875,1,1,-6.919788645485596
108710,5,48.95001445272854,213,0.01875,1,1,-6.940523379296954
108830,9,49.49114056147242,216,0.01875,1,1,-7.024208504859029
108960,9,49.286873931273774,216,0.01875,1,1,-7.077254718976388
109080,9,49.067249727395925,216,0.01875,1,1,-7.148800764011413
109200,9,48.82386603895875,216,0.01875,1,1,-7.171517624895781
109320,6,49.57811424463613,219,0.01875,1,1,7.220223491623559
109450,6,49.324067923628405,219,0.01875,1,1,-7.284460896179175
109570,6,49.049661343463534,219,0.01875,1,1,-7.294987610134702
109690,0,48.79484342249848,219,0.01875,1,1,-7.309691702176061
109830,0,48.50688016012855,219,0.00625,1,1,7.352824108711473
109950,0,48.23898909887576,219,0.00625,1,1,7.937705289113001
110070,7,49.20030380983769,222,0.00625,1,1,-7.944227508805122
110200,7,48.82785013448395,222,0.00625,1,1,-7.940469213792628
110320,0,48.33333834208502,222,0.00625,1,1,7.942413534091197
110440,7,49.1463244360632,225,0.00625,1,1,-7.95562784219375
110560,7,48.68405905854836,225,0.04375,1,1,-7.965243624176762
110690,0,48.20984062830716,225,0.04375,1,1,7.979354434054473
110810,0,47.80636848973941,225,0.04375,1,1,7.983395669646982
110930,0,46.98884252904404,225,0.04375,1,1,7.98375377406425
111060,0,48.56278788666059,228,0.00625,1,1,7.981326047677911
111180,0,47.55906872967527,228,0.04375,1,1,7.976867960590749
111300,7,48.46311734831406,231,0.04375,1,1,-7.985553289775863
111430,8,49.49392256535261,209,0.04375,1,1,7.991066741864236
111540,8,49.323070987649714,209,0.01875,1,1,-7.989535613686619
111660,8,49.14437394815542,209,0.01875,1,1,-7.040006061322857
111780,8,48.91953513631492,209,0.01875,1,1,-7.038715569075401
111920,0,48.66623661060554,209,0.00625,1,1,7.07387220963174
112040,0,48.40762710483297,209,0.00625,1,1,7.930163265138599
112160,3,49.22032694970148,212,0.00625,1,1,-7.937365685085676
112290,0,48.813482213879546,212,0.00625,1,1,-7.9385354743737295
112410,9,49.2019442743178,215,0.00625,1,1,-7.947471967456223
112530,9,48.73377755489505,215,0.00625,1,1,-7.958918376693315
112650,0,48.38244496859546,215,0.00625,1,1,7.962085565949084
112780,7,49.41439085698881,218,0.04375,1,1,7.963590811814939
112900,7,49.05469770177776,218,0.04375,1,1,-7.978912477570185
113020,7,48.435004306400394,218,0.04375,1,1,-7.9793049506736935
113150,4,49.06167609748243,221,0.04375,1,1,-7.979346489932375
113270,0,48.474672463774354,221,0.04375,1,1,-7.987006368995789
113390,0,47.91911857780269,221,0.04375,1,1,7.983765535165566
113520,4,49.223276428300146,207,0.04375,1,1,-7.986415711268017
113630,4,49.03497082448383,207,0.01875,1,1,-7.985781950433275
113750,4,48.83570352998288,207,0.01875,1,1,-6.985956436807441
113870,0,48.96821386475449,208,0.01875,1,1,7.113352836812217
114000,7,49.38036699182878,211,0.01875,1,1,-7.1542024958707255
114120,7,48.96292169501247,211,0.01875,1,1,-7.313180351283754
114240,7,49.44673179591601,214,0.01875,1,1,-7.421601233173951
114380,7,49.21713636026408,214,0.00625,1,1,-7.543124439374513
114500,0,48.922087381387314,214,0.00625,1,1,-7.935672932309373
114620,4,49.36595665105804,217,0.00625,1,1,-7.93149033729815
114750,4,49.09890955033951,217,0.00625,1,1,-7.9454328642757295
114870,4,48.80943008975118,217,0.00625,1,1,-7.948487771382548
114990,3,49.32624780038078,220,0.00625,1,1,-7.940298898987512
115110,3,49.002022881597675,220,0.00625,1,1,-7.944490361354779
115240,3,48.65202769917386,220,0.00625,1,1,-7.949394347755221
115360,0,48.93145469509834,223,0.04375,1,1,-7.949844034901867
115480,0,48.389025523915066,223,0.00625,1,1,7.978841131271553
115610,2,48.71467422998394,225,0.00625,1,1,-7.972917975336957
115730,9,49.088371769754374,228,0.04375,1,1,-7.967839634096182
115850,0,48.42956148386678,228,0.04375,1,1,-7.986068309918867
115980,0,47.90789625266691,228,0.04375,1,1,7.985230174319534
116100,0,48.68649026746516,231,0.04375,1,1,-7.987636216255204
116220,0,48.53107222814934,209,0.04375,1,1,7.9850136426938425
116330,0,48.368040893666056,209,0.01875,1,1,7.988137141278787
116460,9,49.355688220360115,212,0.01875,1,1,-6.9604714435069965
116580,9,49.17240741325656,212,0.01875,1,1,-7.00070190199776
116700,9,48.9810364795077,212,0.01875,1,1,-6.989094131836935
116830,0,48.77695666738329,212,0.01875,1,1,7.093167898036128
116950,0,48.5593343185275,212,0.01875,1,1,7.125199170119878
117070,7,49.31385759438565,215,0.01875,1,1,-7.170884368196918
117190,7,49.0558356016194,215,0.01875,1,1,-7.214228838397175
117330,7,48.80907433908953,215,0.00625,1,1,-7.321372414220792
117450,5,49.10735483484184,217,0.00625,1,1,-7.938408421807566
117570,5,48.69422590459026,217,0.00625,1,1,-7.935857169186238
117700,0,48.298719975883444,217,0.00625,1,1,7.954652495396075
117820,5,49.04659292961601,220,0.04375,1,1,-7.95946071007166
117940,5,48.5096014375877,220,0.04375,1,1,-7.980998387758045
118070,6,49.12995850261322,223,0.04375,1,1,-7.982986517381141
118190,6,48.43259058683552,223,0.04375,1,1,-7.9853731052353
118310,0,48.27570522716201,206,0.04375,1,1,7.982274284548061
118420,4,49.323839447414976,209,0.01875,1,1,-7.988187989198584
118550,4,49.159367716175005,209,0.01875,1,1,-6.96849178999215
118670,0,48.953179227144794,209,0.01875,1,1,-7.011851180801247
118790,5,49.45607062332739,212,0.01875,1,1,-7.007943368710918
118920,5,49.08009079534647,212,0.01875,1,1,-7.177971893706561
119040,5,48.84019087033477,212,0.01875,1,1,-7.259881610064723
119170,7,49.34817593212633,215,0.00625,1,1,-7.502044673144727
119300,7,49.032030311965535,215,0.00625,1,1,-7.9341861122400505
119420,0,48.7630488862537,215,0.00625,1,1,-7.947520452768936
119540,5,49.51754463124394,218,0.00625,1,1,7.948703553136627
119660,5,49.14717537392951,218,0.00625,1,1,-7.940687682274411
119790,0,48.70796851667111,218,0.00625,1,1,-7.957505743676623
119910,5,49.154757762969815,221,0.00625,1,1,-7.955408860440753
120030,0,48.76665893963077,221,0.00625,1,1,-7.961546126257615
120160,4,49.29063689999395,224,0.04375,1,1,-7.963205227952515
120280,4,48.94494413166477,224,0.04375,1,1,-7.980681681780399
120400,0,48.58563992546054,224,0.04375,1,1,7.978510553920839
120530,0,48.18878328871094,224,0.04375,1,1,7.978607875372524
120650,8,48.91935682787712,227,0.04375,1,1,-7.979326745819943
120770,0,48.35226348650493,227,0.04375,1,1,7.981054868216066
120890,2,48.770873139864754,229,0.04375,1,1,-7.985530441732351
121020,8,49.46616599491007,210,0.04375,1,1,-7.986022640634559
121130,8,49.292681509889064,210,0.01875,1,1,-7.984383337765297
121250,8,49.1047326173995,210,0.01875,1,1,-7.03306851992381
121380,8,48.895932682121135,210,0.01875,1,1,-7.050828914781822
121500,0,48.684875857951916,210,0.01875,1,1,7.111951793304223
121620,9,49.358897098373326,213,0.01875,1,1,-7.186569633337102
121740,9,49.09453108850444,213,0.01875,1,1,-7.193844712095512
121870,9,48.85528053766561,213,0.01875,1,1,-7.303698102018139
122000,2,49.25144035771068,215,0.00625,1,1,-7.3323205876801065
122120,2,48.93502604118778,215,0.00625,1,1,-7.93402303207971
122250,6,49.304894084366396,218,0.00625,1,1,-7.934159930837438
122370,6,48.95103344099594,218,0.00625,1,1,-7.948742413472649
122490,4,49.34141827282851,221,0.00625,1,1,-7.956356223779678
122620,4,48.87650632897672,221,0.00625,1,1,-7.953583863571447
122740,0,48.556358399760605,221,0.00625,1,1,7.952867846114828
122860,5,49.17527912036632,224,0.04375,1,1,-7.963373667144725
122980,5,48.60051419608699,224,0.04375,1,1,-7.977094175163901
123110,0,48.057751906236426,224,0.04375,1,1,7.981059808525227
123230,4,48.99384192221968,227,0.04375,1,1,-7.98617731399228
123350,6,49.29076540127535,230,0.04375,1,1,-7.98550320069473
123480,6,48.68702649751233,230,0.04375,1,1,-7.982353816821383
123600,0,48.13778099301397,230,0.04375,1,1,7.9816284452374555
123720,0,47.94692952985336,208,0.04375,1,1,7.986726073827897
123840,5,49.28333229156272,212,0.01875,1,1,-7.985646100758093
123960,5,48.844440767346214,212,0.01875,1,1,-7.1232156474111585
124080,0,48.611110645730335,212,0.01875,1,1,7.417271573374978
124210,6,49.23048290034567,215,0.00625,1,1,-7.56146979845622
124340,0,48.750261006521505,215,0.00625,1,1,-7.932494670815952
124460,5,49.280766707276854,218,0.00625,1,1,-7.954056550735031
124580,0,48.894163664055114,218,0.04375,1,1,-7.964369537822789
124710,5,49.23397007533363,221,0.04375,1,1,-7.9787844694199865
124830,5,48.752756208587165,221,0.04375,1,1,-7.9806162569765755
124950,9,49.69867563045076,227,0.04375,1,1,-7.98262151024822
125070,9,49.536469981982286,216,0.04375,1,1,-7.983955113722921
125190,9,49.36754268255259,216,0.01875,1,1,-7.9874605958574305
125310,9,49.17642951774543,216,0.01875,1,1,-6.996499719975761
125430,0,48.8061509108679,216,0.01875,1,1,-7.029650924058343
125560,0,48.54248029173002,216,0.01875,1,1,7.124216126734567
125690,5,49.26859290847716,219,0.00625,1,1,-7.495717027802812
125810,5,48.982964959584706,219,0.00625,1,1,-7.939606679288282
125940,9,49.33599870513607,222,0.00625,1,1,-7.946169002379441
126060,9,48.95793647755461,222,0.00625,1,1,-7.943817227572076
126180,7,49.36004075725789,225,0.00625,1,1,-7.954576924029
126300,7,48.95754815474921,225,0.00625,1,1,-7.956205125477646
126430,2,49.155114914665965,227,0.00625,1,1,-7.95078409362326
126550,2,48.80012359506189,227,0.04375,1,1,-7.958532901895473
126670,6,49.2948255455355,230,0.04375,1,1,-7.980392497282022
126800,6,48.95943951960873,230,0.04375,1,1,-7.979104918884483
126920,0,48.27508269622651,230,0.04375,1,1,7.978822924624693
127040,0,47.8188448139717,230,0.04375,1,1,7.978024813667973
127170,9,49.10619141306501,234,0.04375,1,1,-7.988008738088224
127290,9,49.611736814391755,237,0.04375,1,1,-7.983207986569547
127410,9,49.19598888392081,237,0.04375,1,1,-7.983417080725314
127530,9,49.006089005830866,217,0.04375,1,1,-7.98183795685896
127650,9,48.80897459874907,217,0.01875,1,1,-7.981806431049037
127770,0,48.614177206367145,217,0.01875,1,1,7.119556911352036
127890,9,49.36582419230229,220,0.01875,1,1,-7.1465023973474935
128020,9,49.13113225084526,220,0.01875,1,1,-7.138044261721834
128140,9,48.78967265865623,220,0.01875,1,1,-7.2317289550189345
128260,5,49.412098683621366,223,0.01875,1,1,-7.262341864190762
128400,5,49.181636838068584,223,0.00625,1,1,-7.460692033875966
128520,5,48.9421007005991,223,0.00625,1,1,-7.931405614976813
128640,2,49.2652514424332,225,0.00625,1,1,-7.931726209614186
128760,2,48.88207482624698,225,0.00625,1,1,-7.934094860789542
128890,0,48.52023329967994,225,0.00625,1,1,7.939793002775643
129010,0,48.15406963001437,225,0.00625,1,1,7.956716883488875
129130,0,48.58728688517473,226,0.00625,1,1,7.954486823863984
129260,4,49.45353368819902,229,0.04375,1,1,-7.954959483980512
129380,4,49.0849215762174,229,0.00625,1,1,-7.961596753663176
129500,0,48.7459316604745,229,0.04375,1,1,-7.960964572585307
129620,8,49.14258429293949,232,0.04375,1,1,-7.979787833501345
129750,8,48.41553256426339,232,0.04375,1,1,-7.978232710415282
129870,4,49.04582701473842,235,0.04375,1,1,-7.984085078835462
129990,4,48.60903093092915,235,0.04375,1,1,-7.988572949320877
130120,6,49.42733306129729,217,0.04375,1,1,-7.9840533162601535
130230,6,49.24890147575911,217,0.01875,1,1,-7.98256737873619
130350,6,49.06283348614922,217,0.01875,1,1,-6.98784417314477
130480,6,48.86546901606329,217,0.01875,1,1,-7.072727701611498
130600,4,49.463672300414686,220,0.01875,1,1,-7.10448471156053
130720,4,49.25894867079427,220,0.01875,1,1,-7.1474045470152765
130840,4,49.019073626616304,220,0.01875,1,1,-7.157388006802125
130970,0,48.65984846692847,220,0.01875,1,1,-7.1730623119592405
131090,0,48.37273035952205,220,0.01875,1,1,7.275708839714623
131220,9,49.24377024125781,223,0.00625,1,1,-7.482909637664732
131350,0,48.97063093900554,223,0.00625,1,1,-7.944079792891227
131470,8,49.374192515207696,226,0.00625,1,1,-7.9416855230992125
131590,8,49.03518083506926,226,0.00625,1,1,-7.941504865344112
131720,0,48.687826327587466,226,0.04375,1,1,-7.949368844370143
131840,3,49.26372385234973,229,0.04375,1,1,-7.9782339525379475
131960,0,48.86376505070369,229,0.04375,1,1,-7.978698650037104
132080,0,48.40182411949274,229,0.04375,1,1,7.978705684554579
132210,4,49.12302395866104,232,0.04375,1,1,-7.98118314539382
132330,4,48.507713835332495,232,0.04375,1,1,-7.983385691597946
132450,0,48.94306653561872,235,0.04375,1,1,7.981324850407626
132580,5,49.26881174923038,238,0.04375,1,1,-7.986930808064653
132700,3,48.740655937318174,238,0.04375,1,1,-7.986921502709004
132820,3,49.163204662107695,241,0.04375,1,1,-7.981892359208251
132940,3,49.00920853176476,218,0.04375,1,1,-7.985168415690869
133060,3,48.84556179281553,218,0.01875,1,1,-7.983438289938484
133180,7,49.47337878314247,221,0.01875,1,1,-6.952571585802949
133300,7,49.277477421128715,221,0.01875,1,1,-7.00380955629431
133430,7,49.08269736595911,221,0.01875,1,1,-7.098421924428988
133550,7,48.878585516756154,221,0.01875,1,1,-7.142096696904564
133670,0,48.67628049574324,221,0.01875,1,1,7.137980291065353
133800,3,49.38739736057028,224,0.01875,1,1,-7.170993038591897
133920,3,49.13977136811385,224,0.01875,1,1,-7.164815707403992
134040,3,48.90714452970158,224,0.01875,1,1,-7.222488886576817
134170,9,49.418455609615606,227,0.00625,1,1,-7.294738593487755
134300,9,49.126205800271585,227,0.00625,1,1,-7.932307988872627
134420,9,48.773572700471284,227,0.00625,1,1,-7.938346227783375
134540,9,49.09419091998033,230,0.04375,1,1,-7.9449636365536005
134670,9,48.656799695842814,230,0.04375,1,1,-7.97898133809971
134790,0,48.12407440234039,230,0.04375,1,1,7.985495633069943
134910,0,48.417763787189706,231,0.04375,1,1,7.982587832005084
135040,9,49.11140791605116,234,0.04375,1,1,-7.985275119854334
135160,9,48.943674309239405,216,0.04375,1,1,-7.984400062788379
135270,7,49.50157003666861,219,0.01875,1,1,-7.981958149045652
135390,7,49.29851060873464,219,0.01875,1,1,-7.023935329301656
135520,7,49.07072195701665,219,0.01875,1,1,-7.101979878156263
135640,7,48.816339854275675,219,0.01875,1,1,-7.167407006342975
135770,1,48.974232356447736,220,0.00625,1,1,-7.243676513305193
135900,7,49.462965166576204,223,0.00625,1,1,-7.937608290207108
136020,7,49.158806578406335,223,0.00625,1,1,-7.9333638439845835
136140,7,48.85016449967974,223,0.00625,1,1,-7.9324346853049095
136270,4,49.21124222352911,225,0.00625,1,1,-7.946900486313239
136390,4,48.93407693654848,225,0.00625,1,1,-7.947591183473823
136510,9,49.36027767565807,228,0.00625,1,1,-7.942376964900429
136630,9,49.03714357402425,228,0.00625,1,1,-7.942272916309716
136760,9,48.627293840173515,228,0.00625,1,1,-7.949798332385719
136880,7,49.21509525429473,231,0.00625,1,1,-7.949693365489026
137000,0,48.87197223396324,231,0.04375,1,1,-7.95917977726585
137130,2,49.14634317141213,233,0.04375,1,1,-7.98023805681557
137250,2,48.705103336659874,233,0.04375,1,1,-7.978465772537191
137370,0,48.29629423681697,233,0.04375,1,1,7.978964338760186
137490,0,47.76888216588021,233,0.04375,1,1,7.982718768159051
137620,7,48.817893462003575,215,0.04375,1,1,-7.981538434447313
137730,6,49.448890448172286,218,0.01875,1,1,-7.985150873548269
137850,6,49.23206494064891,218,0.01875,1,1,-7.121862799852212
137980,0,48.937245626388595,218,0.01875,1,1,-7.159788409644949
138100,2,49.304074038888196,220,0.01875,1,1,-7.211814672880678
138230,2,49.058332630900445,220,0.00625,1,1,-7.390499108063246
138360,2,48.76713524169426,220,0.00625,1,1,-7.929805768373541
138480,0,48.82598628652138,221,0.00625,1,1,-7.935614647456042
138600,1,48.97446741983683,222,0.00625,1,1,7.944784899403206
138720,3,48.905020388361315,225,0.04375,1,1,-7.953379633613767
138850,8,49.217992876609344,228,0.00625,1,1,-7.979576412387977
138970,8,49.04080911298693,217,0.04375,1,1,-7.97627309891129
139080,8,48.82072212807839,217,0.01875,1,1,-7.983249850542013
139210,5,49.42459105708351,220,0.01875,1,1,-7.067306788870524
139340,5,49.19302138542898,220,0.00625,1,1,-7.221595192295251
139460,5,48.96136541981769,220,0.00625,1,1,-7.930490447288222
139590,0,48.694726218720334,220,0.00625,1,1,7.93202525425052
139710,7,49.111917698623955,222,0.00625,1,1,-7.932048429157298
139830,7,48.84295606721423,222,0.00625,1,1,-7.940216199284441
139950,5,49.37849031483559,225,0.00625,1,1,-7.947487490953677
140080,5,49.06938607726429,225,0.00625,1,1,-7.940683731912156
140200,0,48.707770601602526,225,0.00625,1,1,-7.942556520286163
140320,8,49.26196701962136,228,0.00625,1,1,-7.947661248191791
140450,8,48.93034787191747,228,0.00625,1,1,-7.95446179407786
140570,0,48.6738060480987,228,0.00625,1,1,7.953732498822206
140690,0,48.32169748451183,228,0.04375,1,1,7.950839375749973
140810,9,49.108171798687984,231,0.04375,1,1,-7.972019492954089
140940,9,48.76624925083723,231,0.04375,1,1,-7.978953625641282
141060,0,48.41094156302005,231,0.04375,1,1,7.980958324554865
141180,5,49.153158615178874,234,0.04375,1,1,-7.978398658157425
141310,5,48.742203695743626,234,0.04375,1,1,-7.979121373418982
141430,0,48.22943740566204,234,0.04375,1,1,7.980138023305099
141550,4,49.318137686268315,216,0.04375,1,1,-7.981622276537917
141670,4,49.15075924753904,216,0.01875,1,1,-7.984795081898562
141790,0,48.952804665304065,216,0.01875,1,1,-6.970470857817862
141910,4,49.32378498124646,218,0.01875,1,1,-7.02222080399426
142030,4,49.11447016925699,218,0.01875,1,1,-7.14952534928967
142160,0,48.89569269710034,218,0.01875,1,1,-7.193007545220373
142280,4,49.42323674354499,221,0.01875,1,1,-7.188241847230353
142400,4,49.078843590067095,221,0.01875,1,1,-7.217700085893352
142530,0,48.66487459484949,221,0.01875,1,1,-7.299319981374015
142650,0,48.218777191744906,221,0.01875,1,1,7.464509333949745
142770,0,47.99276940498595,221,0.01875,1,1,7.539980702787063
142910,0,47.75768067178575,221,0.00625,1,1,7.567256343255267
143030,0,47.46608652236074,221,0.00625,1,1,7.930494538293893
143150,4,48.96935658528871,224,0.00625,1,1,-7.932956632027644
143270,0,48.58454384956055,224,0.00625,1,1,7.944852433508868
143400,5,49.01930033029129,226,0.00625,1,1,-7.942773667742573
143520,5,48.76378133022012,226,0.00625,1,1,-7.956877739214282
143640,6,49.137909023594155,229,0.04375,1,1,-7.953321624739981
143770,6,48.74387351092868,229,0.00625,1,1,-7.97191731518573
143890,0,48.38962205305821,229,0.04375,1,1,7.965320188931186
