No,Uid,Jid,offloadtime,commutime,runtime,energy,AoI,state
0,9,4,0.1,0.0007194489768963071,0.1,0.0046346502822424435,0.07,CP
1,8,12,0.2,0.0014388979537926143,0.09,0.009269300564484887,0.09,CP
2,7,20,0.3,0.002158346930688922,0.08,0.013903950846727336,0.11,CP
3,7,16,0.25,0.002158346930688922,0.08,0.013903950846727336,0.28,CP
4,7,12,0.2,0.002158346930688922,0.08,0.013903950846727336,0.46,CP
5,8,8,0.15,0.0014388979537926143,0.09,0.009269300564484887,0.64,CP
6,7,8,0.15,0.002158346930688922,0.08,0.013903950846727336,0.76,CP
7,8,4,0.1,0.0014388979537926143,0.09,0.009269300564484887,0.94,CP
8,7,4,0.1,0.002158346930688922,0.08,0.013903950846727336,1.05,CP
9,9,0,0.05,0.0007194489768963071,0.1,0.0046346502822424435,1.24,CP
10,8,0,0.05,0.0014388979537926143,0.09,0.009269300564484887,1.36,CP
11,7,0,0.05,0.002158346930688922,0.08,0.013903950846727336,1.48,CP
12,9,4,0.1,0.0007194489768963071,0.1,0.0046346502822424435,0.07,CP
13,8,12,0.2,0.0014388979537926143,0.09,0.009269300564484887,0.09,CP
14,7,20,0.3,0.002158346930688922,0.08,0.013903950846727336,0.11,CP
15,7,16,0.25,0.002158346930688922,0.08,0.013903950846727336,0.28,CP
16,7,12,0.2,0.002158346930688922,0.08,0.013903950846727336,0.46,CP
17,8,8,0.15,0.0014388979537926143,0.09,0.009269300564484887,0.64,CP
18,7,8,0.15,0.002158346930688922,0.08,0.013903950846727336,0.76,CP
19,8,4,0.1,0.0014388979537926143,0.09,0.009269300564484887,0.94,CP
20,7,4,0.1,0.002158346930688922,0.08,0.013903950846727336,1.05,CP
21,9,0,0.05,0.0007194489768963071,0.1,0.0046346502822424435,1.24,CP
22,8,0,0.05,0.0014388979537926143,0.09,0.009269300564484887,1.36,CP
23,7,0,0.05,0.002158346930688922,0.08,0.013903950846727336,1.48,CP
24,9,4,0.1,0.0007194489768963071,0.1,0.0046346502822424435,0.07,CP
25,8,12,0.2,0.0014388979537926143,0.09,0.009269300564484887,0.09,CP
26,7,20,0.3,0.002158346930688922,0.08,0.013903950846727336,0.11,CP
27,7,16,0.25,0.002158346930688922,0.08,0.013903950846727336,0.28,CP
28,7,12,0.2,0.002158346930688922,0.08,0.013903950846727336,0.46,CP
29,8,8,0.15,0.0014388979537926143,0.09,0.009269300564484887,0.64,CP
30,7,8,0.15,0.002158346930688922,0.08,0.013903950846727336,0.76,CP
31,8,4,0.1,0.0014388979537926143,0.09,0.009269300564484887,0.94,CP
32,7,4,0.1,0.002158346930688922,0.08,0.013903950846727336,1.05,CP
33,9,0,0.05,0.0007194489768963071,0.1,0.0046346502822424435,1.24,CP
34,8,0,0.05,0.0014388979537926143,0.09,0.009269300564484887,1.36,CP
35,7,0,0.05,0.002158346930688922,0.08,0.013903950846727336,1.48,CP
36,9,4,0.1,0.0007194489768963071,0.1,0.0046346502822424435,0.07,CP
37,8,12,0.2,0.0014388979537926143,0.09,0.009269300564484887,0.09,CP
38,7,20,0.3,0.002158346930688922,0.08,0.013903950846727336,0.11,CP
39,7,16,0.25,0.002158346930688922,0.08,0.013903950846727336,0.28,CP
40,7,12,0.2,0.002158346930688922,0.08,0.013903950846727336,0.46,CP
41,8,8,0.15,0.0014388979537926143,0.09,0.009269300564484887,0.64,CP
42,7,8,0.15,0.002158346930688922,0.08,0.013903950846727336,0.76,CP
43,8,4,0.1,0.0014388979537926143,0.09,0.009269300564484887,0.94,CP
44,7,4,0.1,0.002158346930688922,0.08,0.013903950846727336,1.05,CP
45,9,0,0.05,0.0007194489768963071,0.1,0.0046346502822424435,1.24,CP
46,8,0,0.05,0.0014388979537926143,0.09,0.009269300564484887,1.36,CP
47,7,0,0.05,0.002158346930688922,0.08,0.013903950846727336,1.48,CP
48,9,4,0.1,0.0007194489768963071,0.1,0.0046346502822424435,0.07,CP
49,8,12,0.2,0.0014388979537926143,0.09,0.009269300564484887,0.09,CP
50,7,20,0.3,0.002158346930688922,0.08,0.013903950846727336,0.11,CP
51,7,16,0.25,0.002158346930688922,0.08,0.013903950846727336,0.28,CP
52,7,12,0.2,0.002158346930688922,0.08,0.013903950846727336,0.46,CP
53,8,8,0.15,0.0014388979537926143,0.09,0.009269300564484887,0.64,CP
54,7,8,0.15,0.002158346930688922,0.08,0.013903950846727336,0.76,CP
55,8,4,0.1,0.0014388979537926143,0.09,0.009269300564484887,0.94,CP
56,7,4,0.1,0.002158346930688922,0.08,0.013903950846727336,1.05,CP
57,9,0,0.05,0.0007194489768963071,0.1,0.0046346502822424435,1.24,CP
58,8,0,0.05,0.0014388979537926143,0.09,0.009269300564484887,1.36,CP
59,7,0,0.05,0.002158346930688922,0.08,0.013903950846727336,1.48,CP
60,9,4,0.1,0.0007194489768963071,0.1,0.0046346502822424435,0.07,CP
61,8,12,0.2,0.0014388979537926143,0.09,0.009269300564484887,0.09,CP
62,7,20,0.3,0.002158346930688922,0.08,0.013903950846727336,0.11,CP
63,7,16,0.25,0.002158346930688922,0.08,0.013903950846727336,0.28,CP
64,7,12,0.2,0.002158346930688922,0.08,0.013903950846727336,0.46,CP
65,8,8,0.15,0.0014388979537926143,0.09,0.009269300564484887,0.64,CP
66,7,8,0.15,0.002158346930688922,0.08,0.013903950846727336,0.76,CP
67,8,4,0.1,0.0014388979537926143,0.09,0.009269300564484887,0.94,CP
68,7,4,0.1,0.002158346930688922,0.08,0.013903950846727336,1.05,CP
69,9,0,0.05,0.0007194489768963071,0.1,0.0046346502822424435,1.24,CP
70,8,0,0.05,0.0014388979537926143,0.09,0.009269300564484887,1.36,CP
71,7,0,0.05,0.002158346930688922,0.08,0.013903950846727336,1.48,CP
72,9,4,0.1,0.0007194489768963071,0.1,0.0046346502822424435,0.07,CP
73,8,12,0.2,0.0014388979537926143,0.09,0.009269300564484887,0.09,CP
74,7,20,0.3,0.002158346930688922,0.08,0.013903950846727336,0.11,CP
75,7,16,0.25,0.002158346930688922,0.08,0.013903950846727336,0.28,CP
76,7,12,0.2,0.002158346930688922,0.08,0.013903950846727336,0.46,CP
77,8,8,0.15,0.0014388979537926143,0.09,0.009269300564484887,0.64,CP
78,7,8,0.15,0.002158346930688922,0.08,0.013903950846727336,0.76,CP
79,8,4,0.1,0.0014388979537926143,0.09,0.009269300564484887,0.94,CP
80,7,4,0.1,0.002158346930688922,0.08,0.013903950846727336,1.05,CP
81,9,0,0.05,0.0007194489768963071,0.1,0.0046346502822424435,1.24,CP
82,8,0,0.05,0.0014388979537926143,0.09,0.009269300564484887,1.36,CP
83,7,0,0.05,0.002158346930688922,0.08,0.013903950846727336,1.48,CP
84,9,4,0.1,0.0007194489768963071,0.1,0.0046346502822424435,0.07,CP
85,8,12,0.2,0.0014388979537926143,0.09,0.009269300564484887,0.09,CP
86,7,20,0.3,0.002158346930688922,0.08,0.013903950846727336,0.11,CP
87,7,16,0.25,0.002158346930688922,0.08,0.013903950846727336,0.28,CP
88,7,12,0.2,0.002158346930688922,0.08,0.013903950846727336,0.46,CP
89,8,8,0.15,0.0014388979537926143,0.09,0.009269300564484887,0.64,CP
90,7,8,0.15,0.002158346930688922,0.08,0.013903950846727336,0.76,CP
91,8,4,0.1,0.0014388979537926143,0.09,0.009269300564484887,0.94,CP
92,7,4,0.1,0.002158346930688922,0.08,0.013903950846727336,1.05,CP
93,9,0,0.05,0.0007194489768963071,0.1,0.0046346502822424435,1.24,CP
94,8,0,0.05,0.0014388979537926143,0.09,0.009269300564484887,1.36,CP
95,7,0,0.05,0.002158346930688922,0.08,0.013903950846727336,1.48,CP
96,9,4,0.1,0.0007194489768963071,0.1,0.0046346502822424435,0.07,CP
97,8,12,0.2,0.0014388979537926143,0.09,0.009269300564484887,0.09,CP
98,7,20,0.3,0.002158346930688922,0.08,0.013903950846727336,0.11,CP
99,7,16,0.25,0.002158346930688922,0.08,0.013903950846727336,0.28,CP
100,7,12,0.2,0.002158346930688922,0.08,0.013903950846727336,0.46,CP
101,8,8,0.15,0.0014388979537926143,0.09,0.009269300564484887,0.64,CP
102,7,8,0.15,0.002158346930688922,0.08,0.013903950846727336,0.76,CP
103,8,4,0.1,0.0014388979537926143,0.09,0.009269300564484887,0.94,CP
104,7,4,0.1,0.002158346930688922,0.08,0.013903950846727336,1.05,CP
105,9,0,0.05,0.0007194489768963071,0.1,0.0046346502822424435,1.24,CP
106,8,0,0.05,0.0014388979537926143,0.09,0.009269300564484887,1.36,CP
107,7,0,0.05,0.002158346930688922,0.08,0.013903950846727336,1.48,CP
108,9,4,0.1,0.0007194489768963071,0.1,0.0046346502822424435,0.07,CP
109,8,12,0.2,0.0014388979537926143,0.09,0.009269300564484887,0.09,CP
110,7,20,0.3,0.002158346930688922,0.08,0.013903950846727336,0.11,CP
111,7,16,0.25,0.002158346930688922,0.08,0.013903950846727336,0.28,CP
112,7,12,0.2,0.002158346930688922,0.08,0.013903950846727336,0.46,CP
113,8,8,0.15,0.0014388979537926143,0.09,0.009269300564484887,0.64,CP
114,7,8,0.15,0.002158346930688922,0.08,0.013903950846727336,0.76,CP
115,8,4,0.1,0.0014388979537926143,0.09,0.009269300564484887,0.94,CP
116,7,4,0.1,0.002158346930688922,0.08,0.013903950846727336,1.05,CP
117,9,0,0.05,0.0007194489768963071,0.1,0.0046346502822424435,1.24,CP
118,8,0,0.05,0.0014388979537926143,0.09,0.009269300564484887,1.36,CP
119,7,0,0.05,0.002158346930688922,0.08,0.013903950846727336,1.48,CP
120,9,4,0.1,0.0007194489768963071,0.1,0.0046346502822424435,0.07,CP
121,8,12,0.2,0.0014388979537926143,0.09,0.009269300564484887,0.09,CP
122,7,20,0.3,0.002158346930688922,0.08,0.013903950846727336,0.11,CP
123,7,16,0.25,0.002158346930688922,0.08,0.013903950846727336,0.28,CP
124,7,12,0.2,0.002158346930688922,0.08,0.013903950846727336,0.46,CP
125,8,8,0.15,0.0014388979537926143,0.09,0.009269300564484887,0.64,CP
126,7,8,0.15,0.002158346930688922,0.08,0.013903950846727336,0.76,CP
127,8,4,0.1,0.0014388979537926143,0.09,0.009269300564484887,0.94,CP
128,7,4,0.1,0.002158346930688922,0.08,0.013903950846727336,1.05,CP
129,9,0,0.05,0.0007194489768963071,0.1,0.0046346502822424435,1.24,CP
130,8,0,0.05,0.0014388979537926143,0.09,0.009269300564484887,1.36,CP
131,7,0,0.05,0.002158346930688922,0.08,0.013903950846727336,1.48,CP
132,9,4,0.1,0.0007194489768963071,0.1,0.0046346502822424435,0.07,CP
133,8,12,0.2,0.0014388979537926143,0.09,0.009269300564484887,0.09,CP
134,7,20,0.3,0.002158346930688922,0.08,0.013903950846727336,0.11,CP
135,7,16,0.25,0.002158346930688922,0.08,0.013903950846727336,0.28,CP
136,7,12,0.2,0.002158346930688922,0.08,0.013903950846727336,0.46,CP
137,8,8,0.15,0.0014388979537926143,0.09,0.009269300564484887,0.64,CP
138,7,8,0.15,0.002158346930688922,0.08,0.013903950846727336,0.76,CP
139,8,4,0.1,0.0014388979537926143,0.09,0.009269300564484887,0.94,CP
140,7,4,0.1,0.002158346930688922,0.08,0.013903950846727336,1.05,CP
141,9,0,0.05,0.0007194489768963071,0.1,0.0046346502822424435,1.24,CP
142,8,0,0.05,0.0014388979537926143,0.09,0.009269300564484887,1.36,CP
143,7,0,0.05,0.002158346930688922,0.08,0.013903950846727336,1.48,CP
144,9,4,0.1,0.0007194489768963071,0.1,0.0046346502822424435,0.07,CP
145,8,12,0.2,0.0014388979537926143,0.09,0.009269300564484887,0.09,CP
146,7,20,0.3,0.002158346930688922,0.08,0.013903950846727336,0.11,CP
147,7,16,0.25,0.002158346930688922,0.08,0.013903950846727336,0.28,CP
148,7,12,0.2,0.002158346930688922,0.08,0.013903950846727336,0.46,CP
149,8,8,0.15,0.0014388979537926143,0.09,0.009269300564484887,0.64,CP
150,7,8,0.15,0.002158346930688922,0.08,0.013903950846727336,0.76,CP
151,8,4,0.1,0.0014388979537926143,0.09,0.009269300564484887,0.94,CP
152,7,4,0.1,0.002158346930688922,0.08,0.013903950846727336,1.05,CP
153,9,0,0.05,0.0007194489768963071,0.1,0.0046346502822424435,1.24,CP
154,8,0,0.05,0.0014388979537926143,0.09,0.009269300564484887,1.36,CP
155,7,0,0.05,0.002158346930688922,0.08,0.013903950846727336,1.48,CP
156,9,4,0.1,0.0007194489768963071,0.1,0.0046346502822424435,0.07,CP
157,8,12,0.2,0.0014388979537926143,0.09,0.009269300564484887,0.09,CP
158,7,20,0.3,0.002158346930688922,0.08,0.013903950846727336,0.11,CP
159,7,16,0.25,0.002158346930688922,0.08,0.013903950846727336,0.28,CP
160,7,12,0.2,0.002158346930688922,0.08,0.013903950846727336,0.46,CP
161,8,8,0.15,0.0014388979537926143,0.09,0.009269300564484887,0.64,CP
162,7,8,0.15,0.002158346930688922,0.08,0.013903950846727336,0.76,CP
163,8,4,0.1,0.0014388979537926143,0.09,0.009269300564484887,0.94,CP
164,7,4,0.1,0.002158346930688922,0.08,0.013903950846727336,1.05,CP
165,9,0,0.05,0.0007194489768963071,0.1,0.0046346502822424435,1.24,CP
166,8,0,0.05,0.0014388979537926143,0.09,0.009269300564484887,1.36,CP
167,7,0,0.05,0.002158346930688922,0.08,0.013903950846727336,1.48,CP
168,9,4,0.1,0.0007194489768963071,0.1,0.0046346502822424435,0.07,CP
169,8,12,0.2,0.0014388979537926143,0.09,0.009269300564484887,0.09,CP
170,7,20,0.3,0.002158346930688922,0.08,0.013903950846727336,0.11,CP
171,7,16,0.25,0.002158346930688922,0.08,0.013903950846727336,0.28,CP
172,7,12,0.2,0.002158346930688922,0.08,0.013903950846727336,0.46,CP
173,8,8,0.15,0.0014388979537926143,0.09,0.009269300564484887,0.64,CP
174,7,8,0.15,0.002158346930688922,0.08,0.013903950846727336,0.76,CP
175,8,4,0.1,0.0014388979537926143,0.09,0.009269300564484887,0.94,CP
176,7,4,0.1,0.002158346930688922,0.08,0.013903950846727336,1.05,CP
177,9,0,0.05,0.0007194489768963071,0.1,0.0046346502822424435,1.24,CP
178,8,0,0.05,0.0014388979537926143,0.09,0.009269300564484887,1.36,CP
179,7,0,0.05,0.002158346930688922,0.08,0.013903950846727336,1.48,CP
180,9,4,0.1,0.0007194489768963071,0.1,0.0046346502822424435,0.07,CP
181,8,12,0.2,0.0014388979537926143,0.09,0.009269300564484887,0.09,CP
182,7,20,0.3,0.002158346930688922,0.08,0.013903950846727336,0.11,CP
183,7,16,0.25,0.002158346930688922,0.08,0.013903950846727336,0.28,CP
184,7,12,0.2,0.002158346930688922,0.08,0.013903950846727336,0.46,CP
185,8,8,0.15,0.0014388979537926143,0.09,0.009269300564484887,0.64,CP
186,7,8,0.15,0.002158346930688922,0.08,0.013903950846727336,0.76,CP
187,8,4,0.1,0.0014388979537926143,0.09,0.009269300564484887,0.94,CP
188,7,4,0.1,0.002158346930688922,0.08,0.013903950846727336,1.05,CP
189,9,0,0.05,0.0007194489768963071,0.1,0.0046346502822424435,1.24,CP
190,8,0,0.05,0.0014388979537926143,0.09,0.009269300564484887,1.36,CP
191,7,0,0.05,0.002158346930688922,0.08,0.013903950846727336,1.48,CP
192,9,4,0.1,0.0007194489768963071,0.1,0.0046346502822424435,0.07,CP
193,8,12,0.2,0.0014388979537926143,0.09,0.009269300564484887,0.09,CP
194,7,20,0.3,0.002158346930688922,0.08,0.013903950846727336,0.11,CP
195,7,16,0.25,0.002158346930688922,0.08,0.013903950846727336,0.28,CP
196,7,12,0.2,0.002158346930688922,0.08,0.013903950846727336,0.46,CP
197,8,8,0.15,0.0014388979537926143,0.09,0.009269300564484887,0.64,CP
198,7,8,0.15,0.002158346930688922,0.08,0.013903950846727336,0.76,CP
199,8,4,0.1,0.0014388979537926143,0.09,0.009269300564484887,0.94,CP
200,7,4,0.1,0.002158346930688922,0.08,0.013903950846727336,1.05,CP
201,9,0,0.05,0.0007194489768963071,0.1,0.0046346502822424435,1.24,CP
202,8,0,0.05,0.0014388979537926143,0.09,0.009269300564484887,1.36,CP
203,7,0,0.05,0.002158346930688922,0.08,0.013903950846727336,1.48,CP
204,9,4,0.1,0.0007194489768963071,0.1,0.0046346502822424435,0.07,CP
205,8,12,0.2,0.0014388979537926143,0.09,0.009269300564484887,0.09,CP
206,7,20,0.3,0.002158346930688922,0.08,0.013903950846727336,0.11,CP
207,7,16,0.25,0.002158346930688922,0.08,0.013903950846727336,0.28,CP
208,7,12,0.2,0.002158346930688922,0.08,0.013903950846727336,0.46,CP
209,8,8,0.15,0.0014388979537926143,0.09,0.009269300564484887,0.64,CP
210,7,8,0.15,0.002158346930688922,0.08,0.013903950846727336,0.76,CP
211,8,4,0.1,0.0014388979537926143,0.09,0.009269300564484887,0.94,CP
212,7,4,0.1,0.002158346930688922,0.08,0.013903950846727336,1.05,CP
213,9,0,0.05,0.0007194489768963071,0.1,0.0046346502822424435,1.24,CP
214,8,0,0.05,0.0014388979537926143,0.09,0.009269300564484887,1.36,CP
215,7,0,0.05,0.002158346930688922,0.08,0.013903950846727336,1.48,CP
216,9,4,0.1,0.0007194489768963071,0.1,0.0046346502822424435,0.07,CP
217,8,12,0.2,0.0014388979537926143,0.09,0.009269300564484887,0.09,CP
218,7,20,0.3,0.002158346930688922,0.08,0.013903950846727336,0.11,CP
219,7,16,0.25,0.002158346930688922,0.08,0.013903950846727336,0.28,CP
220,7,12,0.2,0.002158346930688922,0.08,0.013903950846727336,0.46,CP
221,8,8,0.15,0.0014388979537926143,0.09,0.009269300564484887,0.64,CP
222,7,8,0.15,0.002158346930688922,0.08,0.013903950846727336,0.76,CP
223,8,4,0.1,0.0014388979537926143,0.09,0.009269300564484887,0.94,CP
224,7,4,0.1,0.002158346930688922,0.08,0.013903950846727336,1.05,CP
225,9,0,0.05,0.0007194489768963071,0.1,0.0046346502822424435,1.24,CP
226,8,0,0.05,0.0014388979537926143,0.09,0.009269300564484887,1.36,CP
227,7,0,0.05,0.002158346930688922,0.08,0.013903950846727336,1.48,CP
228,9,4,0.1,0.0007194489768963071,0.1,0.0046346502822424435,0.07,CP
229,8,12,0.2,0.0014388979537926143,0.09,0.009269300564484887,0.09,CP
230,7,20,0.3,0.002158346930688922,0.08,0.013903950846727336,0.11,CP
231,7,16,0.25,0.002158346930688922,0.08,0.013903950846727336,0.28,CP
232,7,12,0.2,0.002158346930688922,0.08,0.013903950846727336,0.46,CP
233,8,8,0.15,0.0014388979537926143,0.09,0.009269300564484887,0.64,CP
234,7,8,0.15,0.002158346930688922,0.08,0.013903950846727336,0.76,CP
235,8,4,0.1,0.0014388979537926143,0.09,0.009269300564484887,0.94,CP
236,7,4,0.1,0.002158346930688922,0.08,0.013903950846727336,1.05,CP
237,9,0,0.05,0.0007194489768963071,0.1,0.0046346502822424435,1.24,CP
238,8,0,0.05,0.0014388979537926143,0.09,0.009269300564484887,1.36,CP
239,7,0,0.05,0.002158346930688922,0.08,0.013903950846727336,1.48,CP
240,9,4,0.1,0.0007194489768963071,0.1,0.0046346502822424435,0.07,CP
241,8,12,0.2,0.0014388979537926143,0.09,0.009269300564484887,0.09,CP
242,7,20,0.3,0.002158346930688922,0.08,0.013903950846727336,0.11,CP
243,7,16,0.25,0.002158346930688922,0.08,0.013903950846727336,0.28,CP
244,7,12,0.2,0.002158346930688922,0.08,0.013903950846727336,0.46,CP
245,8,8,0.15,0.0014388979537926143,0.09,0.009269300564484887,0.64,CP
246,7,8,0.15,0.002158346930688922,0.08,0.013903950846727336,0.76,CP
247,8,4,0.1,0.0014388979537926143,0.09,0.009269300564484887,0.94,CP
248,7,4,0.1,0.002158346930688922,0.08,0.013903950846727336,1.05,CP
249,9,0,0.05,0.0007194489768963071,0.1,0.0046346502822424435,1.24,CP
250,8,0,0.05,0.0014388979537926143,0.09,0.009269300564484887,1.36,CP
251,7,0,0.05,0.002158346930688922,0.08,0.013903950846727336,1.48,CP
252,9,4,0.1,0.0007194489768963071,0.1,0.0046346502822424435,0.07,CP
253,8,12,0.2,0.0014388979537926143,0.09,0.009269300564484887,0.09,CP
254,7,20,0.3,0.002158346930688922,0.08,0.013903950846727336,0.11,CP
255,7,16,0.25,0.002158346930688922,0.08,0.013903950846727336,0.28,CP
256,7,12,0.2,0.002158346930688922,0.08,0.013903950846727336,0.46,CP
257,8,8,0.15,0.0014388979537926143,0.09,0.009269300564484887,0.64,CP
258,7,8,0.15,0.002158346930688922,0.08,0.013903950846727336,0.76,CP
259,8,4,0.1,0.0014388979537926143,0.09,0.009269300564484887,0.94,CP
260,7,4,0.1,0.002158346930688922,0.08,0.013903950846727336,1.05,CP
261,9,0,0.05,0.0007194489768963071,0.1,0.0046346502822424435,1.24,CP
262,8,0,0.05,0.0014388979537926143,0.09,0.009269300564484887,1.36,CP
263,7,0,0.05,0.002158346930688922,0.08,0.013903950846727336,1.48,CP
264,9,4,0.1,0.0007194489768963071,0.1,0.0046346502822424435,0.07,CP
265,8,12,0.2,0.0014388979537926143,0.09,0.009269300564484887,0.09,CP
266,7,20,0.3,0.002158346930688922,0.08,0.013903950846727336,0.11,CP
267,7,16,0.25,0.002158346930688922,0.08,0.013903950846727336,0.28,CP
268,7,12,0.2,0.002158346930688922,0.08,0.013903950846727336,0.46,CP
269,8,8,0.15,0.0014388979537926143,0.09,0.009269300564484887,0.64,CP
270,7,8,0.15,0.002158346930688922,0.08,0.013903950846727336,0.76,CP
271,8,4,0.1,0.0014388979537926143,0.09,0.009269300564484887,0.94,CP
272,7,4,0.1,0.002158346930688922,0.08,0.013903950846727336,1.05,CP
273,9,0,0.05,0.0007194489768963071,0.1,0.0046346502822424435,1.24,CP
274,8,0,0.05,0.0014388979537926143,0.09,0.009269300564484887,1.36,CP
275,7,0,0.05,0.002158346930688922,0.08,0.013903950846727336,1.48,CP
276,9,4,0.1,0.0007194489768963071,0.1,0.0046346502822424435,0.07,CP
277,8,12,0.2,0.0014388979537926143,0.09,0.009269300564484887,0.09,CP
278,7,20,0.3,0.002158346930688922,0.08,0.013903950846727336,0.11,CP
279,7,16,0.25,0.002158346930688922,0.08,0.013903950846727336,0.28,CP
280,7,12,0.2,0.002158346930688922,0.08,0.013903950846727336,0.46,CP
281,8,8,0.15,0.0014388979537926143,0.09,0.009269300564484887,0.64,CP
282,7,8,0.15,0.002158346930688922,0.08,0.013903950846727336,0.76,CP
283,8,4,0.1,0.0014388979537926143,0.09,0.009269300564484887,0.94,CP
284,7,4,0.1,0.002158346930688922,0.08,0.013903950846727336,1.05,CP
285,9,0,0.05,0.0007194489768963071,0.1,0.0046346502822424435,1.24,CP
286,8,0,0.05,0.0014388979537926143,0.09,0.009269300564484887,1.36,CP
287,7,0,0.05,0.002158346930688922,0.08,0.013903950846727336,1.48,CP
288,9,4,0.1,0.0007194489768963071,0.1,0.0046346502822424435,0.07,CP
289,8,12,0.2,0.0014388979537926143,0.09,0.009269300564484887,0.09,CP
290,7,20,0.3,0.002158346930688922,0.08,0.013903950846727336,0.11,CP
291,7,16,0.25,0.002158346930688922,0.08,0.013903950846727336,0.28,CP
292,7,12,0.2,0.002158346930688922,0.08,0.013903950846727336,0.46,CP
293,8,8,0.15,0.0014388979537926143,0.09,0.009269300564484887,0.64,CP
294,7,8,0.15,0.002158346930688922,0.08,0.013903950846727336,0.76,CP
295,8,4,0.1,0.0014388979537926143,0.09,0.009269300564484887,0.94,CP
296,7,4,0.1,0.002158346930688922,0.08,0.013903950846727336,1.05,CP
297,9,0,0.05,0.0007194489768963071,0.1,0.0046346502822424435,1.24,CP
298,8,0,0.05,0.0014388979537926143,0.09,0.009269300564484887,1.36,CP
299,7,0,0.05,0.002158346930688922,0.08,0.013903950846727336,1.48,CP
300,9,4,0.1,0.0007194489768963071,0.1,0.0046346502822424435,0.07,CP
301,8,12,0.2,0.0014388979537926143,0.09,0.009269300564484887,0.09,CP
302,7,20,0.3,0.002158346930688922,0.08,0.013903950846727336,0.11,CP
303,7,16,0.25,0.002158346930688922,0.08,0.013903950846727336,0.28,CP
304,7,12,0.2,0.002158346930688922,0.08,0.013903950846727336,0.46,CP
305,8,8,0.15,0.0014388979537926143,0.09,0.009269300564484887,0.64,CP
306,7,8,0.15,0.002158346930688922,0.08,0.013903950846727336,0.76,CP
307,8,4,0.1,0.0014388979537926143,0.09,0.009269300564484887,0.94,CP
308,7,4,0.1,0.002158346930688922,0.08,0.013903950846727336,1.05,CP
309,9,0,0.05,0.0007194489768963071,0.1,0.0046346502822424435,1.24,CP
310,8,0,0.05,0.0014388979537926143,0.09,0.009269300564484887,1.36,CP
311,7,0,0.05,0.002158346930688922,0.08,0.013903950846727336,1.48,CP
312,9,4,0.1,0.0007194489768963071,0.1,0.0046346502822424435,0.07,CP
313,8,12,0.2,0.0014388979537926143,0.09,0.009269300564484887,0.09,CP
314,7,20,0.3,0.002158346930688922,0.08,0.013903950846727336,0.11,CP
315,7,16,0.25,0.002158346930688922,0.08,0.013903950846727336,0.28,CP
316,7,12,0.2,0.002158346930688922,0.08,0.013903950846727336,0.46,CP
317,8,8,0.15,0.0014388979537926143,0.09,0.009269300564484887,0.64,CP
318,7,8,0.15,0.002158346930688922,0.08,0.013903950846727336,0.76,CP
319,8,4,0.1,0.0014388979537926143,0.09,0.009269300564484887,0.94,CP
320,7,4,0.1,0.002158346930688922,0.08,0.013903950846727336,1.05,CP
321,9,0,0.05,0.0007194489768963071,0.1,0.0046346502822424435,1.24,CP
322,8,0,0.05,0.0014388979537926143,0.09,0.009269300564484887,1.36,CP
323,7,0,0.05,0.002158346930688922,0.08,0.013903950846727336,1.48,CP
